85 20
40
0.11307 -0.43488 2.42109 1
0.541686 0.713772 19368 0
0.113356 -0.392161 2.47745 1
0.540841 0.688388 19816 0
0.129432 -0.0865653 2.53629 1
0.545551 0.54062 20288 0
0.131785 0.101135 2.53087 1
0.546478 0.452442 20240 0
-0.0183149 -0.18262 2.50732 1
0.49348 0.586682 20056 0
-0.040653 -0.392327 2.41971 1
0.485004 0.692965 19352 0
-0.020623 -0.580669 2.2108 1
0.491674 0.812588 17680 0
-0.0257652 -0.648838 2.17509 1
0.489427 0.85502 17400 0
0.304903 -0.196215 2.52343 1
0.607851 0.592541 20184 0
0.326045 -0.420702 2.41215 1
0.62065 0.707569 19296 0
0.335721 -0.606075 2.2005 1
0.636179 0.827792 17600 0
0.36462 -0.678645 2.0781 1
0.656613 0.888659 16624 0
0.0225752 -0.493586 2.39945 1
0.508398 0.744818 19192 0
0.0381453 -0.618483 2.12433 1
0.516028 0.846496 16992 0
-0.124058 -0.80269 2.20757 1
0.449839 0.932738 17656 0
-0.0602436 -0.808641 2.12807 1
0.474732 0.952233 17024 0
0.196274 -0.513001 2.39299 1
0.573211 0.755135 19136 0
0.370524 -0.581243 2.14454 1
0.654218 0.822564 17152 0
0.324571 -0.817009 2.1239 1
0.636404 0.957809 16984 0
0.364902 -0.823773 2.05472 1
0.658518 0.977143 16432 0
40
0.113133 -0.434129 2.42137 1
0.541704 0.713378 19368 0
0.113447 -0.391468 2.47764 1
0.54087 0.688041 19816 0
0.129714 -0.0866032 2.53635 1
0.545649 0.540637 20288 0
0.131943 0.100998 2.53086 1
0.546534 0.452506 20240 0
-0.0183439 -0.182648 2.50733 1
0.49347 0.586695 20056 0
-0.0406705 -0.392212 2.41985 1
0.484998 0.692897 19352 0
-0.020732 -0.580403 2.21097 1
0.49163 0.81242 17680 0
-0.0257429 -0.648569 2.17539 1
0.489437 0.854822 17400 0
0.304904 -0.196224 2.52355 1
0.607846 0.592541 20184 0
0.32588 -0.421316 2.41215 1
0.620589 0.707872 19296 0
0.335668 -0.606296 2.20041 1
0.636163 0.827923 17600 0
0.364621 -0.678596 2.07805 1
0.656618 0.888641 16624 0
0.0227871 -0.492836 2.39965 1
0.508476 0.744426 19192 0
0.0376245 -0.618177 2.12527 1
0.515802 0.846172 17000 0
-0.12406 -0.802692 2.20754 1
0.449838 0.932746 17656 0
-0.0604066 -0.808487 2.1279 1
0.474661 0.952182 17016 0
0.196085 -0.512261 2.39329 1
0.573131 0.754735 19144 0
0.370011 -0.581132 2.14517 1
0.65396 0.822407 17160 0
0.326792 -0.817337 2.11991 1
0.637597 0.958855 16952 0
0.365559 -0.824678 2.05339 1
0.658906 0.977975 16424 0
40
0.11318 -0.433561 2.42159 1
0.541718 0.71308 19368 0
0.113518 -0.390928 2.47778 1
0.540893 0.68777 19816 0
0.129977 -0.0866374 2.53641 1
0.54574 0.540652 20288 0
0.132098 0.100862 2.53087 1
0.546589 0.45257 20240 0
-0.0183648 -0.182671 2.50735 1
0.493462 0.586706 20056 0
-0.0406876 -0.392062 2.42 1
0.484993 0.692811 19360 0
-0.0208882 -0.58006 2.21113 1
0.491568 0.812213 17688 0
-0.025688 -0.648277 2.17576 1
0.489462 0.854603 17400 0
0.304906 -0.196236 2.52366 1
0.607842 0.592543 20184 0
0.325921 -0.420567 2.41308 1
0.620558 0.707423 19304 0
0.335645 -0.605478 2.20135 1
0.636096 0.827342 17608 0
0.364624 -0.678566 2.07799 1
0.656623 0.888634 16616 0
0.0229476 -0.492264 2.39979 1
0.508535 0.744128 19192 0
0.0372719 -0.617956 2.12596 1
0.515649 0.845936 17000 0
-0.124062 -0.802695 2.2075 1
0.449836 0.932755 17656 0
-0.0605087 -0.808393 2.12779 1
0.474617 0.952154 17016 0
0.195938 -0.511694 2.39353 1
0.573069 0.754428 19144 0
0.369639 -0.581045 2.14565 1
0.65377 0.822288 17160 0
0.328763 -0.817914 2.11683 1
0.638628 0.959849 16928 0
0.366169 -0.825371 2.05198 1
0.659281 0.978706 16408 0
40
0.113214 -0.433123 2.42175 1
0.541728 0.712851 19368 0
0.113573 -0.390504 2.4779 1
0.540912 0.687557 19816 0
0.130213 -0.0866694 2.53646 1
0.545823 0.540666 20288 0
0.132242 0.100716 2.53088 1
0.546639 0.452639 20240 0
-0.0183817 -0.182693 2.50737 1
0.493456 0.586716 20056 0
-0.0406936 -0.392001 2.4201 1
0.484991 0.692773 19360 0
-0.020986 -0.579877 2.21122 1
0.491529 0.812102 17688 0
-0.025645 -0.648123 2.17599 1
0.48948 0.854481 17400 0
0.304911 -0.196251 2.52377 1
0.607839 0.592546 20184 0
0.325914 -0.419722 2.4141 1
0.620504 0.706918 19312 0
0.3356 -0.604615 2.20238 1
0.636014 0.826723 17616 0
0.364625 -0.678543 2.07794 1
0.656627 0.88863 16616 0
0.023069 -0.491825 2.3999 1
0.50858 0.743899 19192 0
0.037131 -0.617829 2.12647 1
0.515586 0.845781 17008 0
-0.124067 -0.802705 2.20746 1
0.449833 0.932768 17656 0
-0.0605661 -0.808356 2.12771 1
0.474592 0.95215 17016 0
0.195823 -0.511257 2.3937 1
0.573021 0.754192 19144 0
0.369364 -0.580981 2.146 1
0.653631 0.822199 17168 0
0.330026 -0.818381 2.11506 1
0.639277 0.960496 16920 0
0.36651 -0.825808 2.05117 1
0.659492 0.979148 16408 0
40
0.113241 -0.432788 2.42187 1
0.541735 0.712675 19368 0
0.113616 -0.390172 2.47799 1
0.540926 0.687391 19816 0
0.130425 -0.086699 2.53651 1
0.545896 0.540679 20288 0
0.13238 0.100589 2.5309 1
0.546688 0.452699 20240 0
-0.0183944 -0.182712 2.50738 1
0.493452 0.586724 20056 0
-0.0406979 -0.391948 2.42019 1
0.48499 0.69274 19360 0
-0.0210467 -0.579741 2.2113 1
0.491504 0.812017 17688 0
-0.0256223 -0.647996 2.17614 1
0.48949 0.854387 17408 0
0.30492 -0.196267 2.52388 1
0.607838 0.592549 20184 0
0.32592 -0.418831 2.41517 1
0.620453 0.706388 19320 0
0.335561 -0.603734 2.20343 1
0.635933 0.826091 17624 0
0.364628 -0.678526 2.07789 1
0.656632 0.88863 16616 0
0.0231624 -0.491487 2.39998 1
0.508614 0.743723 19192 0
0.0373857 -0.617741 2.12681 1
0.51569 0.845676 17008 0
-0.124074 -0.802715 2.20742 1
0.449829 0.932782 17656 0
-0.0606112 -0.80833 2.12765 1
0.474572 0.952149 17016 0
0.195732 -0.51092 2.39384 1
0.572983 0.75401 19144 0
0.369164 -0.58093 2.14627 1
0.653528 0.822131 17168 0
0.330745 -0.818693 2.11415 1
0.63964 0.960869 16912 0
0.366668 -0.826103 2.05081 1
0.659588 0.979404 16400 0
40
0.11326 -0.432531 2.42196 1
0.541741 0.712541 19368 0
0.113649 -0.389912 2.47806 1
0.540936 0.687261 19824 0
0.130611 -0.0867282 2.53656 1
0.545961 0.540692 20288 0
0.132502 0.100474 2.53093 1
0.54673 0.452754 20240 0
-0.0184061 -0.182729 2.5074 1
0.493448 0.586731 20056 0
-0.0407026 -0.391885 2.42028 1
0.484989 0.692701 19360 0
-0.0211106 -0.579594 2.21139 1
0.491479 0.811926 17688 0
-0.0255953 -0.647868 2.17629 1
0.489502 0.854292 17408 0
0.304933 -0.196282 2.52399 1
0.607838 0.592552 20184 0
0.325914 -0.41846 2.41565 1
0.620427 0.706164 19320 0
0.335541 -0.603351 2.20391 1
0.635896 0.825813 17624 0
0.36463 -0.678511 2.07784 1
0.656637 0.888631 16616 0
0.0232329 -0.491228 2.40004 1
0.508641 0.743589 19200 0
0.0377903 -0.617727 2.12703 1
0.515858 0.845634 17016 0
-0.124085 -0.802728 2.20737 1
0.449824 0.932798 17656 0
-0.0606271 -0.808342 2.12761 1
0.474565 0.952163 17016 0
0.195664 -0.510661 2.39394 1
0.572954 0.75387 19144 0
0.369017 -0.580892 2.14647 1
0.653453 0.822079 17168 0
0.331217 -0.81909 2.11375 1
0.639866 0.961179 16904 0
0.366717 -0.826347 2.05058 1
0.659628 0.979599 16400 0
40
0.113275 -0.432335 2.42203 1
0.541745 0.712438 19376 0
0.113675 -0.389708 2.47812 1
0.540945 0.687159 19824 0
0.130773 -0.0867531 2.5366 1
0.546017 0.540703 20288 0
0.1326 0.10039 2.53094 1
0.546764 0.452794 20240 0
-0.0184154 -0.182744 2.50742 1
0.493444 0.586738 20056 0
-0.0407066 -0.391829 2.42036 1
0.484988 0.692668 19360 0
-0.0211637 -0.579476 2.21146 1
0.491458 0.811853 17688 0
-0.0255763 -0.647766 2.17641 1
0.489511 0.854218 17408 0
0.304947 -0.196297 2.52409 1
0.607838 0.592555 20192 0
0.325913 -0.418254 2.41593 1
0.620412 0.706038 19320 0
0.335532 -0.603127 2.20418 1
0.635875 0.825652 17632 0
0.364635 -0.678498 2.07779 1
0.656643 0.888633 16616 0
0.0232868 -0.49103 2.40008 1
0.50866 0.743486 19200 0
0.0382637 -0.617756 2.12714 1
0.516056 0.845631 17016 0
-0.124096 -0.80274 2.20733 1
0.449818 0.932814 17656 0
-0.0606248 -0.808386 2.12759 1
0.474566 0.952192 17016 0
0.19561 -0.510461 2.39402 1
0.572932 0.753763 19152 0
0.368909 -0.580865 2.14663 1
0.653397 0.822041 17168 0
0.331527 -0.819528 2.11361 1
0.640006 0.961458 16904 0
0.366721 -0.826531 2.05042 1
0.659642 0.979743 16400 0
40
0.113286 -0.432184 2.42209 1
0.541749 0.712359 19376 0
0.113696 -0.389547 2.47816 1
0.540952 0.687078 19824 0
0.130918 -0.0867732 2.53664 1
0.546067 0.540712 20288 0
0.132684 0.100327 2.53095 1
0.546794 0.452824 20240 0
-0.0184227 -0.182758 2.50744 1
0.493442 0.586744 20056 0
-0.0406986 -0.391809 2.4204 1
0.484991 0.692655 19360 0
-0.0211906 -0.579415 2.2115 1
0.491447 0.811814 17688 0
-0.0255623 -0.647709 2.17647 1
0.489517 0.854176 17408 0
0.304959 -0.196309 2.52419 1
0.607838 0.592557 20192 0
0.3254 -0.418873 2.41545 1
0.620247 0.706384 19320 0
0.335376 -0.603646 2.20373 1
0.63584 0.825999 17624 0
0.36464 -0.678485 2.07774 1
0.656649 0.888635 16616 0
0.0233287 -0.490878 2.40011 1
0.508676 0.743408 19200 0
0.0387507 -0.617846 2.12721 1
0.51626 0.845671 17016 0
-0.124108 -0.802754 2.20728 1
0.449812 0.93283 17656 0
-0.0606212 -0.808432 2.12757 1
0.474567 0.952222 17016 0
0.195569 -0.510304 2.39408 1
0.572915 0.753678 19152 0
0.368831 -0.580847 2.14674 1
0.653356 0.822014 17168 0
0.331734 -0.819954 2.11358 1
0.640096 0.961703 16904 0
0.366719 -0.826666 2.05029 1
0.659651 0.979851 16400 0
40
0.113295 -0.432066 2.42213 1
0.541751 0.712298 19376 0
0.113713 -0.389417 2.47819 1
0.540957 0.687013 19824 0
0.131048 -0.0867896 2.53668 1
0.546112 0.540719 20288 0
0.132744 0.100317 2.53095 1
0.546815 0.452828 20240 0
-0.0184287 -0.182771 2.50746 1
0.49344 0.586749 20056 0
-0.0406482 -0.391829 2.42045 1
0.48501 0.692661 19360 0
-0.0212101 -0.579372 2.21152 1
0.491439 0.811788 17688 0
-0.0255288 -0.64768 2.17652 1
0.489531 0.854153 17408 0
0.304971 -0.196319 2.5243 1
0.607838 0.592558 20192 0
0.324904 -0.419569 2.41487 1
0.620092 0.706777 19312 0
0.335218 -0.604283 2.20317 1
0.635811 0.826426 17624 0
0.364644 -0.678478 2.07769 1
0.656654 0.88864 16616 0
0.0233619 -0.490759 2.40014 1
0.508688 0.743346 19200 0
0.0394115 -0.617939 2.12721 1
0.516537 0.845723 17016 0
-0.124128 -0.802762 2.20723 1
0.449803 0.932844 17656 0
-0.0606174 -0.808477 2.12756 1
0.474569 0.952249 17016 0
0.195537 -0.510177 2.39413 1
0.572901 0.75361 19152 0
0.368776 -0.580839 2.14683 1
0.653327 0.821996 17168 0
0.331698 -0.820515 2.11413 1
0.640044 0.961899 16912 0
0.366536 -0.826758 2.0504 1
0.659563 0.979879 16400 0
40
0.113303 -0.431977 2.42216 1
0.541754 0.712252 19376 0
0.113727 -0.389316 2.47822 1
0.540962 0.686963 19824 0
0.131161 -0.0868044 2.53671 1
0.546152 0.540725 20288 0
0.13279 0.100314 2.53094 1
0.546831 0.452829 20240 0
-0.0184334 -0.182783 2.50748 1
0.493438 0.586754 20056 0
-0.0405425 -0.392204 2.42034 1
0.485048 0.692854 19360 0
-0.0212066 -0.579604 2.21135 1
0.49144 0.811936 17688 0
-0.0254509 -0.647929 2.17634 1
0.489562 0.854318 17408 0
0.304974 -0.196331 2.52438 1
0.607836 0.592561 20192 0
0.324488 -0.420281 2.41425 1
0.61997 0.707181 19312 0
0.335083 -0.60497 2.20254 1
0.635795 0.82689 17616 0
0.364646 -0.678472 2.07765 1
0.656658 0.888644 16616 0
0.02339 -0.490667 2.40015 1
0.508699 0.743299 19200 0
0.0400824 -0.618039 2.12716 1
0.516819 0.845787 17016 0
-0.124144 -0.802764 2.20719 1
0.449796 0.932854 17656 0
-0.0606077 -0.808523 2.12756 1
0.474573 0.952276 17016 0
0.195512 -0.510078 2.39416 1
0.572891 0.753557 19152 0
0.368735 -0.580829 2.1469 1
0.653305 0.82198 17168 0
0.331754 -0.820911 2.11443 1
0.640048 0.962056 16912 0
0.36645 -0.826789 2.0504 1
0.659526 0.979899 16400 0
40
0.11331 -0.43191 2.42218 1
0.541756 0.712217 19376 0
0.113739 -0.389236 2.47824 1
0.540966 0.686923 19824 0
0.131266 -0.086816 2.53674 1
0.546188 0.54073 20288 0
0.132827 0.100329 2.53093 1
0.546845 0.452822 20240 0
-0.0184364 -0.182793 2.5075 1
0.493437 0.586759 20056 0
-0.0405171 -0.392294 2.42032 1
0.485058 0.692899 19360 0
-0.0211934 -0.579669 2.21134 1
0.491445 0.811973 17688 0
-0.0254405 -0.647976 2.17629 1
0.489566 0.854352 17408 0
0.304976 -0.196344 2.52447 1
0.607833 0.592564 20192 0
0.324381 -0.420391 2.41414 1
0.619935 0.707245 19312 0
0.335044 -0.605099 2.20244 1
0.635785 0.826976 17616 0
0.364649 -0.678466 2.07761 1
0.656662 0.888648 16616 0
0.0234138 -0.490597 2.40016 1
0.508707 0.743264 19200 0
0.0407176 -0.618167 2.12711 1
0.517086 0.845867 17016 0
-0.12416 -0.802764 2.20714 1
0.449788 0.932863 17656 0
-0.0605854 -0.808577 2.12756 1
0.474582 0.952305 17016 0
0.195493 -0.510002 2.39419 1
0.572883 0.753516 19152 0
0.368701 -0.580825 2.14695 1
0.653288 0.821971 17168 0
0.331783 -0.821294 2.11473 1
0.64004 0.962207 16912 0
0.366367 -0.826799 2.05039 1
0.65949 0.979906 16400 0
40
0.113315 -0.431855 2.42219 1
0.541757 0.712189 19376 0
0.113749 -0.38917 2.47825 1
0.540969 0.68689 19824 0
0.131359 -0.0868284 2.53677 1
0.54622 0.540735 20288 0
0.132862 0.100319 2.5309 1
0.546858 0.452826 20240 0
-0.0184403 -0.182802 2.50751 1
0.493436 0.586762 20056 0
-0.0405032 -0.392352 2.42031 1
0.485063 0.692929 19360 0
-0.0211795 -0.579728 2.21133 1
0.491451 0.812006 17688 0
-0.0254423 -0.648009 2.17622 1
0.489565 0.854381 17408 0
0.304978 -0.196358 2.52453 1
0.607831 0.592568 20192 0
0.324429 -0.420216 2.41424 1
0.619948 0.70715 19312 0
0.335043 -0.605069 2.20259 1
0.635776 0.826937 17616 0
0.364649 -0.678487 2.07758 1
0.656665 0.888666 16616 0
0.0234333 -0.490541 2.40017 1
0.508715 0.743235 19200 0
0.0416522 -0.618309 2.12704 1
0.517479 0.845957 17016 0
-0.12416 -0.802771 2.20711 1
0.449787 0.932873 17656 0
-0.0605558 -0.808636 2.12756 1
0.474595 0.952338 17016 0
0.195477 -0.509938 2.39421 1
0.572877 0.753482 19152 0
0.368677 -0.580823 2.14698 1
0.653275 0.821964 17168 0
0.315336 -0.818662 2.14531 1
0.631201 0.954158 17160 0
0.361754 -0.826171 2.05846 1
0.656865 0.977662 16464 0
40
0.11332 -0.431811 2.42221 1
0.541759 0.712166 19376 0
0.113759 -0.389115 2.47826 1
0.540972 0.686863 19824 0
0.131446 -0.0868392 2.5368 1
0.546251 0.54074 20288 0
0.13289 0.100318 2.53087 1
0.546868 0.452826 20240 0
-0.0184437 -0.182811 2.50752 1
0.493435 0.586766 20056 0
-0.0404986 -0.392396 2.4203 1
0.485064 0.692952 19360 0
-0.0211672 -0.579781 2.21133 1
0.491456 0.812034 17688 0
-0.0254531 -0.648033 2.17615 1
0.48956 0.854406 17408 0
0.30498 -0.196373 2.52458 1
0.607829 0.592573 20192 0
0.324432 -0.420221 2.41422 1
0.61995 0.707154 19312 0
0.335036 -0.605134 2.2026 1
0.635772 0.826971 17616 0
0.36465 -0.678515 2.07755 1
0.656667 0.888688 16616 0
0.0234504 -0.490495 2.40017 1
0.508721 0.743212 19200 0
0.0424872 -0.618411 2.12697 1
0.51783 0.846026 17008 0
-0.124151 -0.802775 2.20707 1
0.44979 0.932882 17656 0
-0.0605195 -0.808692 2.12756 1
0.47461 0.952371 17016 0
0.195464 -0.509885 2.39423 1
0.572871 0.753454 19152 0
0.368658 -0.580821 2.14701 1
0.653265 0.821959 17176 0
0.317591 -0.820025 2.14265 1
0.632304 0.95548 17136 0
0.361316 -0.826004 2.05895 1
0.656637 0.977451 16464 0
40
0.113324 -0.431776 2.42221 1
0.54176 0.712148 19376 0
0.113767 -0.389069 2.47827 1
0.540975 0.68684 19824 0
0.131525 -0.086849 2.53682 1
0.546278 0.540744 20288 0
0.13291 0.10031 2.53083 1
0.546876 0.452829 20240 0
-0.0184474 -0.18282 2.50754 1
0.493433 0.58677 20056 0
-0.0404977 -0.392442 2.42027 1
0.485064 0.692976 19360 0
-0.0211487 -0.579851 2.21133 1
0.491463 0.812073 17688 0
-0.0254721 -0.648068 2.17606 1
0.489552 0.854439 17408 0
0.304972 -0.196386 2.52463 1
0.607824 0.592578 20192 0
0.324438 -0.420263 2.41415 1
0.619956 0.707181 19312 0
0.335032 -0.605238 2.20256 1
0.635772 0.827032 17616 0
0.364648 -0.67854 2.07753 1
0.656668 0.888706 16616 0
0.0234661 -0.490457 2.40017 1
0.508727 0.743193 19200 0
0.0432349 -0.618502 2.1269 1
0.518144 0.846088 17008 0
-0.124139 -0.802778 2.20704 1
0.449794 0.932889 17656 0
-0.0604816 -0.808747 2.12755 1
0.474626 0.952402 17016 0
0.195453 -0.509839 2.39424 1
0.572866 0.753429 19152 0
0.368647 -0.58082 2.14703 1
0.653259 0.821956 17176 0
0.319561 -0.821023 2.14049 1
0.633258 0.956493 17120 0
0.360875 -0.8259 2.05959 1
0.656397 0.977243 16472 0
40
0.113328 -0.431746 2.42222 1
0.541762 0.712133 19376 0
0.113774 -0.38903 2.47828 1
0.540978 0.686821 19824 0
0.13159 -0.0868584 2.53684 1
0.5463 0.540748 20288 0
0.13292 0.100296 2.53079 1
0.54688 0.452835 20240 0
-0.0184546 -0.182832 2.50755 1
0.493431 0.586775 20056 0
-0.0404993 -0.392509 2.42022 1
0.485064 0.693013 19360 0
-0.0211167 -0.579961 2.21131 1
0.491476 0.812135 17688 0
-0.0254993 -0.64813 2.17593 1
0.48954 0.854495 17400 0
0.304963 -0.196399 2.52467 1
0.60782 0.592582 20192 0
0.324445 -0.420352 2.41404 1
0.619964 0.707234 19312 0
0.335034 -0.60539 2.20249 1
0.635778 0.827126 17616 0
0.364649 -0.678557 2.07751 1
0.65667 0.888719 16616 0
0.0234814 -0.490423 2.40016 1
0.508732 0.743177 19200 0
0.043666 -0.618579 2.12684 1
0.518326 0.846142 17008 0
-0.124128 -0.802784 2.20702 1
0.449798 0.932898 17656 0
-0.0604431 -0.808808 2.12755 1
0.474642 0.952436 17016 0
0.195443 -0.509798 2.39425 1
0.572863 0.753408 19152 0
0.368641 -0.580819 2.14705 1
0.653255 0.821952 17176 0
0.32089 -0.82163 2.13907 1
0.633901 0.957134 17112 0
0.360512 -0.825836 2.06016 1
0.656197 0.977074 16480 0
40
0.113329 -0.431718 2.42222 1
0.541762 0.712119 19376 0
0.11378 -0.388994 2.47828 1
0.54098 0.686804 19824 0
0.131643 -0.0868692 2.53686 1
0.546319 0.540753 20288 0
0.132924 0.10028 2.53075 1
0.546882 0.452842 20240 0
-0.0184635 -0.182844 2.50757 1
0.493428 0.58678 20056 0
-0.0405099 -0.392534 2.42019 1
0.485059 0.693028 19360 0
-0.0211052 -0.580004 2.21131 1
0.491481 0.812158 17688 0
-0.0255255 -0.648146 2.17585 1
0.489529 0.854517 17400 0
0.304955 -0.19641 2.5247 1
0.607815 0.592586 20192 0
0.324464 -0.420747 2.41365 1
0.61999 0.707463 19304 0
0.33505 -0.605869 2.20211 1
0.635808 0.82744 17616 0
0.36465 -0.678568 2.07749 1
0.656672 0.888729 16616 0
0.0234937 -0.490392 2.40016 1
0.508737 0.743162 19200 0
0.0439871 -0.618636 2.12679 1
0.518461 0.846181 17008 0
-0.124092 -0.802791 2.20698 1
0.449812 0.932908 17648 0
-0.0603543 -0.808894 2.12756 1
0.474679 0.952483 17016 0
0.195432 -0.50976 2.39426 1
0.572858 0.753389 19152 0
0.368639 -0.580816 2.14707 1
0.653253 0.821948 17176 0
0.322191 -0.822066 2.13748 1
0.634544 0.957716 17096 0
0.360241 -0.825786 2.06058 1
0.656048 0.976947 16480 0
40
0.11333 -0.431692 2.42222 1
0.541762 0.712106 19376 0
0.113784 -0.388961 2.47829 1
0.540981 0.686787 19824 0
0.131688 -0.0868782 2.53687 1
0.546334 0.540757 20288 0
0.132925 0.100273 2.53069 1
0.546883 0.452844 20240 0
-0.0184743 -0.182856 2.50759 1
0.493424 0.586785 20056 0
-0.0405259 -0.392542 2.42017 1
0.485053 0.693033 19360 0
-0.021097 -0.580031 2.21131 1
0.491484 0.812172 17688 0
-0.0255527 -0.648147 2.1758 1
0.489517 0.854525 17400 0
0.304944 -0.19642 2.52473 1
0.60781 0.59259 20192 0
0.324477 -0.421194 2.41321 1
0.620017 0.707721 19304 0
0.335079 -0.606354 2.20167 1
0.635847 0.827768 17608 0
0.364652 -0.678572 2.07748 1
0.656674 0.888734 16616 0
0.0235049 -0.490364 2.40015 1
0.508741 0.743149 19200 0
0.0441896 -0.618675 2.12676 1
0.518546 0.846208 17008 0
-0.124048 -0.802795 2.20695 1
0.449829 0.932917 17648 0
-0.060279 -0.808975 2.12756 1
0.474711 0.952529 17016 0
0.195421 -0.509723 2.39426 1
0.572854 0.753371 19152 0
0.368641 -0.580809 2.14708 1
0.653253 0.821942 17176 0
0.323226 -0.822316 2.13608 1
0.635065 0.958156 17088 0
0.360038 -0.825745 2.0609 1
0.655936 0.97685 16480 0
40
0.113329 -0.431661 2.42222 1
0.541762 0.71209 19376 0
0.113787 -0.388922 2.47829 1
0.540982 0.686769 19824 0
0.131725 -0.0868835 2.53689 1
0.546347 0.54076 20288 0
0.132926 0.100293 2.53062 1
0.546885 0.452833 20240 0
-0.0184886 -0.182868 2.50761 1
0.493419 0.58679 20056 0
-0.0405424 -0.392562 2.42015 1
0.485047 0.693045 19360 0
-0.0210968 -0.58005 2.21129 1
0.491484 0.812186 17688 0
-0.0255656 -0.648158 2.17577 1
0.489512 0.854537 17400 0
0.304935 -0.196427 2.52475 1
0.607806 0.592593 20192 0
0.324467 -0.421623 2.4128 1
0.620034 0.707968 19296 0
0.33509 -0.606829 2.20127 1
0.635876 0.828084 17608 0
0.364653 -0.678575 2.07747 1
0.656675 0.888737 16616 0
0.023515 -0.490333 2.40014 1
0.508745 0.743135 19200 0
0.0443359 -0.618697 2.12673 1
0.518608 0.846224 17008 0
-0.124006 -0.802787 2.20692 1
0.449846 0.932919 17648 0
-0.0602115 -0.809037 2.12756 1
0.474739 0.952563 17016 0
0.195406 -0.509682 2.39426 1
0.572849 0.75335 19152 0
0.368644 -0.5808 2.1471 1
0.653253 0.821934 17176 0
0.325129 -0.841865 2.12048 1
0.63686 0.972499 16960 0
0.343787 -0.872553 2.03451 1
0.650829 1.01042 16272 0
40
0.113329 -0.431629 2.42222 1
0.541762 0.712075 19376 0
0.113791 -0.388883 2.47829 1
0.540983 0.68675 19824 0
0.131762 -0.0868884 2.5369 1
0.54636 0.540762 20288 0
0.132924 0.100314 2.53055 1
0.546886 0.452822 20240 0
-0.0185045 -0.182881 2.50763 1
0.493413 0.586796 20056 0
-0.0405677 -0.392562 2.42013 1
0.485038 0.693047 19360 0
-0.0211116 -0.580037 2.21125 1
0.491478 0.812183 17688 0
-0.025577 -0.648162 2.17575 1
0.489507 0.854542 17400 0
0.304927 -0.196434 2.52477 1
0.607802 0.592595 20192 0
0.324441 -0.421662 2.41273 1
0.620028 0.707993 19296 0
0.335083 -0.606916 2.20122 1
0.635876 0.828138 17608 0
0.364654 -0.678577 2.07747 1
0.656675 0.888739 16616 0
0.0235252 -0.490303 2.40014 1
0.508749 0.74312 19200 0
0.0444452 -0.618715 2.12672 1
0.518654 0.846237 17008 0
-0.123966 -0.802772 2.20689 1
0.449861 0.932917 17648 0
-0.0601684 -0.809077 2.12755 1
0.474757 0.952587 17016 0
0.195393 -0.509641 2.39425 1
0.572844 0.75333 19152 0
0.368644 -0.58079 2.14711 1
0.653253 0.821928 17176 0
0.326446 -0.853987 2.1107 1
0.638051 0.981524 16880 0
0.337079 -0.892613 2.02302 1
0.648725 1.02512 16184 0
40
0.113327 -0.431595 2.42223 1
0.541761 0.712058 19376 0
0.113794 -0.388842 2.47829 1
0.540984 0.68673 19824 0
0.131795 -0.0868924 2.53691 1
0.546371 0.540763 20288 0
0.132921 0.100335 2.53049 1
0.546886 0.452811 20240 0
-0.018524 -0.18289 2.50765 1
0.493406 0.586799 20056 0
-0.0405887 -0.392574 2.4201 1
0.48503 0.693055 19360 0
-0.0211183 -0.580045 2.21123 1
0.491475 0.81219 17688 0
-0.0255888 -0.64817 2.17573 1
0.489502 0.854549 17400 0
0.304917 -0.19644 2.52479 1
0.607798 0.592597 20192 0
0.324304 -0.421898 2.41242 1
0.619992 0.708136 19296 0
0.335051 -0.607187 2.20098 1
0.635878 0.828321 17600 0
0.364655 -0.67858 2.07746 1
0.656677 0.888742 16616 0
0.0235335 -0.490274 2.40013 1
0.508752 0.743106 19200 0
0.0445103 -0.618734 2.12671 1
0.518681 0.846249 17008 0
-0.123929 -0.802755 2.20686 1
0.449875 0.932913 17648 0
-0.0600856 -0.809143 2.12757 1
0.474792 0.952621 17016 0
0.195378 -0.509596 2.39425 1
0.572838 0.753308 19152 0
0.368645 -0.580786 2.14712 1
0.653252 0.821924 17176 0
0.326685 -0.860788 2.10647 1
0.638429 0.986333 16848 0
0.333046 -0.902988 2.0184 1
0.647282 1.03244 16144 0
40
0.113325 -0.431561 2.42223 1
0.541761 0.712041 19376 0
0.113796 -0.388802 2.4783 1
0.540985 0.68671 19824 0
0.131824 -0.086896 2.53692 1
0.546381 0.540765 20288 0
0.132899 0.100372 2.5304 1
0.54688 0.452792 20240 0
-0.0185437 -0.182898 2.50766 1
0.493399 0.586802 20056 0
-0.0406597 -0.392542 2.42007 1
0.485004 0.693041 19360 0
-0.0211608 -0.580008 2.2112 1
0.491458 0.812174 17688 0
-0.0256098 -0.648162 2.17573 1
0.489494 0.854545 17400 0
0.304904 -0.196446 2.5248 1
0.607793 0.592599 20192 0
0.324164 -0.422169 2.41206 1
0.619958 0.708301 19296 0
0.335021 -0.607486 2.20068 1
0.635884 0.828528 17600 0
0.364657 -0.678581 2.07745 1
0.656678 0.888743 16616 0
0.0235414 -0.490246 2.40013 1
0.508755 0.743093 19200 0
0.0445552 -0.618742 2.1267 1
0.5187 0.846255 17008 0
-0.123886 -0.802728 2.20683 1
0.449892 0.932904 17648 0
-0.0600262 -0.809188 2.12757 1
0.474817 0.952645 17016 0
0.195361 -0.509549 2.39425 1
0.572832 0.753285 19152 0
0.368645 -0.580783 2.14712 1
0.653252 0.821921 17176 0
0.331387 -0.849073 2.1016 1
0.640747 0.980825 16808 0
0.356274 -0.861357 2.027 1
0.656887 1.00574 16208 0
40
0.113322 -0.431506 2.42223 1
0.541759 0.712014 19376 0
0.113797 -0.388748 2.47831 1
0.540986 0.686684 19824 0
0.131852 -0.0868993 2.53693 1
0.546391 0.540766 20288 0
0.132878 0.10041 2.53032 1
0.546874 0.452773 20240 0
-0.0185651 -0.182905 2.50768 1
0.493392 0.586805 20056 0
-0.0407545 -0.392471 2.42004 1
0.484968 0.693009 19360 0
-0.0212067 -0.579961 2.21119 1
0.491439 0.812152 17688 0
-0.0256403 -0.648138 2.17574 1
0.489481 0.85453 17400 0
0.304894 -0.196451 2.52482 1
0.607789 0.592601 20192 0
0.324158 -0.421864 2.41219 1
0.61995 0.708139 19296 0
0.335017 -0.607277 2.20087 1
0.63587 0.828386 17600 0
0.364659 -0.678581 2.07745 1
0.656679 0.888745 16616 0
0.0235498 -0.490206 2.40013 1
0.508758 0.743073 19200 0
0.0445494 -0.618756 2.1267 1
0.518698 0.846263 17008 0
-0.123846 -0.802699 2.2068 1
0.449908 0.932895 17648 0
-0.0598503 -0.809282 2.12765 1
0.474892 0.952681 17016 0
0.19534 -0.509485 2.39425 1
0.572824 0.753253 19152 0
0.368645 -0.58078 2.14713 1
0.653251 0.821919 17176 0
0.331741 -0.852495 2.09931 1
0.641051 0.98329 16792 0
0.350986 -0.873437 2.02344 1
0.654829 1.01373 16184 0
40
0.11332 -0.431439 2.42224 1
0.541758 0.71198 19376 0
0.1138 -0.388686 2.47831 1
0.540986 0.686653 19824 0
0.131876 -0.0869018 2.53693 1
0.546399 0.540767 20288 0
0.132849 0.100445 2.53025 1
0.546865 0.452755 20240 0
-0.0185892 -0.182912 2.5077 1
0.493383 0.586808 20056 0
-0.040856 -0.392384 2.42 1
0.484931 0.69297 19360 0
-0.0212593 -0.579902 2.21117 1
0.491418 0.812122 17688 0
-0.0256715 -0.648108 2.17576 1
0.489468 0.854511 17400 0
0.304884 -0.196454 2.52484 1
0.607784 0.592602 20192 0
0.323879 -0.422153 2.41194 1
0.619859 0.708303 19288 0
0.334941 -0.607513 2.20067 1
0.635853 0.828544 17600 0
0.36466 -0.678581 2.07744 1
0.65668 0.888746 16616 0
0.0235619 -0.490158 2.40013 1
0.508763 0.743049 19200 0
0.0445206 -0.618768 2.1267 1
0.518686 0.846269 17008 0
-0.123807 -0.802674 2.20678 1
0.449923 0.932886 17648 0
-0.0597505 -0.809344 2.12768 1
0.474934 0.952709 17016 0
0.195319 -0.509401 2.39425 1
0.572816 0.753211 19152 0
0.368646 -0.580778 2.14713 1
0.653251 0.821917 17176 0
0.331715 -0.855606 2.09809 1
0.641122 0.985336 16784 0
0.347655 -0.880301 2.02239 1
0.65344 1.01804 16176 0
40
0.113319 -0.431371 2.42224 1
0.541758 0.711946 19376 0
0.113803 -0.388623 2.47832 1
0.540987 0.686622 19824 0
0.131899 -0.0869028 2.53694 1
0.546407 0.540768 20288 0
0.132811 0.100482 2.53016 1
0.546853 0.452736 20240 0
-0.0186142 -0.182919 2.50772 1
0.493374 0.586811 20056 0
-0.0409825 -0.392257 2.41996 1
0.484884 0.69291 19352 0
-0.0213199 -0.579827 2.21117 1
0.491394 0.812082 17688 0
-0.0257139 -0.648058 2.17578 1
0.489451 0.85448 17400 0
0.304871 -0.196458 2.52485 1
0.607779 0.592603 20192 0
0.323973 -0.421187 2.41274 1
0.619854 0.707758 19296 0
0.334947 -0.606656 2.20154 1
0.635802 0.827951 17608 0
0.364661 -0.678581 2.07744 1
0.65668 0.888746 16616 0
0.0235743 -0.490109 2.40012 1
0.508767 0.743025 19200 0
0.0445268 -0.61877 2.1267 1
0.518688 0.84627 17008 0
-0.123759 -0.802642 2.20675 1
0.449942 0.932873 17648 0
-0.0596696 -0.809394 2.1277 1
0.474968 0.952732 17016 0
0.195298 -0.509316 2.39425 1
0.572809 0.753169 19152 0
0.368646 -0.580776 2.14714 1
0.653251 0.821915 17176 0
0.331489 -0.858349 2.09735 1
0.641076 0.987064 16776 0
0.344625 -0.886132 2.02151 1
0.652168 1.02169 16168 0
40
0.113317 -0.4313 2.42225 1
0.541757 0.711911 19376 0
0.113806 -0.388558 2.47832 1
0.540988 0.686591 19824 0
0.13192 -0.0869036 2.53695 1
0.546414 0.540768 20288 0
0.132764 0.100555 2.53007 1
0.546838 0.4527 20240 0
-0.01864 -0.182928 2.50773 1
0.493365 0.586814 20056 0
-0.0411086 -0.392125 2.41992 1
0.484837 0.692849 19352 0
-0.0213843 -0.579746 2.21116 1
0.491368 0.812039 17688 0
-0.0257556 -0.648004 2.17581 1
0.489434 0.854446 17400 0
0.304858 -0.196462 2.52486 1
0.607774 0.592605 20192 0
0.323844 -0.421081 2.41281 1
0.619803 0.707699 19296 0
0.334922 -0.606564 2.20164 1
0.635785 0.827887 17608 0
0.364662 -0.67858 2.07743 1
0.656681 0.888747 16616 0
0.023588 -0.490058 2.40012 1
0.508772 0.743001 19200 0
0.0445301 -0.618769 2.1267 1
0.51869 0.84627 17008 0
-0.123711 -0.802597 2.20672 1
0.44996 0.932855 17648 0
-0.0596062 -0.80943 2.12772 1
0.474995 0.95275 17016 0
0.195276 -0.509223 2.39426 1
0.5728 0.753122 19152 0
0.368646 -0.580774 2.14714 1
0.653251 0.821913 17176 0
0.329744 -0.841602 2.10688 1
0.639698 0.975399 16848 0
0.356407 -0.851211 2.04084 1
0.65588 0.996388 16320 0
40
0.113316 -0.431208 2.42226 1
0.541756 0.711865 19376 0
0.113809 -0.388481 2.47833 1
0.540989 0.686553 19824 0
0.131939 -0.086904 2.53696 1
0.546421 0.540768 20288 0
0.132714 0.100646 2.52998 1
0.546822 0.452655 20232 0
-0.0186708 -0.182936 2.50775 1
0.493354 0.586818 20056 0
-0.0412234 -0.391989 2.41987 1
0.484794 0.692786 19352 0
-0.0214382 -0.579672 2.21117 1
0.491346 0.811999 17688 0
-0.0258004 -0.647946 2.17583 1
0.489416 0.854411 17400 0
0.304847 -0.196465 2.52487 1
0.607769 0.592606 20192 0
0.323731 -0.421012 2.41285 1
0.619759 0.707662 19296 0
0.334895 -0.606504 2.20171 1
0.63577 0.827844 17608 0
0.364662 -0.67858 2.07743 1
0.656681 0.888747 16616 0
0.023602 -0.49 2.40012 1
0.508777 0.742972 19200 0
0.0445179 -0.61875 2.1267 1
0.518685 0.84626 17008 0
-0.123675 -0.802553 2.2067 1
0.449975 0.932836 17648 0
-0.0595636 -0.809455 2.12773 1
0.475013 0.952762 17016 0
0.195251 -0.50911 2.39427 1
0.57279 0.753065 19152 0
0.368645 -0.580775 2.14714 1
0.65325 0.821914 17176 0
0.330454 -0.833831 2.10738 1
0.639966 0.970898 16856 0
0.367015 -0.833077 2.0453 1
0.66017 0.984754 16360 0
40
0.113312 -0.431113 2.42227 1
0.541755 0.711817 19376 0
0.113811 -0.388401 2.47834 1
0.54099 0.686514 19824 0
0.131957 -0.0869041 2.53696 1
0.546427 0.540768 20288 0
0.132666 0.100736 2.5299 1
0.546807 0.452612 20232 0
-0.0187013 -0.182941 2.50777 1
0.493344 0.586819 20056 0
-0.0413518 -0.391823 2.41983 1
0.484747 0.692707 19352 0
-0.0215084 -0.579575 2.21118 1
0.491318 0.811946 17688 0
-0.0258494 -0.647869 2.17587 1
0.489396 0.854363 17400 0
0.304828 -0.19647 2.52488 1
0.607762 0.592608 20192 0
0.323535 -0.421935 2.41189 1
0.619734 0.7082 19288 0
0.33483 -0.607427 2.20077 1
0.635801 0.828482 17600 0
0.364662 -0.678579 2.07743 1
0.656681 0.888747 16616 0
0.0236162 -0.489938 2.40011 1
0.508783 0.742942 19200 0
0.0444579 -0.618732 2.1267 1
0.518659 0.846249 17008 0
-0.123653 -0.802496 2.20666 1
0.449983 0.932812 17648 0
-0.0595358 -0.80947 2.12773 1
0.475024 0.952769 17016 0
0.195214 -0.508982 2.39428 1
0.572776 0.752999 19152 0
0.368643 -0.580777 2.14715 1
0.653249 0.821914 17176 0
0.331034 -0.82903 2.10814 1
0.640161 0.96802 16864 0
0.371127 -0.824923 2.04758 1
0.661784 0.979473 16376 0
40
0.113308 -0.431012 2.42228 1
0.541753 0.711766 19376 0
0.113813 -0.388317 2.47835 1
0.540991 0.686473 19824 0
0.131975 -0.0869045 2.53697 1
0.546433 0.540768 20288 0
0.132619 0.100821 2.52982 1
0.546792 0.45257 20232 0
-0.0187375 -0.182941 2.50779 1
0.493331 0.586819 20056 0
-0.0414051 -0.391749 2.41982 1
0.484727 0.692672 19352 0
-0.0215448 -0.579527 2.21119 1
0.491303 0.811918 17688 0
-0.0258762 -0.647828 2.17589 1
0.489385 0.854336 17400 0
0.304808 -0.196474 2.52489 1
0.607755 0.59261 20192 0
0.323438 -0.422533 2.41127 1
0.619729 0.708549 19288 0
0.334807 -0.60803 2.20016 1
0.635829 0.8289 17600 0
0.364662 -0.678578 2.07743 1
0.656682 0.888747 16616 0
0.0236301 -0.489869 2.40011 1
0.508788 0.742907 19200 0
0.0444001 -0.618711 2.12672 1
0.518635 0.846235 17008 0
-0.123633 -0.802436 2.20663 1
0.44999 0.932786 17648 0
-0.0595143 -0.809481 2.12774 1
0.475034 0.952774 17016 0
0.195177 -0.508852 2.3943 1
0.572762 0.752933 19152 0
0.368641 -0.580781 2.14715 1
0.653248 0.821916 17176 0
0.331083 -0.825588 2.10998 1
0.640059 0.965669 16872 0
0.373046 -0.820015 2.04972 1
0.662451 0.976123 16392 0
40
0.113304 -0.430911 2.42229 1
0.541751 0.711716 19376 0
0.113816 -0.388235 2.47836 1
0.540991 0.686433 19824 0
0.131992 -0.0869048 2.53697 1
0.546439 0.540768 20288 0
0.132564 0.100931 2.52973 1
0.546774 0.452517 20232 0
-0.0187724 -0.182944 2.50781 1
0.493318 0.586819 20056 0
-0.0414334 -0.391716 2.4198 1
0.484716 0.692657 19352 0
-0.0215705 -0.579507 2.21118 1
0.491293 0.811909 17688 0
-0.0258884 -0.647813 2.17589 1
0.48938 0.854327 17400 0
0.304787 -0.196479 2.52489 1
0.607748 0.592612 20192 0
0.323619 -0.422178 2.41159 1
0.61978 0.708345 19288 0
0.334864 -0.607734 2.20049 1
0.635833 0.828691 17600 0
0.364664 -0.67858 2.07742 1
0.656683 0.888748 16616 0
0.0236463 -0.489797 2.40011 1
0.508794 0.742872 19200 0
0.041414 -0.617309 2.12607 1
0.517387 0.845556 17008 0
-0.123615 -0.802371 2.2066 1
0.449996 0.932758 17648 0
-0.0594966 -0.809487 2.12774 1
0.475041 0.952777 17016 0
0.195138 -0.508719 2.39431 1
0.572747 0.752866 19152 0
0.368638 -0.58079 2.14715 1
0.653247 0.821921 17176 0
0.331112 -0.823333 2.11126 1
0.639987 0.964115 16888 0
0.374308 -0.816684 2.05119 1
0.662883 0.973849 16408 0
40
0.113301 -0.430791 2.42231 1
0.54175 0.711656 19376 0
0.113819 -0.388141 2.47837 1
0.540992 0.686387 19824 0
0.132009 -0.0869054 2.53698 1
0.546445 0.540768 20288 0
0.132512 0.101039 2.52964 1
0.546757 0.452464 20232 0
-0.018808 -0.182944 2.50783 1
0.493306 0.586818 20056 0
-0.0414398 -0.391718 2.41976 1
0.484714 0.692661 19352 0
-0.0215878 -0.579517 2.21116 1
0.491286 0.811916 17688 0
-0.025897 -0.647822 2.17588 1
0.489376 0.854335 17400 0
0.304773 -0.196483 2.5249 1
0.607742 0.592613 20192 0
0.324071 -0.420994 2.4125 1
0.619902 0.707683 19296 0
0.335013 -0.60675 2.20147 1
0.635832 0.828013 17608 0
0.364668 -0.678587 2.07741 1
0.656686 0.888754 16616 0
0.0236675 -0.489702 2.40011 1
0.508802 0.742825 19200 0
0.0404751 -0.616712 2.12584 1
0.516995 0.845259 17000 0
-0.1236 -0.802311 2.20657 1
0.450002 0.932731 17648 0
-0.0594828 -0.809493 2.12774 1
0.475047 0.95278 17016 0
0.195098 -0.508585 2.39433 1
0.572731 0.752797 19152 0
0.368634 -0.580799 2.14715 1
0.653245 0.821926 17176 0
0.331047 -0.821759 2.11237 1
0.639886 0.962986 16896 0
0.37481 -0.814633 2.0524 1
0.663006 0.972382 16416 0
40
0.113299 -0.430668 2.42232 1
0.541749 0.711594 19376 0
0.113823 -0.388044 2.47838 1
0.540994 0.68634 19824 0
0.132026 -0.0869064 2.53698 1
0.546451 0.540769 20288 0
0.132454 0.101142 2.52954 1
0.546739 0.452414 20232 0
-0.0188425 -0.182945 2.50785 1
0.493294 0.586818 20056 0
-0.0414369 -0.39175 2.41971 1
0.484715 0.692681 19352 0
-0.0216008 -0.579551 2.21114 1
0.49128 0.811938 17688 0
-0.0259067 -0.64785 2.17585 1
0.489372 0.854356 17400 0
0.304759 -0.196486 2.52491 1
0.607737 0.592614 20192 0
0.324685 -0.419487 2.41374 1
0.620068 0.706833 19304 0
0.335181 -0.605518 2.20283 1
0.635816 0.827144 17616 0
0.364669 -0.678599 2.07741 1
0.656686 0.888763 16616 0
0.023694 -0.489595 2.4001 1
0.508812 0.742772 19200 0
0.0399443 -0.616375 2.12572 1
0.516773 0.84509 17000 0
-0.12359 -0.802254 2.20653 1
0.450005 0.932707 17648 0
-0.0594735 -0.809498 2.12774 1
0.475051 0.952783 17016 0
0.195058 -0.50845 2.39434 1
0.572716 0.752729 19152 0
0.368627 -0.580814 2.14715 1
0.653242 0.821934 17176 0
0.331259 -0.820702 2.11253 1
0.639964 0.962354 16896 0
0.375357 -0.814098 2.05187 1
0.663286 0.972193 16408 0
40
0.113299 -0.430549 2.42233 1
0.541749 0.711534 19376 0
0.113827 -0.387951 2.47839 1
0.540995 0.686294 19824 0
0.132043 -0.0869075 2.53698 1
0.546457 0.540769 20288 0
0.132399 0.101221 2.52946 1
0.546721 0.452375 20232 0
-0.0188707 -0.182947 2.50786 1
0.493284 0.586819 20056 0
-0.0414227 -0.3918 2.41965 1
0.484719 0.69271 19352 0
-0.0216038 -0.579603 2.2111 1
0.491279 0.811971 17688 0
-0.0259175 -0.64789 2.1758 1
0.489368 0.854385 17400 0
0.304746 -0.196488 2.52492 1
0.607732 0.592615 20192 0
0.325236 -0.41813 2.41485 1
0.620216 0.706069 19312 0
0.335322 -0.604387 2.20408 1
0.635797 0.826348 17632 0
0.364669 -0.67861 2.07741 1
0.656686 0.888769 16616 0
0.0237263 -0.489485 2.40009 1
0.508824 0.742719 19200 0
0.0395582 -0.616123 2.12563 1
0.516611 0.844963 17000 0
-0.123577 -0.802205 2.20651 1
0.45001 0.932686 17648 0
-0.0594662 -0.809502 2.12774 1
0.475054 0.952786 17016 0
0.195023 -0.50832 2.39435 1
0.572703 0.752663 19152 0
0.368624 -0.58082 2.14715 1
0.653241 0.821937 17176 0
0.329164 -0.835498 2.11041 1
0.639219 0.971163 16880 0
0.348297 -0.868521 2.03445 1
0.652811 1.00807 16272 0
40
0.113309 -0.430418 2.42235 1
0.541753 0.711469 19376 0
0.113839 -0.387848 2.4784 1
0.540999 0.686244 19824 0
0.13206 -0.0869083 2.53699 1
0.546463 0.540769 20288 0
0.132353 0.101299 2.52938 1
0.546706 0.452337 20232 0
-0.0188947 -0.182948 2.50787 1
0.493275 0.586819 20056 0
-0.0413924 -0.391886 2.41957 1
0.48473 0.692759 19352 0
-0.021566 -0.579695 2.21105 1
0.491294 0.812028 17688 0
-0.0259365 -0.647949 2.1757 1
0.489359 0.854434 17400 0
0.304733 -0.19649 2.52492 1
0.607727 0.592616 20192 0
0.325255 -0.419607 2.41309 1
0.620311 0.706948 19304 0
0.335384 -0.605937 2.2025 1
0.635919 0.82742 17616 0
0.364672 -0.678627 2.0774 1
0.656688 0.88878 16616 0
0.0237781 -0.48936 2.40008 1
0.508843 0.742658 19200 0
0.0392919 -0.615939 2.12557 1
0.5165 0.84487 17000 0
-0.123532 -0.802139 2.20648 1
0.450027 0.932656 17648 0
-0.0594494 -0.809499 2.12773 1
0.475061 0.952786 17016 0
0.194996 -0.508167 2.39438 1
0.572692 0.752585 19152 0
0.368621 -0.580826 2.14715 1
0.653239 0.821941 17176 0
0.328941 -0.835709 2.11117 1
0.639075 0.971113 16888 0
0.350989 -0.860085 2.03855 1
0.653683 1.00213 16304 0
40
0.113321 -0.430288 2.42236 1
0.541757 0.711404 19376 0
0.113851 -0.387746 2.47841 1
0.541003 0.686195 19824 0
0.132076 -0.0869099 2.53699 1
0.546469 0.54077 20288 0
0.13231 0.10135 2.52931 1
0.546692 0.452311 20232 0
-0.0189191 -0.182949 2.50788 1
0.493266 0.586819 20056 0
-0.0413538 -0.391985 2.41949 1
0.484744 0.692814 19352 0
-0.0215181 -0.579805 2.21099 1
0.491313 0.812096 17680 0
-0.0259568 -0.648016 2.17558 1
0.48935 0.854489 17400 0
0.304722 -0.196492 2.52493 1
0.607723 0.592616 20192 0
0.325382 -0.41922 2.41324 1
0.62035 0.706745 19304 0
0.335422 -0.605664 2.20276 1
0.635918 0.827233 17616 0
0.364675 -0.678644 2.07739 1
0.65669 0.888792 16616 0
0.023831 -0.489234 2.40007 1
0.508863 0.742597 19200 0
0.0384855 -0.615597 2.12545 1
0.516162 0.844698 17000 0
-0.123491 -0.802088 2.20645 1
0.450043 0.932635 17648 0
-0.059432 -0.809497 2.12771 1
0.475068 0.952787 17016 0
0.194972 -0.508019 2.3944 1
0.572682 0.752509 19152 0
0.368616 -0.580832 2.14715 1
0.653237 0.821944 17176 0
0.313074 -0.824612 2.14475 1
0.630293 0.957577 17152 0
0.348752 -0.843981 2.05987 1
0.651123 0.987623 16472 0
40
0.113332 -0.430163 2.42237 1
0.541761 0.711342 19376 0
0.113864 -0.387648 2.47842 1
0.541008 0.686147 19824 0
0.132091 -0.0869114 2.53699 1
0.546474 0.540771 20288 0
0.132272 0.10139 2.52925 1
0.54668 0.452291 20232 0
-0.0189437 -0.182951 2.50789 1
0.493258 0.58682 20056 0
-0.0413291 -0.392034 2.41944 1
0.484753 0.692842 19352 0
-0.0214842 -0.579873 2.21097 1
0.491327 0.812135 17680 0
-0.0259769 -0.648046 2.1755 1
0.489342 0.854518 17400 0
0.304708 -0.196497 2.52493 1
0.607718 0.592619 20192 0
0.325536 -0.418687 2.41355 1
0.620392 0.706455 19304 0
0.335466 -0.605231 2.20319 1
0.63591 0.826936 17624 0
0.364678 -0.678662 2.07737 1
0.656692 0.888805 16616 0
0.023884 -0.489112 2.40006 1
0.508883 0.742538 19200 0
0.0382298 -0.61544 2.1254 1
0.516055 0.844618 17000 0
-0.123452 -0.802047 2.20642 1
0.450058 0.932618 17648 0
-0.0594118 -0.809495 2.1277 1
0.475076 0.952788 17016 0
0.194948 -0.507878 2.39442 1
0.572673 0.752437 19152 0
0.368613 -0.580836 2.14715 1
0.653236 0.821946 17176 0
0.305942 -0.81956 2.15978 1
0.626439 0.95161 17272 0
0.348126 -0.835964 2.06937 1
0.65016 0.980776 16552 0
40
0.113344 -0.430035 2.42238 1
0.541765 0.711277 19376 0
0.113877 -0.387545 2.47843 1
0.541012 0.686097 19824 0
0.132106 -0.0869127 2.537 1
0.546479 0.540771 20288 0
0.132238 0.101431 2.52921 1
0.546669 0.452272 20232 0
-0.0189673 -0.182953 2.5079 1
0.493249 0.58682 20056 0
-0.0412951 -0.392099 2.41938 1
0.484765 0.692879 19352 0
-0.0214384 -0.579958 2.21094 1
0.491345 0.812185 17680 0
-0.0259964 -0.648086 2.1754 1
0.489333 0.854556 17400 0
0.304694 -0.196501 2.52493 1
0.607713 0.592621 20192 0
0.325027 -0.420723 2.41132 1
0.620315 0.707651 19288 0
0.335358 -0.607158 2.20107 1
0.635997 0.828291 17608 0
0.36468 -0.678675 2.07736 1
0.656695 0.888814 16616 0
0.0239375 -0.488991 2.40004 1
0.508903 0.742479 19200 0
0.0380424 -0.615334 2.12537 1
0.515977 0.844563 17000 0
-0.123426 -0.802015 2.20639 1
0.450068 0.932606 17648 0
-0.0593969 -0.809494 2.1277 1
0.475082 0.95279 17016 0
0.194921 -0.507716 2.39444 1
0.572662 0.752354 19152 0
0.368609 -0.580842 2.14715 1
0.653234 0.821949 17176 0
0.305782 -0.81807 2.16174 1
0.626259 0.950379 17288 0
0.348671 -0.831654 2.07302 1
0.650129 0.977454 16584 0
40
0.113361 -0.429902 2.42239 1
0.541771 0.711212 19376 0
0.113893 -0.387441 2.47843 1
0.541018 0.686046 19824 0
0.13212 -0.0869139 2.537 1
0.546484 0.540772 20288 0
0.132216 0.101464 2.52917 1
0.546662 0.452255 20232 0
-0.0189853 -0.182955 2.50791 1
0.493243 0.586821 20056 0
-0.0412803 -0.392118 2.41934 1
0.48477 0.692891 19352 0
-0.0214085 -0.579999 2.21094 1
0.491357 0.812207 17680 0
-0.026019 -0.648084 2.17533 1
0.489324 0.854567 17400 0
0.304682 -0.196504 2.52493 1
0.607709 0.592622 20192 0
0.324641 -0.42239 2.40948 1
0.620264 0.708633 19272 0
0.335274 -0.60873 2.19927 1
0.636074 0.829411 17592 0
0.364682 -0.67868 2.07735 1
0.656696 0.888819 16616 0
0.0240018 -0.488861 2.40002 1
0.508927 0.742417 19200 0
0.0380811 -0.615272 2.12539 1
0.515993 0.844526 17000 0
-0.123402 -0.801986 2.20637 1
0.450077 0.932594 17648 0
-0.0593827 -0.809493 2.12769 1
0.475088 0.952791 17016 0
0.1949 -0.507549 2.39446 1
0.572654 0.752268 19152 0
0.368605 -0.580853 2.14715 1
0.653233 0.821955 17176 0
0.308049 -0.817588 2.15907 1
0.627352 0.950671 17272 0
0.349306 -0.828568 2.07524 1
0.650242 0.975173 16600 0
40
0.113379 -0.429775 2.4224 1
0.541777 0.711148 19376 0
0.11391 -0.387338 2.47844 1
0.541024 0.685996 19824 0
0.132134 -0.0869149 2.537 1
0.546489 0.540772 20296 0
0.132203 0.10148 2.52915 1
0.546657 0.452248 20232 0
-0.0190023 -0.182957 2.50791 1
0.493237 0.586822 20056 0
-0.0412682 -0.392125 2.41932 1
0.484774 0.692896 19352 0
-0.0213788 -0.580024 2.21095 1
0.491369 0.81222 17680 0
-0.0260435 -0.648062 2.17527 1
0.489313 0.854565 17400 0
0.30467 -0.196509 2.52493 1
0.607704 0.592624 20192 0
0.324263 -0.424292 2.40751 1
0.620222 0.709744 19256 0
0.335182 -0.610526 2.19729 1
0.636159 0.830681 17576 0
0.364683 -0.678683 2.07735 1
0.656696 0.888821 16616 0
0.0240688 -0.488731 2.39999 1
0.508952 0.742355 19192 0
0.0382064 -0.615248 2.12543 1
0.516045 0.844506 17000 0
-0.123383 -0.801969 2.20635 1
0.450085 0.932589 17648 0
-0.0593719 -0.809497 2.12768 1
0.475093 0.952795 17016 0
0.194882 -0.507387 2.39449 1
0.572646 0.752185 19152 0
0.368603 -0.58086 2.14715 1
0.653232 0.821959 17176 0
0.307489 -0.817139 2.16083 1
0.627017 0.950056 17280 0
0.350042 -0.826299 2.07646 1
0.65047 0.973593 16608 0
40
0.113398 -0.429641 2.42241 1
0.541784 0.711082 19376 0
0.113926 -0.387233 2.47844 1
0.54103 0.685946 19824 0
0.132148 -0.0869164 2.537 1
0.546494 0.540773 20296 0
0.132194 0.101484 2.52914 1
0.546654 0.452245 20232 0
-0.0190183 -0.182959 2.50791 1
0.493231 0.586823 20056 0
-0.0412671 -0.392107 2.4193 1
0.484775 0.692889 19352 0
-0.0213525 -0.580037 2.21096 1
0.49138 0.812225 17680 0
-0.0260831 -0.64802 2.17522 1
0.489297 0.85455 17400 0
0.304665 -0.196511 2.52494 1
0.607703 0.592625 20192 0
0.324416 -0.423829 2.40783 1
0.620263 0.709487 19256 0
0.33521 -0.610096 2.19761 1
0.636151 0.8304 17576 0
0.364683 -0.678685 2.07734 1
0.656697 0.888824 16616 0
0.0241346 -0.4886 2.39997 1
0.508976 0.742293 19192 0
0.0383878 -0.615248 2.12548 1
0.516121 0.844497 17000 0
-0.123343 -0.801965 2.20633 1
0.4501 0.932591 17648 0
-0.0593587 -0.809497 2.12765 1
0.475098 0.952801 17016 0
0.194866 -0.507231 2.39451 1
0.57264 0.752106 19152 0
0.3686 -0.580867 2.14715 1
0.653231 0.821964 17176 0
0.309192 -0.817106 2.15915 1
0.62782 0.950389 17272 0
0.350928 -0.824586 2.07685 1
0.650823 0.972524 16608 0
40
0.113418 -0.429511 2.42242 1
0.541791 0.711017 19376 0
0.113941 -0.387129 2.47845 1
0.541035 0.685895 19824 0
0.132162 -0.0869175 2.537 1
0.546499 0.540774 20296 0
0.13219 0.101491 2.52912 1
0.546653 0.452242 20232 0
-0.01903 -0.182959 2.50791 1
0.493227 0.586823 20056 0
-0.0412706 -0.392065 2.41928 1
0.484773 0.69287 19352 0
-0.0213351 -0.580032 2.21099 1
0.491387 0.812219 17680 0
-0.0261159 -0.647964 2.17519 1
0.489283 0.854524 17400 0
0.304662 -0.196512 2.52494 1
0.607701 0.592626 20192 0
0.324847 -0.422586 2.40897 1
0.620366 0.708774 19264 0
0.335302 -0.608965 2.19875 1
0.636118 0.829616 17584 0
0.364683 -0.678689 2.07734 1
0.656697 0.888826 16616 0
0.0241997 -0.48847 2.39994 1
0.509 0.742231 19192 0
0.0387737 -0.615345 2.12562 1
0.516282 0.844529 17000 0
-0.123315 -0.80196 2.20631 1
0.450111 0.932592 17648 0
-0.0593343 -0.809504 2.12764 1
0.475108 0.952807 17016 0
0.19485 -0.50708 2.39453 1
0.572633 0.752028 19152 0
0.368597 -0.580875 2.14715 1
0.65323 0.821968 17176 0
0.312913 -0.817911 2.15317 1
0.629718 0.952086 17224 0
0.351976 -0.823265 2.07655 1
0.651295 0.971835 16608 0
40
0.113436 -0.429387 2.42242 1
0.541798 0.710956 19376 0
0.113954 -0.387029 2.47845 1
0.54104 0.685847 19824 0
0.132176 -0.0869185 2.537 1
0.546503 0.540774 20296 0
0.132188 0.101497 2.52911 1
0.546653 0.452239 20232 0
-0.0190405 -0.182959 2.50791 1
0.493223 0.586823 20056 0
-0.0412707 -0.391999 2.41927 1
0.484773 0.692838 19352 0
-0.0213147 -0.580015 2.21103 1
0.491395 0.812204 17688 0
-0.0261491 -0.647898 2.17517 1
0.48927 0.854491 17400 0
0.30466 -0.196513 2.52494 1
0.607701 0.592626 20192 0
0.325069 -0.422115 2.40947 1
0.620422 0.708498 19272 0
0.335362 -0.608509 2.19923 1
0.636112 0.829298 17592 0
0.364684 -0.678698 2.07733 1
0.656699 0.888834 16616 0
0.0242615 -0.488346 2.39992 1
0.509023 0.742172 19192 0
0.0392779 -0.615499 2.1258 1
0.516492 0.844586 17000 0
-0.123292 -0.801958 2.2063 1
0.45012 0.932594 17648 0
-0.0593107 -0.809514 2.12763 1
0.475118 0.952814 17016 0
0.194834 -0.50694 2.39455 1
0.572626 0.751957 19152 0
0.368593 -0.580884 2.14715 1
0.653228 0.821973 17176 0
0.319625 -0.843556 2.12714 1
0.634122 0.971965 17016 0
0.339475 -0.872976 2.04159 1
0.64842 1.00889 16328 0
40
0.113454 -0.429267 2.42243 1
0.541804 0.710896 19376 0
0.113968 -0.386931 2.47845 1
0.541045 0.6858 19824 0
0.132191 -0.0869196 2.537 1
0.546509 0.540775 20296 0
0.132188 0.101502 2.52911 1
0.546653 0.452236 20232 0
-0.0190521 -0.182958 2.5079 1
0.493219 0.586823 20056 0
-0.041267 -0.391955 2.41926 1
0.484774 0.692818 19352 0
-0.021297 -0.580009 2.21106 1
0.491403 0.812196 17688 0
-0.026174 -0.647853 2.17515 1
0.489259 0.85447 17400 0
0.304659 -0.196514 2.52494 1
0.6077 0.592626 20192 0
0.325612 -0.420052 2.41129 1
0.620533 0.707322 19288 0
0.335526 -0.606598 2.20112 1
0.636062 0.827982 17608 0
0.364688 -0.678714 2.07731 1
0.656702 0.888846 16616 0
0.0243212 -0.488225 2.3999 1
0.509046 0.742114 19192 0
0.0385305 -0.615153 2.12569 1
0.516179 0.844409 17000 0
-0.123269 -0.801958 2.20628 1
0.450129 0.932597 17648 0
-0.0592845 -0.809526 2.12763 1
0.475129 0.952822 17016 0
0.194819 -0.50681 2.39457 1
0.57262 0.75189 19152 0
0.36859 -0.580894 2.14715 1
0.653227 0.821979 17176 0
0.329196 -0.839917 2.10861 1
0.639352 0.97406 16864 0
0.35897 -0.855502 2.03127 1
0.657741 1.00124 16248 0
40
0.113472 -0.429154 2.42243 1
0.541811 0.71084 19376 0
0.113982 -0.386837 2.47845 1
0.54105 0.685755 19824 0
0.132206 -0.0869195 2.537 1
0.546514 0.540775 20296 0
0.1322 0.101523 2.52911 1
0.546657 0.452226 20232 0
-0.0190608 -0.182957 2.5079 1
0.493216 0.586823 20056 0
-0.0413171 -0.391805 2.41926 1
0.484756 0.692743 19352 0
-0.0212938 -0.579945 2.21114 1
0.491404 0.812149 17688 0
-0.0262375 -0.647728 2.17517 1
0.489233 0.854398 17400 0
0.304658 -0.196515 2.52495 1
0.6077 0.592627 20192 0
0.326142 -0.418219 2.41299 1
0.620644 0.706272 19296 0
0.335679 -0.604865 2.20286 1
0.636016 0.826786 17616 0
0.364691 -0.678728 2.0773 1
0.656704 0.888857 16616 0
0.0243821 -0.488109 2.39988 1
0.509068 0.742058 19192 0
0.0379029 -0.614931 2.12566 1
0.515916 0.84429 17000 0
-0.123242 -0.801947 2.20627 1
0.45014 0.932593 17648 0
-0.0592569 -0.80953 2.12762 1
0.47514 0.952826 17016 0
0.194804 -0.506685 2.39459 1
0.572614 0.751826 19152 0
0.368587 -0.5809 2.14715 1
0.653226 0.821982 17176 0
0.332403 -0.838747 2.1035 1
0.641051 0.97455 16824 0
0.365547 -0.844303 2.03268 1
0.660519 0.994335 16256 0
40
0.113489 -0.429047 2.42244 1
0.541817 0.710787 19376 0
0.113995 -0.386747 2.47846 1
0.541054 0.685711 19824 0
0.132219 -0.0869193 2.537 1
0.546519 0.540774 20296 0
0.132215 0.101515 2.5291 1
0.546662 0.45223 20232 0
-0.0190683 -0.182956 2.50789 1
0.493213 0.586822 20056 0
-0.0413765 -0.391578 2.4193 1
0.484734 0.692629 19352 0
-0.0213012 -0.579828 2.21129 1
0.491402 0.812066 17688 0
-0.0263131 -0.647546 2.17523 1
0.489203 0.85429 17400 0
0.304658 -0.196515 2.52495 1
0.6077 0.592627 20192 0
0.32666 -0.416685 2.41448 1
0.620761 0.705389 19312 0
0.335838 -0.6034 2.20438 1
0.635987 0.82577 17632 0
0.364694 -0.678747 2.07728 1
0.656707 0.888872 16616 0
0.0244416 -0.487997 2.39986 1
0.509091 0.742004 19192 0
0.0376446 -0.61488 2.12569 1
0.515807 0.844257 17000 0
-0.123213 -0.801936 2.20625 1
0.450151 0.93259 17648 0
-0.0592383 -0.809535 2.12762 1
0.475148 0.95283 17016 0
0.19479 -0.50657 2.39461 1
0.572608 0.751766 19152 0
0.368585 -0.580903 2.14715 1
0.653225 0.821984 17176 0
0.333648 -0.846724 2.09873 1
0.641901 0.98015 16784 0
0.355371 -0.868483 2.02492 1
0.656649 1.01044 16192 0
40
0.113505 -0.428946 2.42245 1
0.541823 0.710737 19376 0
0.114006 -0.38666 2.47846 1
0.541058 0.685669 19824 0
0.132237 -0.0869186 2.537 1
0.546525 0.540774 20296 0
0.132231 0.101504 2.5291 1
0.546668 0.452235 20232 0
-0.019073 -0.182953 2.50789 1
0.493212 0.586821 20056 0
-0.0414334 -0.39135 2.41934 1
0.484713 0.692514 19352 0
-0.0213104 -0.579711 2.21143 1
0.491399 0.811983 17688 0
-0.0263843 -0.647367 2.17528 1
0.489174 0.854182 17400 0
0.30466 -0.196516 2.52495 1
0.6077 0.592627 20192 0
0.327068 -0.415417 2.41573 1
0.620849 0.704658 19320 0
0.335951 -0.602212 2.20571 1
0.635951 0.824934 17640 0
0.364695 -0.678792 2.07725 1
0.656709 0.888902 16616 0
0.0244982 -0.487889 2.39985 1
0.509112 0.741952 19192 0
0.0376031 -0.61487 2.12574 1
0.51579 0.844244 17000 0
-0.123185 -0.801921 2.20624 1
0.450162 0.932585 17648 0
-0.0592068 -0.809539 2.12761 1
0.475161 0.952832 17016 0
0.194776 -0.506463 2.39463 1
0.572603 0.751711 19152 0
0.368584 -0.580905 2.14715 1
0.653225 0.821985 17176 0
0.320058 -0.843676 2.12058 1
0.634718 0.973492 16960 0
0.356015 -0.846566 2.04736 1
0.655213 0.992108 16376 0
40
0.11352 -0.428844 2.42246 1
0.541828 0.710686 19376 0
0.114016 -0.386571 2.47846 1
0.541062 0.685626 19824 0
0.132254 -0.0869173 2.537 1
0.546531 0.540774 20288 0
0.132248 0.101498 2.5291 1
0.546674 0.452238 20232 0
-0.019077 -0.18295 2.50788 1
0.49321 0.58682 20056 0
-0.0414605 -0.391208 2.41934 1
0.484704 0.692443 19352 0
-0.0213111 -0.579647 2.21151 1
0.491399 0.811937 17688 0
-0.0264306 -0.647257 2.17531 1
0.489155 0.854119 17400 0
0.304665 -0.196518 2.52495 1
0.607702 0.592628 20192 0
0.327402 -0.414363 2.41675 1
0.620922 0.704053 19328 0
0.336044 -0.601229 2.20681 1
0.635921 0.824241 17648 0
0.364697 -0.678845 2.07722 1
0.656712 0.888938 16616 0
0.0245503 -0.487783 2.39984 1
0.509131 0.7419 19192 0
0.0376729 -0.614888 2.12582 1
0.515818 0.844241 17000 0
-0.123146 -0.801893 2.20622 1
0.450177 0.932573 17648 0
-0.0591641 -0.809552 2.12761 1
0.475179 0.95284 17016 0
0.194762 -0.506364 2.39465 1
0.572596 0.75166 19152 0
0.368584 -0.580907 2.14715 1
0.653225 0.821986 17176 0
0.318769 -0.837215 2.12565 1
0.633856 0.968746 17000 0
0.357157 -0.835437 2.05722 1
0.654965 0.98331 16456 0
40
0.113533 -0.42875 2.42246 1
0.541833 0.71064 19376 0
0.114025 -0.386487 2.47847 1
0.541065 0.685586 19824 0
0.132276 -0.0869123 2.537 1
0.546539 0.540771 20288 0
0.132277 0.1015 2.52909 1
0.546685 0.452237 20232 0
-0.0190789 -0.182945 2.50787 1
0.493209 0.586818 20056 0
-0.0414812 -0.391079 2.41935 1
0.484696 0.692379 19352 0
-0.021325 -0.579577 2.21158 1
0.491393 0.81189 17688 0
-0.02646 -0.647161 2.17534 1
0.489143 0.854062 17400 0
0.30467 -0.19652 2.52496 1
0.607704 0.592629 20192 0
0.327681 -0.413544 2.41755 1
0.620985 0.703582 19336 0
0.336114 -0.600463 2.20767 1
0.635896 0.823701 17656 0
0.364695 -0.678894 2.07719 1
0.656714 0.888971 16616 0
0.0246008 -0.487679 2.39983 1
0.50915 0.74185 19192 0
0.0377871 -0.614917 2.1259 1
0.515866 0.844243 17000 0
-0.123102 -0.801856 2.2062 1
0.450195 0.932557 17648 0
-0.0591178 -0.809562 2.12761 1
0.475198 0.952846 17016 0
0.19474 -0.50628 2.39466 1
0.572588 0.751617 19152 0
0.368584 -0.580908 2.14715 1
0.653224 0.821987 17176 0
0.320727 -0.846562 2.11783 1
0.635176 0.975731 16936 0
0.346637 -0.867002 2.03731 1
0.65187 1.00647 16296 0
40
0.113544 -0.428664 2.42247 1
0.541837 0.710597 19376 0
0.114035 -0.386407 2.47847 1
0.541068 0.685547 19824 0
0.132302 -0.0869015 2.53699 1
0.546548 0.540766 20288 0
0.132353 0.101601 2.52902 1
0.546713 0.452188 20232 0
-0.0190794 -0.182941 2.50786 1
0.493209 0.586816 20056 0
-0.0415013 -0.390951 2.41936 1
0.484689 0.692316 19352 0
-0.0213313 -0.579499 2.21165 1
0.491391 0.811838 17688 0
-0.026492 -0.647051 2.17537 1
0.48913 0.853996 17400 0
0.304675 -0.196522 2.52496 1
0.607705 0.59263 20192 0
0.327898 -0.412874 2.4182 1
0.621032 0.703197 19344 0
0.336166 -0.599833 2.20839 1
0.635872 0.823256 17664 0
0.364693 -0.678942 2.07717 1
0.656715 0.889003 16616 0
0.0246494 -0.487583 2.39983 1
0.509168 0.741802 19192 0
0.0379132 -0.614961 2.126 1
0.515918 0.844252 17008 0
-0.123045 -0.801774 2.20619 1
0.450218 0.932516 17648 0
-0.0590832 -0.809558 2.12761 1
0.475213 0.952845 17016 0
0.194718 -0.506204 2.39467 1
0.57258 0.751578 19152 0
0.368584 -0.580909 2.14715 1
0.653224 0.821988 17176 0
0.323275 -0.840328 2.11667 1
0.636324 0.972485 16928 0
0.35599 -0.847717 2.042 1
0.655609 0.994069 16336 0
40
0.113556 -0.428582 2.42247 1
0.541841 0.710556 19376 0
0.114044 -0.386331 2.47847 1
0.541072 0.68551 19824 0
0.132329 -0.0868911 2.53699 1
0.546557 0.540761 20288 0
0.132417 0.101627 2.52898 1
0.546736 0.452175 20224 0
-0.019079 -0.182936 2.50784 1
0.493209 0.586815 20056 0
-0.0415217 -0.390829 2.41937 1
0.484681 0.692255 19352 0
-0.0213384 -0.57942 2.21172 1
0.491388 0.811786 17688 0
-0.0265241 -0.646942 2.1754 1
0.489117 0.853931 17400 0
0.304685 -0.196528 2.52495 1
0.607709 0.592633 20192 0
0.328066 -0.412347 2.41871 1
0.621069 0.702895 19344 0
0.336196 -0.599339 2.20896 1
0.635849 0.822907 17664 0
0.364688 -0.678978 2.07716 1
0.656714 0.889026 16616 0
0.0246957 -0.487491 2.39983 1
0.509185 0.741757 19192 0
0.0384739 -0.614883 2.1261 1
0.516152 0.844192 17008 0
-0.123025 -0.801732 2.20617 1
0.450225 0.932497 17648 0
-0.0590658 -0.809559 2.1276 1
0.47522 0.952845 17016 0
0.194699 -0.506136 2.39468 1
0.572572 0.751543 19152 0
0.368584 -0.58091 2.14715 1
0.653224 0.821988 17176 0
0.312231 -0.825946 2.14526 1
0.629912 0.95821 17160 0
0.355763 -0.833139 2.05852 1
0.654262 0.981677 16464 0
40
0.113568 -0.428505 2.42248 1
0.541845 0.710517 19376 0
0.114052 -0.386256 2.47848 1
0.541074 0.685474 19824 0
0.132365 -0.0868723 2.53699 1
0.54657 0.540753 20288 0
0.132534 0.101785 2.52889 1
0.546779 0.452099 20224 0
-0.0190729 -0.182935 2.50782 1
0.493212 0.586815 20056 0
-0.0415173 -0.390778 2.41937 1
0.484683 0.692229 19352 0
-0.0213318 -0.579389 2.21176 1
0.491391 0.811764 17688 0
-0.0265364 -0.646895 2.17541 1
0.489112 0.853904 17400 0
0.304705 -0.196532 2.52496 1
0.607716 0.592634 20192 0
0.32821 -0.411854 2.41918 1
0.621099 0.702613 19352 0
0.336218 -0.59887 2.20948 1
0.635826 0.822578 17672 0
0.364684 -0.679002 2.07715 1
0.656713 0.889042 16616 0
0.0247426 -0.4874 2.39983 1
0.509203 0.741712 19192 0
0.0390188 -0.614802 2.1262 1
0.51638 0.844131 17008 0
-0.12301 -0.801681 2.20615 1
0.450231 0.932473 17648 0
-0.0590481 -0.809557 2.1276 1
0.475228 0.952844 17016 0
0.194679 -0.506072 2.39468 1
0.572564 0.751511 19152 0
0.368584 -0.580911 2.14715 1
0.653224 0.821988 17176 0
0.317566 -0.820445 2.13678 1
0.632657 0.956965 17088 0
0.36013 -0.826879 2.05865 1
0.656146 0.978027 16464 0
40
0.113581 -0.428437 2.42249 1
0.54185 0.710483 19376 0
0.114061 -0.386188 2.47848 1
0.541078 0.685441 19824 0
0.1324 -0.0868534 2.53699 1
0.546582 0.540744 20288 0
0.132663 0.101924 2.52879 1
0.546826 0.452032 20224 0
-0.0190647 -0.182933 2.5078 1
0.493214 0.586815 20056 0
-0.0415045 -0.390732 2.41938 1
0.484688 0.692206 19352 0
-0.0213185 -0.57936 2.2118 1
0.491397 0.811742 17688 0
-0.0265452 -0.646851 2.17542 1
0.489108 0.853878 17400 0
0.304717 -0.196536 2.52496 1
0.60772 0.592636 20192 0
0.32804 -0.411951 2.4192 1
0.621034 0.702659 19352 0
0.336145 -0.598878 2.20955 1
0.635793 0.822572 17672 0
0.36468 -0.679022 2.07714 1
0.656711 0.889055 16616 0
0.0247965 -0.487313 2.39983 1
0.509223 0.741669 19192 0
0.0394892 -0.614803 2.12632 1
0.516577 0.844112 17008 0
-0.122999 -0.801639 2.20613 1
0.450235 0.932454 17648 0
-0.059035 -0.809555 2.1276 1
0.475233 0.952844 17016 0
0.194661 -0.506016 2.39469 1
0.572558 0.751482 19152 0
0.368584 -0.580911 2.14715 1
0.653224 0.821988 17176 0
0.322207 -0.817577 2.12964 1
0.635046 0.956893 17032 0
0.363115 -0.823057 2.0581 1
0.657482 0.975945 16464 0
40
0.113595 -0.428374 2.42249 1
0.541855 0.710452 19376 0
0.114071 -0.386124 2.47848 1
0.541081 0.68541 19824 0
0.132433 -0.0868344 2.53698 1
0.546594 0.540735 20288 0
0.132803 0.102055 2.52871 1
0.546877 0.451968 20224 0
-0.0190509 -0.182937 2.50776 1
0.493219 0.586818 20056 0
-0.0414654 -0.390959 2.41933 1
0.484702 0.692322 19352 0
-0.0212839 -0.57952 2.21176 1
0.49141 0.811834 17688 0
-0.0265499 -0.64697 2.17533 1
0.489106 0.853958 17400 0
0.304727 -0.196539 2.52497 1
0.607723 0.592638 20192 0
0.327569 -0.412991 2.41841 1
0.6209 0.703238 19344 0
0.335948 -0.599757 2.20881 1
0.635759 0.823155 17664 0
0.364675 -0.679038 2.07714 1
0.656709 0.889065 16616 0
0.0248563 -0.48723 2.39982 1
0.509245 0.741628 19192 0
0.0397941 -0.614896 2.12645 1
0.516704 0.844143 17008 0
-0.122984 -0.801608 2.20612 1
0.450241 0.93244 17648 0
-0.0589888 -0.809572 2.12762 1
0.475253 0.952849 17016 0
0.194646 -0.505965 2.3947 1
0.572552 0.751456 19152 0
0.368584 -0.58091 2.14715 1
0.653224 0.821988 17176 0
0.324929 -0.833907 2.11978 1
0.636821 0.968187 16952 0
0.348228 -0.864739 2.03921 1
0.652425 1.00468 16312 0
40
0.11361 -0.428316 2.42249 1
0.541861 0.710423 19376 0
0.114081 -0.386065 2.47848 1
0.541085 0.685382 19824 0
0.132465 -0.086818 2.53698 1
0.546606 0.540727 20288 0
0.132897 0.102112 2.52865 1
0.546911 0.45194 20224 0
-0.0190356 -0.182941 2.50772 1
0.493225 0.586821 20056 0
-0.0413922 -0.391269 2.41924 1
0.484728 0.692482 19352 0
-0.0212319 -0.579753 2.21169 1
0.491431 0.811969 17688 0
-0.026548 -0.647153 2.1752 1
0.489106 0.854079 17400 0
0.304736 -0.196543 2.52497 1
0.607726 0.592639 20192 0
0.32735 -0.413465 2.41807 1
0.620836 0.703499 19344 0
0.335848 -0.600147 2.20848 1
0.635738 0.823413 17664 0
0.364672 -0.679049 2.07713 1
0.656708 0.889071 16616 0
0.0249205 -0.487148 2.39982 1
0.509269 0.741588 19192 0
0.0402004 -0.615018 2.1266 1
0.516873 0.844187 17008 0
-0.122973 -0.801583 2.20611 1
0.450245 0.932429 17648 0
-0.0589407 -0.809591 2.12764 1
0.475273 0.952855 17016 0
0.194633 -0.505917 2.39471 1
0.572547 0.751432 19152 0
0.368584 -0.580909 2.14714 1
0.653225 0.821988 17176 0
0.326483 -0.845621 2.11264 1
0.637939 0.976368 16896 0
0.340801 -0.884916 2.02952 1
0.649886 1.01892 16232 0
40
0.113625 -0.428259 2.4225 1
0.541866 0.710395 19376 0
0.11409 -0.386004 2.47848 1
0.541088 0.685353 19824 0
0.132498 -0.0867918 2.53698 1
0.546617 0.540715 20288 0
0.133136 0.102379 2.52853 1
0.546998 0.451812 20224 0
-0.0190131 -0.182941 2.50766 1
0.493232 0.586823 20056 0
-0.0413795 -0.391381 2.4192 1
0.484733 0.69254 19352 0
-0.0212101 -0.579838 2.21166 1
0.49144 0.812018 17688 0
-0.0265594 -0.647213 2.17514 1
0.489101 0.854122 17400 0
0.304743 -0.196546 2.52497 1
0.607729 0.592641 20192 0
0.327069 -0.414196 2.41752 1
0.62076 0.703905 19336 0
0.335725 -0.600749 2.2079 1
0.635724 0.823822 17656 0
0.364668 -0.679055 2.07713 1
0.656707 0.889075 16616 0
0.0249869 -0.487067 2.39981 1
0.509294 0.741548 19192 0
0.0405404 -0.615144 2.12675 1
0.517015 0.844233 17008 0
-0.12295 -0.801524 2.2061 1
0.450254 0.932399 17648 0
-0.0588597 -0.809601 2.12769 1
0.475308 0.952852 17016 0
0.194616 -0.505865 2.39472 1
0.57254 0.751404 19152 0
0.368584 -0.580909 2.14714 1
0.653225 0.821988 17176 0
0.328589 -0.842798 2.11143 1
0.638909 0.97505 16888 0
0.352623 -0.857411 2.03853 1
0.6544 1.00057 16304 0
40
0.113639 -0.428202 2.4225 1
0.541871 0.710366 19376 0
0.114098 -0.385939 2.47849 1
0.541091 0.685321 19824 0
0.132532 -0.0867508 2.53698 1
0.546629 0.540696 20288 0
0.133378 0.102667 2.52839 1
0.547086 0.451674 20224 0
-0.0189892 -0.18294 2.50761 1
0.493241 0.586824 20056 0
-0.0413719 -0.391407 2.41919 1
0.484735 0.692553 19352 0
-0.0211872 -0.579848 2.21169 1
0.491449 0.81202 17688 0
-0.026576 -0.647199 2.17513 1
0.489094 0.854115 17400 0
0.304752 -0.196551 2.52497 1
0.607732 0.592643 20192 0
0.326956 -0.414513 2.41733 1
0.620728 0.704078 19336 0
0.335674 -0.600998 2.20769 1
0.635717 0.823988 17656 0
0.364665 -0.679064 2.07713 1
0.656706 0.889081 16616 0
0.0250501 -0.486984 2.39981 1
0.509317 0.741507 19192 0
0.040834 -0.615251 2.12689 1
0.517137 0.844271 17008 0
-0.12292 -0.801444 2.20609 1
0.450266 0.932358 17648 0
-0.0587872 -0.809589 2.12772 1
0.475338 0.952838 17016 0
0.194596 -0.505811 2.39474 1
0.572532 0.751375 19152 0
0.368584 -0.580906 2.14714 1
0.653225 0.821986 17176 0
0.330142 -0.838677 2.11174 1
0.639545 0.972659 16888 0
0.359737 -0.83937 2.04528 1
0.656995 0.98842 16360 0
40
0.113657 -0.428142 2.42251 1
0.541878 0.710336 19376 0
0.11411 -0.385871 2.47849 1
0.541095 0.685288 19824 0
0.132576 -0.0867078 2.53699 1
0.546645 0.540675 20288 0
0.133584 0.102869 2.52831 1
0.54716 0.451578 20224 0
-0.0189649 -0.182937 2.50756 1
0.493249 0.586825 20056 0
-0.0413637 -0.391439 2.41919 1
0.484738 0.692569 19352 0
-0.0211654 -0.579865 2.21171 1
0.491458 0.812026 17688 0
-0.0265852 -0.647198 2.17512 1
0.48909 0.854117 17400 0
0.30476 -0.196556 2.52497 1
0.607735 0.592645 20192 0
0.326841 -0.414906 2.41706 1
0.620699 0.704294 19336 0
0.335634 -0.601303 2.20736 1
0.63572 0.824199 17656 0
0.364664 -0.679067 2.07712 1
0.656705 0.889084 16616 0
0.0251187 -0.486898 2.39981 1
0.509343 0.741465 19192 0
0.0411177 -0.615358 2.12702 1
0.517255 0.84431 17016 0
-0.122884 -0.801367 2.20608 1
0.45028 0.932318 17648 0
-0.0587095 -0.809576 2.12775 1
0.475371 0.952823 17016 0
0.19458 -0.505756 2.39477 1
0.572525 0.751345 19152 0
0.368584 -0.580903 2.14714 1
0.653225 0.821985 17176 0
0.317274 -0.828445 2.14034 1
0.632314 0.960654 17120 0
0.360377 -0.827705 2.05719 1
0.656364 0.978844 16456 0
40
0.113676 -0.428083 2.42252 1
0.541885 0.710307 19376 0
0.114124 -0.385804 2.4785 1
0.5411 0.685255 19824 0
0.132621 -0.0866631 2.53699 1
0.54666 0.540654 20288 0
0.133772 0.10305 2.52824 1
0.547228 0.451491 20224 0
-0.018941 -0.182936 2.50751 1
0.493258 0.586826 20056 0
-0.0413198 -0.391695 2.41912 1
0.484754 0.692701 19352 0
-0.0211292 -0.580012 2.21162 1
0.491472 0.812118 17688 0
-0.0265692 -0.647335 2.17502 1
0.489096 0.854209 17400 0
0.304768 -0.196561 2.52497 1
0.607738 0.592648 20192 0
0.326781 -0.415085 2.41697 1
0.620681 0.704389 19328 0
0.33561 -0.601423 2.20725 1
0.635718 0.824281 17656 0
0.364662 -0.679065 2.07712 1
0.656706 0.889084 16616 0
0.0251866 -0.486815 2.3998 1
0.509368 0.741424 19192 0
0.041414 -0.615486 2.12716 1
0.517378 0.844359 17016 0
-0.122853 -0.801287 2.20607 1
0.450293 0.932277 17648 0
-0.0586496 -0.809563 2.12778 1
0.475397 0.95281 17016 0
0.194566 -0.505702 2.39479 1
0.572519 0.751316 19152 0
0.368584 -0.580898 2.14714 1
0.653225 0.821982 17176 0
0.31589 -0.825246 2.14479 1
0.631464 0.957923 17152 0
0.360924 -0.822123 2.0626 1
0.656191 0.974367 16496 0
40
0.113694 -0.428029 2.42252 1
0.541891 0.71028 19376 0
0.114137 -0.385742 2.47851 1
0.541104 0.685225 19824 0
0.132664 -0.0866213 2.53699 1
0.546675 0.540635 20288 0
0.133917 0.103196 2.52821 1
0.54728 0.451422 20224 0
-0.0189122 -0.182937 2.50745 1
0.493268 0.586828 20056 0
-0.0413049 -0.391794 2.4191 1
0.484759 0.69275 19352 0
-0.021121 -0.580053 2.21159 1
0.491476 0.812144 17688 0
-0.026563 -0.647376 2.17499 1
0.489099 0.854235 17392 0
0.304775 -0.196565 2.52497 1
0.60774 0.59265 20192 0
0.326725 -0.415203 2.41694 1
0.620662 0.70445 19328 0
0.335593 -0.601495 2.20718 1
0.635715 0.82433 17656 0
0.364665 -0.679063 2.0771 1
0.656707 0.889085 16616 0
0.0252515 -0.486737 2.3998 1
0.509392 0.741386 19192 0
0.0416382 -0.615603 2.12729 1
0.517471 0.844404 17016 0
-0.122835 -0.801227 2.20606 1
0.4503 0.932245 17648 0
-0.0585162 -0.809602 2.12788 1
0.475454 0.952811 17016 0
0.194551 -0.505651 2.39481 1
0.572513 0.751288 19152 0
0.368584 -0.580894 2.14714 1
0.653225 0.82198 17176 0
0.315432 -0.822823 2.14674 1
0.631154 0.956162 17168 0
0.361438 -0.818833 2.06556 1
0.656189 0.971792 16520 0
40
0.113712 -0.427978 2.42253 1
0.541898 0.710254 19376 0
0.114151 -0.385682 2.47851 1
0.541109 0.685196 19824 0
0.132708 -0.0865828 2.537 1
0.546691 0.540617 20288 0
0.134005 0.103276 2.52818 1
0.547311 0.451384 20224 0
-0.0188823 -0.182939 2.5074 1
0.493278 0.586831 20056 0
-0.041299 -0.391839 2.4191 1
0.484762 0.692773 19352 0
-0.0211168 -0.580073 2.21159 1
0.491477 0.812155 17688 0
-0.0265631 -0.647392 2.17499 1
0.489099 0.854245 17392 0
0.304783 -0.196569 2.52497 1
0.607743 0.592651 20192 0
0.32673 -0.415224 2.41706 1
0.620657 0.70445 19336 0
0.335606 -0.601444 2.20722 1
0.635718 0.824297 17656 0
0.364668 -0.679058 2.07709 1
0.65671 0.889085 16616 0
0.0253146 -0.486665 2.3998 1
0.509416 0.74135 19192 0
0.0418416 -0.615703 2.1274 1
0.517555 0.84444 17016 0
-0.122821 -0.801184 2.20606 1
0.450306 0.932223 17648 0
-0.0583887 -0.809653 2.12798 1
0.475509 0.952817 17016 0
0.194538 -0.505603 2.39484 1
0.572508 0.751262 19152 0
0.368583 -0.58089 2.14714 1
0.653225 0.821978 17176 0
0.317589 -0.820556 2.14311 1
0.632274 0.955677 17144 0
0.362063 -0.816705 2.06697 1
0.656352 0.970245 16528 0
40
0.113727 -0.427929 2.42254 1
0.541903 0.710229 19376 0
0.114162 -0.38562 2.47852 1
0.541114 0.685165 19824 0
0.13276 -0.0865053 2.537 1
0.546709 0.54058 20288 0
0.134148 0.103554 2.52812 1
0.547363 0.451252 20224 0
-0.0188534 -0.182938 2.50735 1
0.493288 0.586832 20056 0
-0.0412996 -0.391843 2.41912 1
0.484762 0.692773 19352 0
-0.0211161 -0.580054 2.21162 1
0.491478 0.812141 17688 0
-0.0265651 -0.647369 2.17501 1
0.489098 0.854229 17400 0
0.304786 -0.196568 2.52497 1
0.607744 0.592651 20192 0
0.326695 -0.415388 2.417 1
0.620648 0.704536 19328 0
0.335602 -0.601552 2.2071 1
0.635724 0.824372 17656 0
0.364669 -0.679058 2.07708 1
0.656711 0.889086 16616 0
0.0253709 -0.486594 2.3998 1
0.509437 0.741314 19192 0
0.0420068 -0.615791 2.12752 1
0.517624 0.844471 17016 0
-0.122793 -0.801123 2.20606 1
0.450317 0.932189 17648 0
-0.0583358 -0.809662 2.12802 1
0.475531 0.952815 17024 0
0.194515 -0.505553 2.39485 1
0.572498 0.751235 19152 0
0.368583 -0.580886 2.14713 1
0.653225 0.821976 17176 0
0.319697 -0.819142 2.13905 1
0.633405 0.955754 17112 0
0.362628 -0.815514 2.0675 1
0.656556 0.969439 16536 0
40
0.113741 -0.427882 2.42254 1
0.541908 0.710206 19376 0
0.114174 -0.38556 2.47852 1
0.541117 0.685136 19824 0
0.13281 -0.0864326 2.537 1
0.546727 0.540546 20288 0
0.134227 0.103633 2.5281 1
0.547391 0.451214 20224 0
-0.0188254 -0.182935 2.5073 1
0.493298 0.586833 20056 0
-0.0413024 -0.391786 2.41918 1
0.484761 0.69274 19352 0
-0.0211294 -0.579971 2.21169 1
0.491473 0.812086 17688 0
-0.0265633 -0.647288 2.17508 1
0.489099 0.854173 17400 0
0.30479 -0.196567 2.52497 1
0.607745 0.59265 20192 0
0.326653 -0.415731 2.41682 1
0.620642 0.704721 19328 0
0.335612 -0.601814 2.20686 1
0.635743 0.824549 17648 0
0.364672 -0.679062 2.07707 1
0.656713 0.889091 16616 0
0.025423 -0.486527 2.39981 1
0.509456 0.741281 19192 0
0.042154 -0.615859 2.12762 1
0.517685 0.844493 17016 0
-0.12277 -0.801078 2.20607 1
0.450326 0.932164 17648 0
-0.0582772 -0.809676 2.12806 1
0.475556 0.952814 17024 0
0.194491 -0.505505 2.39487 1
0.572489 0.751209 19152 0
0.368583 -0.580881 2.14713 1
0.653225 0.821974 17176 0
0.32349 -0.818656 2.132 1
0.635434 0.956991 17048 0
0.363821 -0.816036 2.06499 1
0.657262 0.970309 16512 0
40
0.113754 -0.427837 2.42255 1
0.541913 0.710183 19376 0
0.114184 -0.385502 2.47853 1
0.541121 0.685108 19824 0
0.132858 -0.0863649 2.537 1
0.546743 0.540514 20288 0
0.134284 0.103691 2.52809 1
0.547412 0.451187 20224 0
-0.0187977 -0.182931 2.50726 1
0.493308 0.586832 20056 0
-0.0412993 -0.391696 2.41925 1
0.484762 0.692691 19352 0
-0.0211452 -0.579867 2.21178 1
0.491467 0.812017 17688 0
-0.0265592 -0.647188 2.17517 1
0.489101 0.854102 17400 0
0.304793 -0.196564 2.52497 1
0.607746 0.592649 20192 0
0.326568 -0.416184 2.41656 1
0.620623 0.704965 19328 0
0.335618 -0.602133 2.20651 1
0.635767 0.824773 17648 0
0.364677 -0.679059 2.07706 1
0.656716 0.889092 16616 0
0.0254715 -0.486464 2.39982 1
0.509474 0.741248 19192 0
0.0423898 -0.615911 2.12773 1
0.517783 0.844504 17016 0
-0.12277 -0.801022 2.20607 1
0.450326 0.932133 17648 0
-0.0582516 -0.80968 2.12809 1
0.475567 0.952811 17024 0
0.194467 -0.505458 2.39489 1
0.57248 0.751184 19152 0
0.368584 -0.580877 2.14713 1
0.653226 0.821972 17176 0
0.329993 -0.819679 2.11822 1
0.639055 0.960537 16944 0
0.368202 -0.818105 2.0555 1
0.659891 0.973679 16440 0
40
0.113766 -0.427794 2.42256 1
0.541917 0.710161 19376 0
0.114193 -0.385446 2.47853 1
0.541124 0.685081 19824 0
0.132895 -0.0863073 2.537 1
0.546757 0.540487 20288 0
0.134319 0.103724 2.52808 1
0.547424 0.451171 20224 0
-0.018772 -0.182927 2.50722 1
0.493317 0.586832 20056 0
-0.041299 -0.391574 2.41934 1
0.484763 0.692624 19352 0
-0.0211678 -0.579733 2.21189 1
0.491458 0.81193 17688 0
-0.0265554 -0.647061 2.17529 1
0.489103 0.854014 17400 0
0.304796 -0.196561 2.52497 1
0.607747 0.592648 20192 0
0.326546 -0.416316 2.41651 1
0.620617 0.705035 19328 0
0.33562 -0.602217 2.20642 1
0.635773 0.824831 17648 0
0.364681 -0.679054 2.07705 1
0.656718 0.88909 16616 0
0.0255161 -0.486404 2.39983 1
0.50949 0.741218 19192 0
0.042655 -0.615944 2.12784 1
0.517893 0.844505 17016 0
-0.122773 -0.800972 2.20607 1
0.450325 0.932106 17648 0
-0.0582477 -0.809681 2.1281 1
0.475569 0.952809 17024 0
0.194445 -0.505412 2.3949 1
0.572471 0.75116 19152 0
0.368584 -0.580871 2.14713 1
0.653226 0.821969 17176 0
0.331743 -0.819578 2.11508 1
0.64 0.961163 16920 0
0.368942 -0.818838 2.05329 1
0.660384 0.974613 16424 0
40
0.113777 -0.427751 2.42256 1
0.541921 0.71014 19376 0
0.114203 -0.385391 2.47854 1
0.541128 0.685054 19824 0
0.132934 -0.0862457 2.53699 1
0.54677 0.540459 20288 0
0.134363 0.103765 2.52811 1
0.547439 0.451152 20224 0
-0.0187461 -0.182921 2.50718 1
0.493326 0.58683 20056 0
-0.0412778 -0.391553 2.41938 1
0.484771 0.69261 19352 0
-0.0211724 -0.579699 2.21192 1
0.491456 0.811908 17688 0
-0.0265449 -0.647029 2.17533 1
0.489108 0.85399 17400 0
0.304799 -0.196557 2.52497 1
0.607748 0.592646 20192 0
0.32658 -0.416354 2.41658 1
0.620626 0.705047 19328 0
0.335655 -0.602174 2.20641 1
0.635788 0.82481 17648 0
0.364692 -0.679018 2.07703 1
0.656724 0.889073 16616 0
0.0255605 -0.486345 2.39984 1
0.509507 0.741188 19192 0
0.0429335 -0.615968 2.12795 1
0.518009 0.844499 17016 0
-0.122787 -0.800893 2.20608 1
0.450319 0.932063 17648 0
-0.0582614 -0.809673 2.1281 1
0.475563 0.952804 17024 0
0.194422 -0.505366 2.39491 1
0.572462 0.751136 19152 0
0.368587 -0.580864 2.14713 1
0.653227 0.821965 17176 0
0.332912 -0.819485 2.11291 1
0.640638 0.961587 16896 0
0.36941 -0.819459 2.05168 1
0.660714 0.975348 16408 0
40
0.113788 -0.427694 2.42257 1
0.541925 0.710111 19376 0
0.114211 -0.385325 2.47854 1
0.541131 0.685022 19824 0
0.132969 -0.0861877 2.53699 1
0.546783 0.540431 20288 0
0.134394 0.103814 2.52814 1
0.547449 0.451129 20224 0
-0.0187326 -0.182912 2.50716 1
0.493331 0.586827 20056 0
-0.0412558 -0.391533 2.41941 1
0.48478 0.692598 19352 0
-0.0211782 -0.579668 2.21195 1
0.491454 0.811887 17688 0
-0.0265301 -0.647 2.17537 1
0.489114 0.853967 17400 0
0.304802 -0.196552 2.52497 1
0.607749 0.592643 20192 0
0.326678 -0.416258 2.41679 1
0.620652 0.704982 19328 0
0.335719 -0.601987 2.20651 1
0.635808 0.824694 17648 0
0.364704 -0.67897 2.07702 1
0.656731 0.889048 16616 0
0.0255997 -0.486279 2.39986 1
0.509521 0.741153 19192 0
0.0431723 -0.615978 2.12807 1
0.518108 0.844486 17024 0
-0.122799 -0.800821 2.20608 1
0.450315 0.932024 17648 0
-0.0582327 -0.809696 2.12815 1
0.475576 0.952807 17024 0
0.194398 -0.50531 2.39493 1
0.572452 0.751107 19152 0
0.368591 -0.580831 2.14712 1
0.653229 0.821948 17176 0
0.333646 -0.819411 2.11173 1
0.641027 0.961802 16888 0
0.369453 -0.820062 2.05084 1
0.660798 0.97589 16400 0
40
0.113797 -0.427639 2.42258 1
0.541928 0.710084 19376 0
0.114218 -0.385262 2.47855 1
0.541133 0.684991 19824 0
0.132998 -0.0861355 2.53698 1
0.546793 0.540407 20288 0
0.134412 0.103817 2.52819 1
0.547455 0.451129 20224 0
-0.018722 -0.182901 2.50713 1
0.493335 0.586822 20056 0
-0.0412307 -0.391482 2.41948 1
0.484789 0.692567 19352 0
-0.0211886 -0.57961 2.21202 1
0.49145 0.811846 17696 0
-0.0265178 -0.646943 2.17544 1
0.48912 0.853925 17400 0
0.304804 -0.196546 2.52498 1
0.60775 0.59264 20192 0
0.326818 -0.416091 2.41706 1
0.62069 0.704877 19336 0
0.335809 -0.601749 2.20669 1
0.635833 0.824538 17648 0
0.364717 -0.678949 2.077 1
0.656738 0.889039 16616 0
0.0256354 -0.486216 2.39987 1
0.509535 0.74112 19192 0
0.0433905 -0.615982 2.12818 1
0.518199 0.844471 17024 0
-0.122806 -0.800768 2.20607 1
0.450312 0.931995 17648 0
-0.0582162 -0.809705 2.12817 1
0.475583 0.952807 17024 0
0.194375 -0.505262 2.39493 1
0.572444 0.751082 19152 0
0.368594 -0.580796 2.14711 1
0.653231 0.82193 17176 0
0.334904 -0.8197 2.10915 1
0.641731 0.96253 16872 0
0.370772 -0.821287 2.04744 1
0.66164 0.977394 16376 0
40
0.113805 -0.427585 2.42259 1
0.541931 0.710056 19376 0
0.114226 -0.385199 2.47856 1
0.541136 0.684961 19824 0
0.133028 -0.086087 2.53698 1
0.546804 0.540384 20288 0
0.134424 0.103814 2.52824 1
0.547458 0.451131 20224 0
-0.018713 -0.182891 2.50712 1
0.493338 0.586818 20056 0
-0.041208 -0.39143 2.41955 1
0.484798 0.692536 19352 0
-0.0212014 -0.579551 2.2121 1
0.491445 0.811803 17696 0
-0.026507 -0.646885 2.17552 1
0.489124 0.853881 17400 0
0.304806 -0.196539 2.52498 1
0.607751 0.592637 20192 0
0.327339 -0.414391 2.41829 1
0.620821 0.703937 19344 0
0.336071 -0.600172 2.20793 1
0.635862 0.823506 17656 0
0.364732 -0.678932 2.07698 1
0.656746 0.889034 16608 0
0.0256683 -0.486155 2.3999 1
0.509547 0.741088 19192 0
0.0435878 -0.615965 2.12828 1
0.518281 0.844445 17024 0
-0.122752 -0.800684 2.20609 1
0.450334 0.931947 17648 0
-0.0581601 -0.809709 2.12821 1
0.475607 0.952802 17024 0
0.194353 -0.505214 2.39494 1
0.572435 0.751058 19152 0
0.368597 -0.580769 2.1471 1
0.653234 0.821917 17176 0
0.335929 -0.81976 2.10687 1
0.642319 0.963064 16848 0
0.372105 -0.822583 2.04435 1
0.662467 0.97887 16352 0
40
0.113813 -0.42753 2.4226 1
0.541934 0.710028 19376 0
0.11423 -0.385139 2.47856 1
0.541137 0.684931 19824 0
0.133055 -0.0860441 2.53698 1
0.546813 0.540364 20288 0
0.134422 0.10377 2.52831 1
0.547456 0.451153 20224 0
-0.0187052 -0.18288 2.5071 1
0.49334 0.586814 20056 0
-0.0411891 -0.391376 2.41962 1
0.484805 0.692504 19352 0
-0.0212212 -0.579487 2.21217 1
0.491437 0.811758 17696 0
-0.0264931 -0.646825 2.1756 1
0.489131 0.853835 17400 0
0.304812 -0.196529 2.52499 1
0.607752 0.592632 20192 0
0.327433 -0.414124 2.4185 1
0.620845 0.703787 19344 0
0.336126 -0.599904 2.20813 1
0.635873 0.823333 17664 0
0.364744 -0.678918 2.07696 1
0.656752 0.889029 16608 0
0.0256977 -0.486096 2.39992 1
0.509558 0.741056 19192 0
0.0437754 -0.615943 2.12837 1
0.518358 0.844418 17024 0
-0.122703 -0.800632 2.20612 1
0.450354 0.931914 17648 0
-0.0581165 -0.809709 2.12824 1
0.475626 0.952795 17024 0
0.194332 -0.505166 2.39495 1
0.572427 0.751033 19152 0
0.3686 -0.580742 2.14708 1
0.653236 0.821905 17176 0
0.336722 -0.819803 2.10499 1
0.642783 0.963503 16832 0
0.373245 -0.82374 2.04181 1
0.663167 0.980139 16328 0
40
0.113821 -0.427475 2.42261 1
0.541936 0.71 19376 0
0.114235 -0.385079 2.47857 1
0.541139 0.684902 19824 0
0.133079 -0.086006 2.53697 1
0.546822 0.540346 20288 0
0.134397 0.103685 2.52836 1
0.547446 0.451195 20224 0
-0.0186993 -0.182868 2.50708 1
0.493343 0.586809 20056 0
-0.0411729 -0.391277 2.41972 1
0.484812 0.692447 19352 0
-0.0212443 -0.579383 2.2123 1
0.491429 0.811684 17696 0
-0.0264865 -0.646722 2.17572 1
0.489134 0.853758 17400 0
0.304819 -0.196519 2.525 1
0.607754 0.592626 20200 0
0.327504 -0.413919 2.41866 1
0.620863 0.703673 19344 0
0.33617 -0.599694 2.20828 1
0.635881 0.823198 17664 0
0.364756 -0.678903 2.07695 1
0.656759 0.889023 16608 0
0.025724 -0.48604 2.39994 1
0.509567 0.741026 19192 0
0.0439071 -0.61591 2.12845 1
0.518413 0.844387 17024 0
-0.122655 -0.800591 2.20614 1
0.450374 0.931887 17648 0
-0.0580754 -0.809709 2.12826 1
0.475643 0.95279 17024 0
0.194315 -0.505121 2.39496 1
0.572421 0.75101 19152 0
0.368602 -0.58072 2.14706 1
0.653238 0.821895 17176 0
0.334103 -0.819752 2.11065 1
0.641292 0.962232 16880 0
0.370253 -0.824483 2.04583 1
0.661541 0.979629 16360 0
40
0.113828 -0.427422 2.42262 1
0.541939 0.709973 19376 0
0.114239 -0.385022 2.47858 1
0.54114 0.684874 19824 0
0.133101 -0.0859703 2.53697 1
0.546829 0.54033 20288 0
0.134374 0.103608 2.52842 1
0.547437 0.451232 20224 0
-0.0186933 -0.182858 2.50706 1
0.493345 0.586804 20056 0
-0.0411635 -0.391178 2.41982 1
0.484816 0.692391 19352 0
-0.0212837 -0.579253 2.2124 1
0.491413 0.8116 17696 0
-0.026466 -0.646613 2.17588 1
0.489143 0.853674 17400 0
0.304826 -0.196506 2.52502 1
0.607756 0.59262 20200 0
0.327565 -0.413725 2.41881 1
0.620879 0.703565 19344 0
0.336204 -0.599507 2.20842 1
0.635886 0.823076 17664 0
0.364763 -0.678889 2.07694 1
0.656762 0.889016 16608 0
0.0257496 -0.485987 2.39997 1
0.509577 0.740997 19192 0
0.0440187 -0.615873 2.12851 1
0.518459 0.844357 17024 0
-0.122606 -0.800556 2.20617 1
0.450395 0.931863 17648 0
-0.058015 -0.809712 2.1283 1
0.475669 0.952783 17024 0
0.1943 -0.505077 2.39497 1
0.572415 0.750987 19152 0
0.368604 -0.580698 2.14705 1
0.65324 0.821886 17176 0
0.332548 -0.835613 2.10707 1
0.640874 0.971975 16856 0
0.350841 -0.869318 2.02928 1
0.65432 1.00984 16232 0
40
0.113834 -0.427369 2.42263 1
0.541941 0.709946 19376 0
0.114241 -0.384966 2.47859 1
0.541141 0.684846 19824 0
0.13312 -0.0859388 2.53697 1
0.546836 0.540315 20288 0
0.134347 0.103564 2.52848 1
0.547427 0.451254 20224 0
-0.0186909 -0.182848 2.50705 1
0.493345 0.5868 20056 0
-0.0411471 -0.391125 2.41989 1
0.484823 0.692359 19352 0
-0.0213034 -0.579179 2.21246 1
0.491405 0.811551 17696 0
-0.0264489 -0.646551 2.17598 1
0.489151 0.853622 17400 0
0.304833 -0.196494 2.52503 1
0.607758 0.592613 20200 0
0.327512 -0.413711 2.4188 1
0.62086 0.703559 19344 0
0.336206 -0.599463 2.20843 1
0.635886 0.823051 17664 0
0.364769 -0.678879 2.07694 1
0.656765 0.889011 16608 0
0.0257692 -0.485934 2.39999 1
0.509584 0.740968 19192 0
0.0441015 -0.615854 2.12857 1
0.518493 0.844336 17024 0
-0.122559 -0.800519 2.20619 1
0.450414 0.931839 17648 0
-0.057966 -0.809711 2.12833 1
0.47569 0.952775 17024 0
0.194284 -0.505035 2.39498 1
0.572409 0.750965 19152 0
0.368599 -0.580687 2.14701 1
0.65324 0.821884 17176 0
0.332983 -0.836177 2.10606 1
0.641125 0.97252 16848 0
0.356757 -0.860073 2.02923 1
0.656926 1.00443 16232 0
40
0.113837 -0.427316 2.42265 1
0.541942 0.709919 19376 0
0.114243 -0.384911 2.47859 1
0.541141 0.68482 19824 0
0.133137 -0.0859108 2.53696 1
0.546842 0.540302 20288 0
0.134318 0.103527 2.52853 1
0.547415 0.451272 20224 0
-0.0186898 -0.182837 2.50704 1
0.493346 0.586795 20056 0
-0.0411356 -0.391031 2.41996 1
0.484827 0.692307 19352 0
-0.0213264 -0.579078 2.21255 1
0.491396 0.811484 17696 0
-0.0264392 -0.64646 2.17611 1
0.489155 0.853553 17408 0
0.304839 -0.19648 2.52504 1
0.607759 0.592607 20200 0
0.327325 -0.414197 2.41834 1
0.620813 0.703836 19344 0
0.336177 -0.599867 2.20799 1
0.635902 0.823333 17656 0
0.364776 -0.678872 2.07693 1
0.656768 0.889008 16608 0
0.0257851 -0.485881 2.40002 1
0.50959 0.74094 19200 0
0.0351547 -0.613272 2.12771 1
0.514748 0.843031 17016 0
-0.122511 -0.800481 2.20621 1
0.450434 0.931814 17648 0
-0.0579139 -0.809705 2.12836 1
0.475712 0.952766 17024 0
0.194266 -0.504992 2.39499 1
0.572402 0.750943 19152 0
0.368593 -0.580678 2.14698 1
0.65324 0.821884 17168 0
0.331894 -0.845656 2.10473 1
0.640753 0.978179 16832 0
0.348378 -0.878226 2.02427 1
0.653616 1.01633 16192 0
40
0.11384 -0.427265 2.42266 1
0.541943 0.709893 19376 0
0.114244 -0.384859 2.4786 1
0.541142 0.684794 19824 0
0.133152 -0.0858872 2.53696 1
0.546848 0.540291 20288 0
0.13428 0.10348 2.52859 1
0.547401 0.451295 20224 0
-0.0186883 -0.182828 2.50703 1
0.493346 0.586791 20056 0
-0.0411307 -0.390909 2.42005 1
0.48483 0.69224 19360 0
-0.0213438 -0.578969 2.21268 1
0.49139 0.811407 17696 0
-0.0264498 -0.64635 2.17623 1
0.489151 0.853472 17408 0
0.304845 -0.196465 2.52506 1
0.607761 0.592599 20200 0
0.327303 -0.414263 2.41831 1
0.620807 0.703872 19344 0
0.336184 -0.599892 2.20795 1
0.635907 0.823352 17656 0
0.364785 -0.678864 2.07692 1
0.656773 0.889006 16608 0
0.0257995 -0.485833 2.40004 1
0.509595 0.740913 19200 0
0.0340184 -0.612913 2.12766 1
0.514271 0.842838 17016 0
-0.12247 -0.800451 2.20622 1
0.450451 0.931795 17648 0
-0.0578648 -0.8097 2.12839 1
0.475733 0.952758 17024 0
0.194251 -0.504951 2.395 1
0.572395 0.750921 19152 0
0.368593 -0.580661 2.14696 1
0.653242 0.821879 17168 0
0.328291 -0.837108 2.11724 1
0.638402 0.970548 16936 0
0.350976 -0.852564 2.04727 1
0.653023 0.995616 16376 0
40
0.11384 -0.42722 2.42267 1
0.541942 0.70987 19376 0
0.114244 -0.384813 2.4786 1
0.541141 0.684771 19824 0
0.133164 -0.0858674 2.53695 1
0.546852 0.540282 20288 0
0.134215 0.103435 2.52863 1
0.547377 0.451317 20224 0
-0.0186875 -0.182818 2.50702 1
0.493347 0.586787 20056 0
-0.0411208 -0.390857 2.42011 1
0.484834 0.69221 19360 0
-0.0213594 -0.578907 2.21274 1
0.491384 0.811365 17696 0
-0.0264436 -0.646295 2.17632 1
0.489154 0.853427 17408 0
0.304845 -0.196453 2.52507 1
0.607761 0.592593 20200 0
0.327295 -0.4143 2.41829 1
0.620805 0.703892 19344 0
0.33619 -0.599904 2.20793 1
0.635911 0.823362 17656 0
0.364795 -0.678852 2.07691 1
0.656778 0.889001 16608 0
0.0258102 -0.485787 2.40006 1
0.509599 0.740888 19200 0
0.0335258 -0.612732 2.12772 1
0.514064 0.842728 17016 0
-0.122439 -0.800423 2.20624 1
0.450464 0.931777 17648 0
-0.0578254 -0.809691 2.12841 1
0.47575 0.952747 17024 0
0.194231 -0.504915 2.395 1
0.572388 0.750902 19160 0
0.368593 -0.58064 2.14693 1
0.653244 0.821871 17168 0
0.326927 -0.832709 2.12156 1
0.637546 0.967122 16968 0
0.35432 -0.838706 2.05629 1
0.653803 0.98542 16448 0
40
0.113839 -0.427178 2.42268 1
0.541942 0.709848 19376 0
0.114242 -0.384768 2.47861 1
0.541141 0.68475 19824 0
0.133172 -0.0858516 2.53695 1
0.546855 0.540274 20288 0
0.134155 0.103381 2.52866 1
0.547355 0.451344 20224 0
-0.0186862 -0.182808 2.50701 1
0.493347 0.586783 20056 0
-0.0411197 -0.390792 2.42018 1
0.484835 0.692172 19360 0
-0.0213837 -0.578828 2.21282 1
0.491374 0.811312 17696 0
-0.0264426 -0.646226 2.17643 1
0.489155 0.853372 17408 0
0.304846 -0.196438 2.52508 1
0.607761 0.592586 20200 0
0.327302 -0.414309 2.41832 1
0.620806 0.703893 19344 0
0.336208 -0.599888 2.20795 1
0.635917 0.823351 17656 0
0.364809 -0.678849 2.07689 1
0.656785 0.889003 16608 0
0.0258192 -0.485744 2.40008 1
0.509602 0.740865 19200 0
0.0338729 -0.612673 2.12787 1
0.514209 0.84267 17016 0
-0.122391 -0.80041 2.20626 1
0.450484 0.931767 17648 0
-0.0577816 -0.809691 2.12843 1
0.475768 0.952743 17024 0
0.194211 -0.504879 2.39501 1
0.57238 0.750884 19160 0
0.368596 -0.580609 2.1469 1
0.653247 0.821858 17168 0
0.326384 -0.829758 2.12369 1
0.63718 0.965 16984 0
0.35653 -0.831706 2.05998 1
0.654486 0.980507 16472 0
40
0.113839 -0.427137 2.42269 1
0.541942 0.709827 19376 0
0.114242 -0.384726 2.47862 1
0.54114 0.684729 19824 0
0.133179 -0.0858386 2.53694 1
0.546857 0.540268 20288 0
0.134094 0.103324 2.5287 1
0.547333 0.451371 20224 0
-0.0186849 -0.182799 2.507 1
0.493347 0.586779 20048 0
-0.0411175 -0.390768 2.42022 1
0.484836 0.692158 19360 0
-0.0213953 -0.578795 2.21286 1
0.49137 0.811289 17696 0
-0.0264424 -0.646199 2.17649 1
0.489156 0.853348 17408 0
0.304847 -0.196423 2.52508 1
0.607761 0.592578 20200 0
0.32733 -0.414239 2.41842 1
0.620811 0.70385 19344 0
0.336236 -0.599793 2.20804 1
0.635922 0.823286 17664 0
0.364819 -0.678842 2.07688 1
0.656791 0.889001 16608 0
0.0258291 -0.485705 2.40011 1
0.509606 0.740843 19200 0
0.0363366 -0.612561 2.12815 1
0.51524 0.842563 17024 0
-0.122334 -0.800408 2.20628 1
0.450507 0.931762 17648 0
-0.0577346 -0.809696 2.12845 1
0.475788 0.952742 17024 0
0.194196 -0.504844 2.39502 1
0.572375 0.750866 19160 0
0.368601 -0.580578 2.14688 1
0.653251 0.821844 17168 0
0.32634 -0.827184 2.12439 1
0.637117 0.963405 16992 0
0.358398 -0.827395 2.06141 1
0.655187 0.977684 16488 0
40
0.113839 -0.427097 2.4227 1
0.541942 0.709807 19376 0
0.11424 -0.384685 2.47862 1
0.54114 0.684709 19824 0
0.133183 -0.0858285 2.53693 1
0.546859 0.540264 20288 0
0.13404 0.103287 2.52871 1
0.547314 0.451388 20224 0
-0.0186836 -0.18279 2.50699 1
0.493348 0.586775 20048 0
-0.0411159 -0.390752 2.42025 1
0.484836 0.692147 19360 0
-0.0214048 -0.578771 2.21289 1
0.491366 0.811272 17696 0
-0.026444 -0.64618 2.17654 1
0.489155 0.853329 17408 0
0.304849 -0.196406 2.5251 1
0.607761 0.59257 20200 0
0.328023 -0.411361 2.42008 1
0.620984 0.702295 19360 0
0.336515 -0.597388 2.20998 1
0.635916 0.821708 17672 0
0.364831 -0.678833 2.07687 1
0.656797 0.888997 16608 0
0.0258388 -0.485668 2.40013 1
0.509609 0.740822 19200 0
0.038865 -0.612675 2.12851 1
0.516298 0.842569 17024 0
-0.122283 -0.800406 2.2063 1
0.450528 0.931756 17648 0
-0.0576889 -0.809699 2.12848 1
0.475808 0.952738 17024 0
0.194184 -0.504808 2.39502 1
0.57237 0.750847 19160 0
0.368605 -0.580547 2.14685 1
0.653254 0.821831 17168 0
0.326185 -0.825228 2.12513 1
0.637004 0.962148 17000 0
0.359452 -0.824528 2.06263 1
0.655551 0.975748 16496 0
40
0.11384 -0.427058 2.42271 1
0.541942 0.709787 19376 0
0.11424 -0.384647 2.47863 1
0.54114 0.68469 19824 0
0.133187 -0.0858203 2.53693 1
0.546861 0.54026 20288 0
0.133984 0.103254 2.52872 1
0.547294 0.451404 20224 0
-0.0186837 -0.182781 2.50698 1
0.493348 0.586771 20048 0
-0.041115 -0.390741 2.42027 1
0.484837 0.692139 19360 0
-0.0214123 -0.578754 2.21292 1
0.491363 0.811258 17696 0
-0.0264464 -0.646166 2.17658 1
0.489155 0.853315 17408 0
0.304847 -0.196384 2.52511 1
0.60776 0.592559 20200 0
0.32772 -0.41327 2.41863 1
0.620945 0.703356 19344 0
0.336482 -0.598958 2.20844 1
0.635997 0.822778 17664 0
0.36484 -0.67882 2.07686 1
0.656801 0.888992 16608 0
0.0258479 -0.485634 2.40016 1
0.509613 0.740803 19200 0
0.0409446 -0.612812 2.12881 1
0.517168 0.842597 17024 0
-0.122233 -0.800406 2.20633 1
0.450549 0.931751 17648 0
-0.0576477 -0.809702 2.1285 1
0.475825 0.952736 17024 0
0.194173 -0.504772 2.39503 1
0.572366 0.750828 19160 0
0.36861 -0.580517 2.14683 1
0.653258 0.821818 17168 0
0.326078 -0.823734 2.12566 1
0.636925 0.961196 17000 0
0.360173 -0.822582 2.06346 1
0.6558 0.974433 16504 0
40
0.113841 -0.427023 2.42272 1
0.541942 0.709769 19376 0
0.114239 -0.384611 2.47863 1
0.541139 0.684673 19824 0
0.133188 -0.0858146 2.53692 1
0.546861 0.540258 20288 0
0.133925 0.103221 2.52872 1
0.547273 0.45142 20224 0
-0.0186844 -0.182772 2.50697 1
0.493348 0.586767 20048 0
-0.0411134 -0.390729 2.4203 1
0.484838 0.692132 19360 0
-0.0214178 -0.578737 2.21295 1
0.491361 0.811245 17696 0
-0.0264502 -0.646152 2.17662 1
0.489153 0.853301 17408 0
0.304846 -0.196357 2.52512 1
0.607759 0.592546 20200 0
0.327658 -0.413297 2.4185 1
0.620929 0.703381 19344 0
0.336488 -0.59898 2.20835 1
0.636005 0.822802 17664 0
0.364849 -0.678806 2.07685 1
0.656806 0.888985 16608 0
0.0258567 -0.485604 2.40018 1
0.509616 0.740786 19200 0
0.0425347 -0.612967 2.12905 1
0.517832 0.842644 17032 0
-0.122187 -0.800406 2.20635 1
0.450568 0.931746 17648 0
-0.0576028 -0.809704 2.12852 1
0.475844 0.952732 17024 0
0.194164 -0.504737 2.39504 1
0.572362 0.75081 19160 0
0.368665 -0.579973 2.14688 1
0.653277 0.821508 17168 0
0.326191 -0.821655 2.12595 1
0.636953 0.95997 17000 0
0.360718 -0.821271 2.06395 1
0.656 0.973567 16504 0
40
0.11384 -0.426992 2.42273 1
0.541941 0.709753 19376 0
0.114238 -0.384579 2.47863 1
0.541139 0.684657 19824 0
0.13319 -0.0858101 2.53691 1
0.546862 0.540256 20288 0
0.133875 0.103245 2.52869 1
0.547256 0.451408 20224 0
-0.0186849 -0.182763 2.50696 1
0.493347 0.586763 20048 0
-0.0411125 -0.39072 2.42032 1
0.484838 0.692126 19360 0
-0.0214189 -0.578723 2.21298 1
0.491361 0.811234 17696 0
-0.0264571 -0.646139 2.17666 1
0.489151 0.853288 17408 0
0.304831 -0.196329 2.52512 1
0.607753 0.592533 20200 0
0.326419 -0.415201 2.41686 1
0.620553 0.704456 19328 0
0.336132 -0.600499 2.20683 1
0.635955 0.823844 17648 0
0.364857 -0.678797 2.07684 1
0.65681 0.888981 16608 0
0.0258637 -0.485575 2.4002 1
0.509618 0.740769 19200 0
0.0434219 -0.613161 2.12926 1
0.518203 0.842719 17032 0
-0.122145 -0.800407 2.20637 1
0.450586 0.931743 17648 0
-0.0575589 -0.809706 2.12854 1
0.475863 0.952728 17024 0
0.194151 -0.504705 2.39504 1
0.572357 0.750794 19160 0
0.368684 -0.579626 2.14686 1
0.653287 0.821319 17168 0
0.326256 -0.820185 2.12617 1
0.636966 0.959099 17008 0
0.361133 -0.820407 2.06417 1
0.656162 0.973017 16512 0
40
0.113837 -0.42696 2.42273 1
0.54194 0.709737 19376 0
0.114235 -0.384547 2.47863 1
0.541138 0.684642 19824 0
0.133188 -0.0858055 2.5369 1
0.546861 0.540254 20288 0
0.133834 0.103286 2.52864 1
0.547243 0.451387 20224 0
-0.0186866 -0.182755 2.50695 1
0.493347 0.586759 20048 0
-0.0411225 -0.390689 2.42036 1
0.484835 0.692107 19360 0
-0.021432 -0.578674 2.21302 1
0.491356 0.811202 17704 0
-0.0264631 -0.646099 2.17673 1
0.489148 0.853254 17408 0
0.304816 -0.196302 2.52512 1
0.607748 0.59252 20200 0
0.326019 -0.415743 2.41637 1
0.62043 0.704764 19328 0
0.336013 -0.600937 2.20638 1
0.635935 0.824147 17648 0
0.364863 -0.678789 2.07684 1
0.656813 0.888978 16608 0
0.0258689 -0.485547 2.40023 1
0.50962 0.740753 19200 0
0.0439171 -0.61323 2.12937 1
0.518409 0.84274 17032 0
-0.122082 -0.800388 2.2064 1
0.450612 0.931728 17648 0
-0.0574866 -0.809705 2.12858 1
0.475894 0.952719 17024 0
0.194134 -0.504672 2.39504 1
0.572351 0.750778 19160 0
0.368701 -0.579293 2.14683 1
0.653296 0.821139 17168 0
0.326786 -0.818961 2.12556 1
0.637228 0.958545 17000 0
0.362024 -0.820329 2.0628 1
0.656651 0.973286 16496 0
40
0.113832 -0.426929 2.42274 1
0.541939 0.709721 19376 0
0.114231 -0.384516 2.47864 1
0.541136 0.684627 19824 0
0.133182 -0.0858033 2.53689 1
0.54686 0.540253 20288 0
0.133783 0.103315 2.52857 1
0.547226 0.451373 20224 0
-0.0186933 -0.182747 2.50695 1
0.493344 0.586756 20048 0
-0.0411355 -0.390652 2.4204 1
0.48483 0.692086 19360 0
-0.0214459 -0.57862 2.21306 1
0.49135 0.811167 17704 0
-0.0264704 -0.646054 2.17681 1
0.489146 0.853217 17408 0
0.304801 -0.196276 2.52512 1
0.607743 0.592508 20200 0
0.325821 -0.416022 2.41611 1
0.620369 0.704924 19328 0
0.335948 -0.60118 2.20615 1
0.635923 0.824312 17648 0
0.364867 -0.678793 2.07683 1
0.656815 0.888981 16608 0
0.0258725 -0.485521 2.40025 1
0.509621 0.740738 19200 0
0.0442767 -0.613292 2.12945 1
0.518559 0.842762 17032 0
-0.122014 -0.800389 2.20643 1
0.45064 0.931722 17648 0
-0.0588633 -0.808603 2.12743 1
0.475303 0.952347 17016 0
0.194118 -0.504639 2.39504 1
0.572345 0.750762 19160 0
0.368711 -0.578999 2.1468 1
0.653302 0.82098 17168 0
0.327903 -0.818337 2.12384 1
0.637809 0.958568 16984 0
0.363499 -0.820777 2.05974 1
0.657523 0.974247 16472 0
40
0.113828 -0.426903 2.42274 1
0.541937 0.709708 19376 0
0.114229 -0.38449 2.47864 1
0.541135 0.684614 19824 0
0.133174 -0.0858049 2.53687 1
0.546857 0.540254 20288 0
0.133637 0.103358 2.52836 1
0.547178 0.451348 20224 0
-0.0187002 -0.182742 2.50694 1
0.493342 0.586753 20048 0
-0.0411499 -0.390613 2.42044 1
0.484825 0.692064 19360 0
-0.0214852 -0.578532 2.21309 1
0.491334 0.811115 17704 0
-0.0264623 -0.646003 2.17692 1
0.48915 0.853171 17408 0
0.304768 -0.196249 2.52511 1
0.607731 0.592495 20200 0
0.32542 -0.418369 2.41363 1
0.620345 0.706292 19304 0
0.335771 -0.603697 2.20373 1
0.636 0.826027 17624 0
0.364869 -0.678797 2.07683 1
0.656816 0.888984 16608 0
0.0258752 -0.4855 2.40027 1
0.509622 0.740726 19200 0
0.0444769 -0.613442 2.12956 1
0.518642 0.842828 17032 0
-0.121969 -0.800385 2.20645 1
0.450659 0.931715 17648 0
-0.0593728 -0.808215 2.127 1
0.475084 0.952223 17008 0
0.194102 -0.504608 2.39503 1
0.572339 0.750747 19160 0
0.368725 -0.578779 2.14678 1
0.65331 0.820862 17168 0
0.328884 -0.817936 2.12219 1
0.638328 0.958698 16976 0
0.364689 -0.821334 2.0571 1
0.658242 0.975179 16456 0
40
0.113823 -0.426879 2.42275 1
0.541935 0.709695 19376 0
0.114225 -0.384465 2.47864 1
0.541134 0.684602 19824 0
0.133165 -0.085808 2.53685 1
0.546854 0.540255 20288 0
0.1335 0.103426 2.52817 1
0.547134 0.451312 20224 0
-0.018708 -0.182737 2.50694 1
0.493339 0.586752 20048 0
-0.0411611 -0.390604 2.42046 1
0.484821 0.692057 19360 0
-0.0215153 -0.578485 2.21309 1
0.491322 0.811089 17704 0
-0.0264538 -0.645988 2.17699 1
0.489154 0.85315 17408 0
0.304734 -0.196224 2.5251 1
0.60772 0.592484 20200 0
0.324797 -0.420438 2.41151 1
0.62022 0.707494 19288 0
0.335561 -0.605781 2.20162 1
0.636045 0.827466 17608 0
0.364872 -0.678799 2.07682 1
0.656818 0.888987 16608 0
0.0258772 -0.485481 2.40029 1
0.509623 0.740714 19200 0
0.0445969 -0.613621 2.12967 1
0.518692 0.84291 17032 0
-0.121916 -0.800379 2.20648 1
0.450681 0.931706 17648 0
-0.0595626 -0.808054 2.12683 1
0.475003 0.952167 17008 0
0.194087 -0.504579 2.39503 1
0.572333 0.750733 19160 0
0.368738 -0.578588 2.14675 1
0.653317 0.82076 17168 0
0.329501 -0.817435 2.12136 1
0.638642 0.958598 16968 0
0.365262 -0.821814 2.05565 1
0.658602 0.975792 16440 0
40
0.113819 -0.426856 2.42275 1
0.541933 0.709684 19376 0
0.114222 -0.384443 2.47864 1
0.541133 0.684591 19824 0
0.133154 -0.0858138 2.53683 1
0.546851 0.540259 20288 0
0.133319 0.103474 2.52791 1
0.547074 0.451285 20216 0
-0.018715 -0.182735 2.50693 1
0.493337 0.58675 20048 0
-0.0411557 -0.390623 2.42047 1
0.484823 0.692066 19360 0
-0.0215299 -0.57847 2.21308 1
0.491316 0.811083 17704 0
-0.0264404 -0.646 2.17703 1
0.489159 0.853151 17416 0
0.3047 -0.196202 2.52508 1
0.607709 0.592474 20200 0
0.3246 -0.420976 2.41092 1
0.620176 0.70781 19280 0
0.335483 -0.606355 2.20105 1
0.636049 0.827861 17608 0
0.364873 -0.678799 2.07682 1
0.656819 0.888987 16608 0
0.0258791 -0.485464 2.4003 1
0.509624 0.740704 19200 0
0.0446312 -0.613821 2.12979 1
0.518705 0.843002 17032 0
-0.121869 -0.800378 2.20651 1
0.450701 0.9317 17648 0
-0.0596613 -0.807949 2.12674 1
0.47496 0.952129 17008 0
0.194071 -0.504551 2.39502 1
0.572328 0.750719 19160 0
0.368753 -0.57843 2.14673 1
0.653325 0.820675 17168 0
0.329781 -0.817121 2.12101 1
0.638783 0.958496 16968 0
0.365503 -0.822067 2.05499 1
0.658758 0.976092 16432 0
