219 20
40
1.39824 0.0652993 3.52248 1
0.854312 0.477938 28176 0
1.4038 0.095921 3.559 1
0.852071 0.467924 28472 0
1.42144 0.292847 3.57907 1
0.854496 0.402622 28632 0
1.38629 0.425145 3.57187 1
0.846428 0.358344 28568 0
1.26759 0.271024 3.49054 1
0.824145 0.407592 27920 0
1.23176 0.136354 3.39205 1
0.824128 0.452159 27136 0
1.32773 0.0841736 3.33192 1
0.855688 0.469934 26648 0
1.36653 0.0654057 3.31008 1
0.868497 0.476484 26480 0
1.46999 0.240353 3.47646 1
0.877426 0.417718 27808 0
1.48276 0.133165 3.37748 1
0.89186 0.453077 27016 0
1.433 0.273997 3.414 1
0.874661 0.404484 27312 0
1.40786 0.320378 3.42942 1
0.866433 0.388818 27432 0
1.34495 0.0151224 3.53491 1
0.839611 0.494909 28272 0
1.28728 -0.228015 3.46647 1
0.831466 0.578283 27728 0
1.47287 -0.381093 3.39356 1
0.887405 0.63365 27144 0
1.47962 -0.436877 3.39601 1
0.888896 0.653103 27168 0
1.43215 0.0124476 3.47556 1
0.867804 0.495738 27800 0
1.46451 -0.226241 3.44507 1
0.879444 0.578157 27560 0
1.49109 -0.43942 3.39766 1
0.891722 0.653919 27176 0
1.46987 -0.385868 3.40018 1
0.88586 0.635061 27200 0
40
1.39679 0.064192 3.52206 1
0.853987 0.478309 28176 0
1.40216 0.0946277 3.55867 1
0.851693 0.468354 28464 0
1.42008 0.291729 3.57946 1
0.854119 0.403004 28632 0
1.38493 0.423955 3.5728 1
0.845996 0.358778 28576 0
1.26693 0.269517 3.48978 1
0.824048 0.408086 27912 0
1.22956 0.139458 3.39372 1
0.823392 0.451094 27144 0
1.32489 0.0830233 3.33138 1
0.854984 0.47034 26648 0
1.37616 0.0674815 3.3119 1
0.870889 0.475751 26488 0
1.46975 0.252125 3.47796 1
0.8772 0.413725 27816 0
1.48423 0.122116 3.38504 1
0.891373 0.457066 27080 0
1.42743 0.24148 3.4049 1
0.874202 0.415594 27232 0
1.3975 0.279473 3.4147 1
0.865302 0.402595 27312 0
1.3432 0.0124131 3.53725 1
0.838944 0.495824 28296 0
1.28612 -0.229082 3.46815 1
0.831007 0.578611 27744 0
1.47232 -0.378872 3.39492 1
0.887105 0.632818 27152 0
1.47804 -0.433986 3.39589 1
0.888495 0.652095 27160 0
1.43019 0.0114087 3.47439 1
0.867426 0.496092 27792 0
1.46466 -0.227072 3.44524 1
0.879464 0.57844 27560 0
1.49236 -0.440198 3.39673 1
0.892164 0.654234 27168 0
1.46984 -0.387332 3.39943 1
0.885937 0.635603 27192 0
40
1.39532 0.0628402 3.52174 1
0.853647 0.478764 28168 0
1.40056 0.0930013 3.55844 1
0.851314 0.468896 28464 0
1.41838 0.290138 3.57984 1
0.853656 0.403543 28632 0
1.38391 0.422868 3.57365 1
0.845661 0.359173 28584 0
1.26643 0.268176 3.4893 1
0.823964 0.408531 27912 0
1.227 0.12906 3.38828 1
0.823236 0.454668 27104 0
1.34221 0.096319 3.33378 1
0.859365 0.465615 26664 0
1.39919 0.0907737 3.32096 1
0.876068 0.46747 26560 0
1.45912 0.213112 3.46326 1
0.876061 0.426766 27704 0
1.49107 0.0973697 3.38723 1
0.892924 0.465788 27096 0
1.42928 0.218375 3.40088 1
0.875127 0.423581 27200 0
1.39771 0.257425 3.41015 1
0.865845 0.41016 27280 0
1.34181 0.00998006 3.5384 1
0.838485 0.496643 28304 0
1.28557 -0.230145 3.47005 1
0.830683 0.578933 27760 0
1.4719 -0.377079 3.39631 1
0.886835 0.632135 27168 0
1.47771 -0.431048 3.398 1
0.888167 0.650971 27184 0
1.42874 0.00999749 3.47426 1
0.867067 0.496575 27792 0
1.46465 -0.228357 3.44512 1
0.879473 0.578886 27560 0
1.49393 -0.441273 3.39593 1
0.892668 0.654647 27160 0
1.47017 -0.389203 3.39922 1
0.886047 0.636267 27192 0
40
1.39424 0.0614284 3.52145 1
0.853404 0.479239 28168 0
1.39932 0.0914575 3.55829 1
0.851019 0.469411 28464 0
1.41701 0.288967 3.58033 1
0.853268 0.403946 28640 0
1.38324 0.4221 3.57431 1
0.845429 0.359455 28592 0
1.26627 0.266778 3.48945 1
0.823909 0.409012 27912 0
1.22547 0.123217 3.38525 1
0.823121 0.456681 27080 0
1.35236 0.10432 3.33913 1
0.861504 0.462819 26712 0
1.4098 0.102499 3.33063 1
0.877822 0.463374 26640 0
1.46476 0.229544 3.46943 1
0.876844 0.421259 27752 0
1.50823 0.108626 3.39929 1
0.896035 0.461969 27192 0
1.44414 0.238761 3.41416 1
0.877554 0.416771 27312 0
1.41592 0.284799 3.42568 1
0.868932 0.401057 27400 0
1.34193 -6.03667e-005 3.50908 1
0.841343 0.50002 28072 0
1.28616 -0.232819 3.47362 1
0.830497 0.579768 27784 0
1.47158 -0.375682 3.39749 1
0.886616 0.6316 27176 0
1.47765 -0.428817 3.40014 1
0.887907 0.650095 27200 0
1.43175 0.00539294 3.49309 1
0.865856 0.498163 27944 0
1.4643 -0.229291 3.44419 1
0.879488 0.579231 27552 0
1.49508 -0.441723 3.39455 1
0.89313 0.654867 27152 0
1.47031 -0.390345 3.39921 1
0.886086 0.636667 27192 0
40
1.39342 0.0606751 3.52144 1
0.853195 0.479494 28168 0
1.39846 0.0905701 3.55839 1
0.850793 0.469708 28464 0
1.41595 0.288121 3.581 1
0.852937 0.404245 28648 0
1.38278 0.421322 3.57497 1
0.845252 0.35974 28592 0
1.26597 0.267295 3.49067 1
0.82372 0.408867 27920 0
1.22604 0.13021 3.39235 1
0.822596 0.454319 27136 0
1.32593 0.0866633 3.32831 1
0.855592 0.469011 26624 0
1.30433 0.0676282 3.29982 1
0.852817 0.475609 26392 0
1.45725 0.202746 3.46008 1
0.875926 0.430264 27680 0
1.51248 0.0988006 3.39985 1
0.897085 0.465415 27192 0
1.44595 0.233712 3.41458 1
0.87798 0.418541 27312 0
1.41765 0.280985 3.4262 1
0.869327 0.402397 27408 0
1.33975 -0.00108899 3.51761 1
0.839961 0.500368 28136 0
1.28734 -0.232348 3.47298 1
0.830861 0.579621 27776 0
1.47139 -0.374517 3.3984 1
0.886461 0.631156 27184 0
1.47739 -0.427467 3.40089 1
0.887754 0.64959 27200 0
1.4314 0.00452403 3.4952 1
0.865547 0.49846 27960 0
1.46415 -0.229762 3.44397 1
0.879471 0.579398 27544 0
1.49621 -0.441763 3.39409 1
0.893481 0.654903 27152 0
1.47031 -0.391089 3.39911 1
0.886098 0.636931 27192 0
40
1.39264 0.0604745 3.52175 1
0.852968 0.479563 28168 0
1.39768 0.0901389 3.55867 1
0.85057 0.469855 28464 0
1.4151 0.287508 3.58158 1
0.852668 0.404464 28648 0
1.38383 0.421168 3.57682 1
0.845335 0.359864 28608 0
1.26561 0.267898 3.49133 1
0.823566 0.408679 27928 0
1.22589 0.129671 3.39255 1
0.822536 0.454511 27136 0
1.32628 0.0835891 3.32501 1
0.856038 0.470081 26600 0
1.33895 0.0693625 3.30103 1
0.86205 0.474993 26408 0
1.4567 0.192014 3.45744 1
0.876071 0.433905 27656 0
1.51632 0.0914225 3.40017 1
0.898057 0.468 27200 0
1.41278 0.161194 3.38953 1
0.872039 0.443402 27112 0
1.37862 0.195748 3.39475 1
0.862484 0.431375 27152 0
1.33796 0.00163573 3.52385 1
0.838905 0.499448 28184 0
1.28899 -0.230232 3.47266 1
0.831315 0.578904 27776 0
1.47131 -0.373511 3.39926 1
0.886344 0.630771 27192 0
1.47719 -0.426574 3.40131 1
0.887653 0.649259 27208 0
1.43106 0.00412058 3.49658 1
0.865316 0.498597 27968 0
1.46389 -0.230085 3.44376 1
0.879428 0.579515 27544 0
1.49703 -0.441663 3.39381 1
0.89373 0.65488 27144 0
1.47028 -0.391616 3.39909 1
0.886093 0.637117 27192 0
40
1.39176 0.0605045 3.52239 1
0.85268 0.479557 28176 0
1.39682 0.0899111 3.5593 1
0.850292 0.469936 28472 0
1.41398 0.28707 3.5825 1
0.852299 0.404634 28656 0
1.38343 0.421072 3.57745 1
0.845173 0.35992 28616 0
1.26491 0.269156 3.49235 1
0.823292 0.408277 27936 0
1.23188 0.152892 3.4051 1
0.822918 0.446562 27240 0
1.30828 0.0706328 3.33805 1
0.849834 0.474817 26704 0
1.3184 0.0398888 3.31762 1
0.854711 0.485691 26536 0
1.45583 0.185801 3.45594 1
0.876009 0.436015 27640 0
1.50095 0.233732 3.4522 1
0.888083 0.419422 27616 0
1.37955 0.208859 3.40529 1
0.861608 0.427005 27240 0
1.34868 0.199905 3.39379 1
0.854713 0.429898 27144 0
1.3367 0.00414657 3.52892 1
0.8381 0.498602 28224 0
1.28973 -0.228753 3.47373 1
0.831403 0.578372 27784 0
1.47129 -0.372765 3.39994 1
0.88626 0.630484 27192 0
1.47702 -0.425938 3.40159 1
0.887578 0.649024 27208 0
1.43059 0.00400928 3.49731 1
0.86512 0.498636 27976 0
1.4634 -0.230364 3.44344 1
0.879336 0.579619 27544 0
1.49746 -0.441656 3.39359 1
0.893867 0.654888 27144 0
1.47026 -0.391977 3.39911 1
0.886086 0.637242 27192 0
40
1.39056 0.0602893 3.52312 1
0.852302 0.479634 28184 0
1.39575 0.0895415 3.56003 1
0.849952 0.470066 28480 0
1.413 0.286688 3.58334 1
0.851973 0.404783 28664 0
1.38249 0.420715 3.57806 1
0.844881 0.360063 28624 0
1.26424 0.270399 3.4933 1
0.823032 0.407878 27944 0
1.23355 0.149928 3.40422 1
0.82344 0.447585 27232 0
1.33791 0.0961625 3.35588 1
0.855857 0.465897 26840 0
1.38006 0.0903994 3.34759 1
0.867976 0.467861 26776 0
1.45527 0.181752 3.45495 1
0.875973 0.437392 27632 0
1.47329 0.134237 3.41573 1
0.884999 0.453229 27320 0
1.33971 0.143082 3.37546 1
0.854269 0.449552 27000 0
1.30211 0.135531 3.36143 1
0.845763 0.452015 26888 0
1.33475 0.00560519 3.52943 1
0.837559 0.49811 28232 0
1.29017 -0.228269 3.47423 1
0.831468 0.578195 27792 0
1.47122 -0.372284 3.4003 1
0.886202 0.630302 27200 0
1.4766 -0.42539 3.40103 1
0.887531 0.648857 27208 0
1.42946 0.00342026 3.49893 1
0.864663 0.498837 27984 0
1.46262 -0.230915 3.44258 1
0.879229 0.579829 27536 0
1.49804 -0.441667 3.39324 1
0.894059 0.654908 27144 0
1.47033 -0.392366 3.39904 1
0.88611 0.637381 27192 0
40
1.38913 0.0592222 3.52361 1
0.851891 0.479997 28184 0
1.39449 0.0884046 3.56063 1
0.849578 0.470451 28480 0
1.41208 0.285981 3.58421 1
0.851658 0.405041 28672 0
1.38149 0.420155 3.57888 1
0.844551 0.360281 28624 0
1.26367 0.271272 3.49409 1
0.822816 0.407602 27952 0
1.23384 0.158449 3.40765 1
0.82319 0.444661 27256 0
1.31668 0.0842248 3.35511 1
0.85029 0.470124 26840 0
1.30655 0.0662677 3.33562 1
0.849626 0.476356 26680 0
1.4548 0.178966 3.45427 1
0.875926 0.438339 27632 0
1.49568 0.10305 3.42821 1
0.889426 0.464226 27424 0
1.3484 0.104558 3.37443 1
0.856674 0.463124 26992 0
1.30419 0.102264 3.35802 1
0.846667 0.463756 26864 0
1.33325 0.00645126 3.52919 1
0.837203 0.497824 28232 0
1.2904 -0.228029 3.47454 1
0.831499 0.578106 27792 0
1.47117 -0.371934 3.40057 1
0.886157 0.630169 27200 0
1.47648 -0.425035 3.40101 1
0.8875 0.648734 27208 0
1.4284 0.0026806 3.50004 1
0.864275 0.499088 28000 0
1.46191 -0.231619 3.44173 1
0.879137 0.580092 27528 0
1.49858 -0.44176 3.39292 1
0.89424 0.654955 27136 0
1.47045 -0.392831 3.39901 1
0.886148 0.637546 27192 0
40
1.38774 0.0580316 3.52405 1
0.851496 0.480402 28192 0
1.39325 0.0871277 3.56118 1
0.849212 0.470882 28488 0
1.41113 0.284996 3.58496 1
0.851346 0.405388 28672 0
1.38008 0.41888 3.58044 1
0.844049 0.360766 28640 0
1.26316 0.271854 3.49466 1
0.822631 0.407419 27952 0
1.23125 0.148321 3.40019 1
0.823219 0.448085 27200 0
1.28699 0.0472925 3.33396 1
0.844563 0.483118 26664 0
1.24779 0.0271887 3.3103 1
0.836455 0.490225 26480 0
1.45445 0.17699 3.45376 1
0.875889 0.439011 27624 0
1.49349 0.0753561 3.41923 1
0.889878 0.473771 27352 0
1.34473 0.0902483 3.37044 1
0.856126 0.468133 26960 0
1.29829 0.0885318 3.35348 1
0.845565 0.468581 26824 0
1.33206 0.00700147 3.52877 1
0.836941 0.497639 28224 0
1.29056 -0.227936 3.47495 1
0.831501 0.578065 27792 0
1.47056 -0.371391 3.40061 1
0.885993 0.629977 27200 0
1.47639 -0.424628 3.40086 1
0.887495 0.648597 27200 0
1.42744 0.00204513 3.50084 1
0.863949 0.499305 28000 0
1.46136 -0.232235 3.44122 1
0.879053 0.580317 27528 0
1.49892 -0.441856 3.39274 1
0.89435 0.654997 27136 0
1.4706 -0.393182 3.39899 1
0.886188 0.637669 27184 0
40
1.38637 0.0566981 3.52463 1
0.851092 0.480855 28192 0
1.3921 0.0859785 3.56175 1
0.848869 0.471271 28488 0
1.41028 0.284453 3.5854 1
0.851093 0.40558 28680 0
1.3789 0.417838 3.58158 1
0.843647 0.361156 28648 0
1.26237 0.272539 3.49536 1
0.822365 0.407204 27960 0
1.22919 0.140044 3.39619 1
0.823058 0.450925 27168 0
1.27477 0.0313481 3.3247 1
0.842241 0.488779 26592 0
1.24895 -0.00942752 3.29178 1
0.838664 0.503408 26328 0
1.45411 0.176311 3.45407 1
0.875768 0.439251 27632 0
1.48743 0.0619715 3.4073 1
0.889655 0.478354 27256 0
1.37387 0.134258 3.39754 1
0.860939 0.452971 27176 0
1.33028 0.139463 3.39186 1
0.850075 0.451065 27128 0
1.33111 0.0073676 3.52827 1
0.83675 0.497515 28224 0
1.29074 -0.228396 3.47754 1
0.8313 0.578164 27816 0
1.47026 -0.371039 3.40072 1
0.885902 0.629849 27200 0
1.47633 -0.424356 3.40076 1
0.88749 0.648507 27200 0
1.42623 0.00107515 3.50235 1
0.863483 0.499635 28016 0
1.46079 -0.232854 3.44066 1
0.878964 0.580544 27520 0
1.49912 -0.44196 3.39251 1
0.89443 0.655044 27136 0
1.47074 -0.393441 3.399 1
0.886224 0.637759 27184 0
40
1.38483 0.0551447 3.52544 1
0.85062 0.481384 28200 0
1.39076 0.0845728 3.56261 1
0.848448 0.471748 28496 0
1.40861 0.283917 3.58669 1
0.85055 0.405792 28688 0
1.37689 0.417061 3.58262 1
0.843047 0.361455 28656 0
1.26106 0.272738 3.49686 1
0.821892 0.407176 27968 0
1.22742 0.134766 3.39364 1
0.822834 0.452739 27144 0
1.26825 0.0225565 3.32046 1
0.840927 0.491915 26560 0
1.25443 -0.026471 3.28634 1
0.840711 0.509586 26288 0
1.45298 0.177232 3.45606 1
0.875261 0.438968 27648 0
1.48263 0.0559797 3.39821 1
0.889437 0.480395 27184 0
1.38516 0.156304 3.39979 1
0.863666 0.445285 27192 0
1.35307 0.183105 3.40734 1
0.854453 0.436045 27256 0
1.33035 0.00751589 3.52792 1
0.836588 0.497465 28216 0
1.2906 -0.228577 3.47827 1
0.831193 0.57821 27824 0
1.47004 -0.370713 3.40087 1
0.885828 0.62973 27200 0
1.47635 -0.4241 3.40075 1
0.887497 0.648418 27200 0
1.42511 0.000212105 3.50362 1
0.863064 0.499928 28024 0
1.46037 -0.23338 3.4403 1
0.878897 0.580735 27520 0
1.49925 -0.442064 3.39235 1
0.894481 0.655088 27136 0
1.47089 -0.393655 3.39905 1
0.886257 0.637832 27192 0
40
1.3834 0.0538597 3.52658 1
0.850145 0.481824 28208 0
1.38946 0.0834032 3.5638 1
0.848005 0.472148 28504 0
1.40658 0.283574 3.58841 1
0.849877 0.405951 28704 0
1.37432 0.416313 3.58378 1
0.842295 0.361748 28664 0
1.25945 0.272745 3.49873 1
0.821311 0.407223 27984 0
1.22424 0.145277 3.39746 1
0.821638 0.44911 27176 0
1.23573 0.0317724 3.32393 1
0.831839 0.488624 26584 0
1.24255 -0.026325 3.28835 1
0.83728 0.509528 26304 0
1.4521 0.17855 3.45817 1
0.874803 0.438552 27664 0
1.47877 0.0532301 3.39171 1
0.889167 0.481322 27128 0
1.39295 0.171861 3.40597 1
0.865048 0.439948 27240 0
1.3629 0.201527 3.41674 1
0.856044 0.429804 27328 0
1.32973 0.0075978 3.52759 1
0.836466 0.497437 28216 0
1.29038 -0.228901 3.47932 1
0.831038 0.578297 27832 0
1.46992 -0.370441 3.40105 1
0.885775 0.629628 27208 0
1.47647 -0.42388 3.40085 1
0.887518 0.648337 27200 0
1.42384 -0.000533398 3.50617 1
0.862479 0.500181 28048 0
1.46007 -0.233624 3.44007 1
0.878844 0.580825 27520 0
1.4993 -0.44206 3.39222 1
0.894512 0.655092 27136 0
1.47103 -0.393754 3.39921 1
0.886276 0.637861 27192 0
40
1.38209 0.0527005 3.52781 1
0.849693 0.482221 28216 0
1.38828 0.0824281 3.56505 1
0.847589 0.472483 28520 0
1.40477 0.283766 3.59017 1
0.849258 0.405933 28720 0
1.37223 0.41592 3.58494 1
0.841663 0.361923 28672 0
1.25797 0.272819 3.50056 1
0.820766 0.407247 28000 0
1.22227 0.156485 3.40391 1
0.820511 0.445288 27224 0
1.25318 0.0464838 3.35222 1
0.833683 0.483497 26816 0
1.27494 -0.00454889 3.32994 1
0.841747 0.501626 26632 0
1.45141 0.179441 3.45993 1
0.874436 0.438277 27672 0
1.47595 0.0522976 3.38691 1
0.888974 0.481623 27088 0
1.3974 0.178669 3.40934 1
0.865852 0.437631 27272 0
1.37046 0.212904 3.42356 1
0.857306 0.425989 27384 0
1.32903 0.00755268 3.52688 1
0.836356 0.497451 28208 0
1.28951 -0.229629 3.48205 1
0.830556 0.578485 27856 0
1.47007 -0.369785 3.40198 1
0.88571 0.629363 27208 0
1.47658 -0.423467 3.40129 1
0.887497 0.648173 27208 0
1.42206 -0.00232704 3.51254 1
0.861369 0.500788 28096 0
1.45976 -0.233769 3.43975 1
0.878798 0.580882 27512 0
1.49932 -0.442012 3.39211 1
0.89453 0.65508 27136 0
1.47152 -0.393703 3.39991 1
0.886324 0.637814 27192 0
40
1.38058 0.0514003 3.52947 1
0.849146 0.482668 28232 0
1.38684 0.0812956 3.5668 1
0.847057 0.472874 28528 0
1.4031 0.283847 3.59228 1
0.848636 0.405961 28736 0
1.37064 0.415563 3.58608 1
0.841161 0.362086 28688 0
1.25441 0.273638 3.50509 1
0.819444 0.407088 28040 0
1.21863 0.164814 3.41329 1
0.818678 0.442533 27304 0
1.25812 0.0554033 3.36249 1
0.833974 0.48039 26896 0
1.28322 0.0055844 3.34174 1
0.842754 0.498011 26728 0
1.45053 0.179633 3.46208 1
0.873977 0.438249 27696 0
1.47283 0.0527563 3.38294 1
0.888609 0.48144 27056 0
1.40008 0.182948 3.41153 1
0.866317 0.436178 27288 0
1.37463 0.219457 3.42777 1
0.857954 0.423804 27416 0
1.32819 0.00733409 3.52607 1
0.836221 0.497525 28208 0
1.28829 -0.230584 3.48538 1
0.829927 0.578736 27880 0
1.47056 -0.369305 3.40346 1
0.885671 0.629139 27224 0
1.47667 -0.423231 3.40167 1
0.887477 0.648074 27208 0
1.42032 -0.00426302 3.51831 1
0.860336 0.501442 28144 0
1.45861 -0.234008 3.43918 1
0.878562 0.580978 27512 0
1.49938 -0.441941 3.39222 1
0.894531 0.65505 27136 0
1.47233 -0.393358 3.40123 1
0.886386 0.63764 27208 0
40
1.37141 0.0453632 3.54286 1
0.845515 0.484762 28336 0
1.37992 0.0785841 3.57695 1
0.844346 0.473853 28608 0
1.39903 0.285581 3.59601 1
0.847264 0.405485 28768 0
1.36912 0.416967 3.58962 1
0.840446 0.361756 28712 0
1.24942 0.275355 3.51052 1
0.81768 0.40665 28080 0
1.22155 0.14167 3.42511 1
0.81834 0.450774 27400 0
1.27913 0.100451 3.33344 1
0.842511 0.464137 26664 0
1.30788 0.0817925 3.30381 1
0.853353 0.470536 26424 0
1.44938 0.179876 3.46497 1
0.873368 0.438218 27712 0
1.46258 0.0538463 3.38365 1
0.885824 0.481061 27064 0
1.39741 0.18508 3.41519 1
0.865228 0.435503 27320 0
1.37441 0.223568 3.43179 1
0.857479 0.422468 27448 0
1.32011 0.0027037 3.53309 1
0.83351 0.499089 28264 0
1.28792 -0.231974 3.48669 1
0.829708 0.579181 27888 0
1.47116 -0.368781 3.40512 1
0.88564 0.628893 27240 0
1.47676 -0.422955 3.40226 1
0.887431 0.647951 27216 0
1.41212 -0.0120694 3.53693 1
0.856368 0.504061 28288 0
1.4575 -0.233833 3.43815 1
0.878388 0.580942 27504 0
1.50004 -0.441337 3.39272 1
0.894648 0.654816 27136 0
1.47335 -0.392509 3.40318 1
0.886434 0.637264 27224 0
40
1.36674 0.0415111 3.5497 1
0.843676 0.486082 28392 0
1.3752 0.0764913 3.58329 1
0.842561 0.474595 28664 0
1.38357 0.291782 3.60407 1
0.842658 0.403649 28832 0
1.36878 0.418429 3.59289 1
0.84005 0.361398 28736 0
1.24287 0.274483 3.51429 1
0.815675 0.407045 28112 0
1.22119 0.133633 3.42952 1
0.817837 0.453626 27432 0
1.29505 0.0613504 3.35616 1
0.844427 0.478245 26848 0
1.32441 0.0528746 3.32847 1
0.855167 0.481094 26624 0
1.44813 0.179141 3.46857 1
0.87266 0.438534 27744 0
1.45466 0.0549056 3.38428 1
0.883662 0.480692 27072 0
1.32734 0.0869566 3.39674 1
0.848797 0.469533 27168 0
1.30355 0.117115 3.40858 1
0.841355 0.459109 27264 0
1.31562 -0.00255398 3.53726 1
0.831985 0.500859 28296 0
1.28684 -0.234726 3.48776 1
0.82933 0.580095 27896 0
1.47284 -0.367881 3.40933 1
0.885604 0.62842 27272 0
1.47664 -0.422452 3.40286 1
0.887334 0.647749 27216 0
1.40942 -0.0158406 3.54414 1
0.854964 0.505319 28352 0
1.45664 -0.234097 3.43736 1
0.878252 0.581052 27496 0
1.50478 -0.440482 3.39868 1
0.8952 0.654245 27184 0
1.4743 -0.391733 3.40507 1
0.88647 0.636917 27240 0
40
1.36417 0.0392286 3.55364 1
0.842648 0.486862 28424 0
1.37205 0.0748519 3.58733 1
0.841392 0.475167 28696 0
1.37497 0.289543 3.60865 1
0.840098 0.404509 28864 0
1.37028 0.420581 3.59963 1
0.839786 0.360946 28792 0
1.2362 0.27383 3.51783 1
0.813666 0.40736 28136 0
1.20709 0.140775 3.44522 1
0.812735 0.45137 27560 0
1.29493 0.0626015 3.36398 1
0.843594 0.477853 26904 0
1.32419 0.043721 3.34409 1
0.853447 0.48444 26752 0
1.44603 0.177416 3.47452 1
0.871481 0.43923 27792 0
1.4494 0.054383 3.38971 1
0.881663 0.480906 27112 0
1.30391 0.0548989 3.39232 1
0.843087 0.48074 27136 0
1.25972 0.0552798 3.39086 1
0.831602 0.480598 27120 0
1.31316 -0.00733219 3.54078 1
0.831034 0.502464 28320 0
1.28462 -0.237692 3.4877 1
0.828769 0.581109 27896 0
1.47436 -0.366441 3.41401 1
0.885472 0.627741 27312 0
1.47602 -0.421216 3.40482 1
0.886946 0.647232 27232 0
1.40822 -0.0176344 3.54742 1
0.854334 0.505916 28376 0
1.45583 -0.234805 3.43682 1
0.878101 0.58131 27488 0
1.50948 -0.440895 3.40658 1
0.895515 0.654031 27248 0
1.4764 -0.389968 3.41132 1
0.88631 0.63605 27288 0
40
1.36206 0.0363091 3.56353 1
0.84117 0.487874 28504 0
1.36984 0.071799 3.59902 1
0.839734 0.476257 28792 0
1.37497 0.28778 3.6207 1
0.838965 0.405407 28960 0
1.37153 0.422912 3.60511 1
0.839578 0.360388 28840 0
1.23421 0.277134 3.52733 1
0.812317 0.406495 28216 0
1.16368 0.156846 3.4601 1
0.800192 0.446052 27680 0
1.28362 0.0537179 3.37578 1
0.839405 0.481062 27000 0
1.31459 0.0263526 3.35842 1
0.849388 0.490661 26864 0
1.44446 0.175399 3.48265 1
0.870211 0.440061 27856 0
1.44406 0.0549405 3.39448 1
0.879722 0.480738 27152 0
1.28911 0.0322139 3.38941 1
0.839484 0.488689 27112 0
1.24364 0.0294921 3.38512 1
0.827926 0.489631 27080 0
1.31085 -0.0171355 3.57452 1
0.827333 0.505705 28592 0
1.27657 -0.23902 3.49017 1
0.826477 0.581504 27920 0
1.45791 -0.406644 3.40622 1
0.882042 0.64208 27248 0
1.47735 -0.41056 3.41183 1
0.886501 0.643213 27288 0
1.40717 -0.0192472 3.54996 1
0.853815 0.506453 28392 0
1.45529 -0.235354 3.43635 1
0.878012 0.581511 27488 0
1.51249 -0.441078 3.4114 1
0.895745 0.653878 27288 0
1.47777 -0.388637 3.41554 1
0.886191 0.635418 27320 0
40
1.37034 0.0265583 3.5596 1
0.843623 0.49112 28472 0
1.37544 0.0576645 3.59712 1
0.841304 0.480921 28776 0
1.38601 0.251848 3.62652 1
0.841138 0.417351 29008 0
1.36938 0.416451 3.61445 1
0.83817 0.362876 28912 0
1.23545 0.266947 3.53283 1
0.812146 0.410072 28256 0
1.11767 0.14094 3.4911 1
0.785761 0.451953 27928 0
1.24099 0.033816 3.39997 1
0.825798 0.488163 27192 0
1.27463 0.00253131 3.37874 1
0.836732 0.499108 27024 0
1.44346 0.173554 3.50105 1
0.868012 0.441003 28008 0
1.44624 0.0508699 3.41717 1
0.877771 0.482283 27336 0
1.30898 0.00217741 3.38099 1
0.845576 0.499234 27040 0
1.25594 -0.00211588 3.36905 1
0.832747 0.500747 26952 0
1.32852 -0.0320392 3.56567 1
0.832568 0.510694 28520 0
1.25707 -0.244587 3.50239 1
0.820367 0.583112 28016 0
1.42736 -0.446683 3.41524 1
0.873049 0.655658 27320 0
1.47624 -0.407265 3.41446 1
0.885913 0.641954 27312 0
1.41641 -0.0261461 3.52683 1
0.858476 0.508823 28208 0
1.45305 -0.247097 3.43819 1
0.877229 0.585532 27504 0
1.51391 -0.446275 3.41621 1
0.895557 0.655471 27328 0
1.48025 -0.390503 3.41997 1
0.886337 0.635892 27352 0
40
1.37405 0.0185254 3.55564 1
0.844936 0.493799 28440 0
1.37732 0.0453737 3.59378 1
0.842089 0.484974 28744 0
1.3889 0.226184 3.62671 1
0.841832 0.425776 29008 0
1.3672 0.407806 3.62104 1
0.837016 0.365967 28968 0
1.23528 0.253956 3.53588 1
0.811834 0.414522 28280 0
1.09866 0.132314 3.50158 1
0.780061 0.455029 28008 0
1.19269 0.0119829 3.4156 1
0.811683 0.495825 27320 0
1.21425 -0.0265207 3.3938 1
0.819355 0.5093 27144 0
1.44039 0.170494 3.51024 1
0.866265 0.442195 28080 0
1.42532 0.0344426 3.42544 1
0.871407 0.488033 27400 0
1.29861 -0.0180489 3.36985 1
0.843971 0.506374 26952 0
1.24972 -0.0222525 3.35793 1
0.832196 0.507887 26856 0
1.33334 -0.0450613 3.56408 1
0.833925 0.515047 28512 0
1.23258 -0.251079 3.5054 1
0.813858 0.585244 28040 0
1.39907 -0.469302 3.41333 1
0.86586 0.663631 27304 0
1.46963 -0.410493 3.42162 1
0.883381 0.64278 27368 0
1.4138 -0.0422543 3.49433 1
0.861141 0.514391 27952 0
1.45183 -0.261437 3.44322 1
0.876362 0.590364 27544 0
1.51884 -0.459952 3.42653 1
0.895649 0.659754 27408 0
1.48863 -0.403833 3.43065 1
0.887316 0.640093 27440 0
40
1.37339 0.0330194 3.59634 1
0.840869 0.489073 28768 0
1.37675 0.0627003 3.63011 1
0.838523 0.479444 29040 0
1.38589 0.237647 3.63382 1
0.840424 0.422168 29064 0
1.35889 0.423565 3.6275 1
0.834372 0.361035 29016 0
1.23357 0.255119 3.54067 1
0.81098 0.414247 28320 0
1.08471 0.138579 3.51183 1
0.775699 0.453037 28088 0
1.12919 0.0218543 3.45703 1
0.791554 0.492476 27656 0
1.124 -0.0164128 3.43794 1
0.791825 0.505682 27496 0
1.4379 0.168111 3.51603 1
0.865031 0.443097 28128 0
1.41636 0.0271184 3.4285 1
0.868743 0.490586 27424 0
1.29996 -0.0601723 3.3782 1
0.843477 0.521198 27024 0
1.25652 -0.0713516 3.36495 1
0.833308 0.525236 26912 0
1.32314 -0.0211687 3.64193 1
0.824286 0.506918 29128 0
1.15247 -0.00892514 3.77723 1
0.77234 0.502812 30216 0
1.27059 -0.194977 3.64024 1
0.811551 0.563745 29120 0
1.27921 -0.213361 3.58418 1
0.818569 0.570846 28672 0
1.41811 -0.0505922 3.51796 1
0.85981 0.517115 28136 0
1.45165 -0.265512 3.44346 1
0.876288 0.591766 27544 0
1.5202 -0.463193 3.42964 1
0.895645 0.660733 27432 0
1.49021 -0.405804 3.43511 1
0.887223 0.640594 27480 0
40
1.3729 0.0280923 3.60313 1
0.840104 0.490721 28824 0
1.37625 0.0594884 3.63804 1
0.837662 0.480539 29104 0
1.38349 0.23838 3.64589 1
0.838708 0.422186 29160 0
1.34702 0.420332 3.62767 1
0.831435 0.362102 29016 0
1.23162 0.253479 3.55019 1
0.809656 0.415027 28400 0
1.07656 0.139351 3.52204 1
0.772833 0.452912 28176 0
1.10393 0.0188825 3.4808 1
0.783085 0.493544 27840 0
1.08094 -0.0332192 3.4706 1
0.778005 0.511391 27760 0
1.43519 0.164952 3.5214 1
0.863788 0.444251 28168 0
1.41093 0.0208337 3.42834 1
0.867346 0.492768 27424 0
1.301 -0.0771226 3.37876 1
0.843695 0.527165 27024 0
1.27117 -0.113473 3.37056 1
0.836633 0.540067 26960 0
1.32474 -0.0410548 3.6438 1
0.82451 0.513409 29144 0
1.09986 -0.0236914 3.51687 1
0.779148 0.508017 28128 0
1.2194 -0.229995 3.38471 1
0.821573 0.58087 27072 0
1.22094 -0.243546 3.32341 1
0.827918 0.587215 26584 0
1.418 -0.0546578 3.51932 1
0.859643 0.518484 28152 0
1.46328 -0.275191 3.44989 1
0.878596 0.594934 27592 0
1.52183 -0.469376 3.43232 1
0.895761 0.662752 27456 0
1.49285 -0.41052 3.43896 1
0.887476 0.642069 27504 0
40
1.37005 0.017861 3.60199 1
0.839505 0.494099 28808 0
1.37029 0.044527 3.63524 1
0.836461 0.485422 29080 0
1.36543 0.213392 3.64267 1
0.834583 0.430281 29136 0
1.33474 0.396586 3.63255 1
0.827973 0.370067 29056 0
1.22114 0.236249 3.55256 1
0.806815 0.420855 28416 0
1.06638 0.126854 3.52393 1
0.770107 0.457158 28184 0
1.0826 0.00110814 3.48767 1
0.777069 0.499622 27896 0
1.07332 -0.0789306 3.47272 1
0.775876 0.52705 27776 0
1.43278 0.162051 3.52541 1
0.862764 0.445294 28200 0
1.41036 0.0127976 3.42512 1
0.867542 0.495553 27400 0
1.30329 -0.118336 3.40791 1
0.841356 0.541326 27256 0
1.27228 -0.161231 3.40516 1
0.833503 0.556351 27240 0
1.32328 -0.0636185 3.63374 1
0.82505 0.520836 29064 0
1.09848 -0.0687859 3.49392 1
0.780629 0.52343 27944 0
1.19484 -0.247594 3.3357 1
0.819725 0.588338 26680 0
1.23731 -0.275453 3.33228 1
0.83143 0.598378 26656 0
1.41697 -0.0582355 3.5193 1
0.859383 0.519694 28152 0
1.37305 -0.267588 3.418 1
0.858565 0.593172 27344 0
1.47156 -0.444297 3.41919 1
0.884156 0.654647 27352 0
1.48827 -0.399924 3.44808 1
0.885265 0.638036 27584 0
40
1.36826 0.0102119 3.5986 1
0.839382 0.496623 28784 0
1.36695 0.0350014 3.63152 1
0.835985 0.488529 29048 0
1.35847 0.202507 3.64058 1
0.833068 0.433799 29120 0
1.3286 0.385203 3.63595 1
0.826159 0.373915 29080 0
1.21467 0.224509 3.55317 1
0.805137 0.424801 28424 0
1.0609 0.116643 3.52345 1
0.768757 0.460601 28184 0
1.07198 -0.0113556 3.48943 1
0.774211 0.503873 27912 0
1.08989 -0.0952109 3.47835 1
0.779682 0.532577 27824 0
1.43083 0.1597 3.52826 1
0.861976 0.446131 28224 0
1.41408 0.00710449 3.42073 1
0.868985 0.497528 27360 0
1.30478 -0.130898 3.41604 1
0.840933 0.545604 27328 0
1.27413 -0.177741 3.41867 1
0.832668 0.561876 27344 0
1.32463 -0.0776244 3.62374 1
0.82628 0.525494 28984 0
1.07111 -0.0426986 3.48093 1
0.774658 0.514599 27840 0
1.18043 -0.25498 3.28653 1
0.820593 0.592334 26288 0
1.2351 -0.290262 3.30815 1
0.833249 0.604423 26464 0
1.41617 -0.0605347 3.51896 1
0.859215 0.520473 28144 0
1.39521 -0.275992 3.41491 1
0.864683 0.596185 27312 0
1.49407 -0.454483 3.4416 1
0.887493 0.657163 27528 0
1.49168 -0.40266 3.45737 1
0.885109 0.638607 27656 0
40
1.36652 0.00622487 3.59495 1
0.839295 0.497939 28752 0
1.36429 0.0301109 3.62825 1
0.835632 0.490123 29024 0
1.3543 0.19724 3.63924 1
0.832167 0.435498 29112 0
1.32471 0.380054 3.63757 1
0.825059 0.375656 29096 0
1.21019 0.217599 3.5532 1
0.804009 0.427117 28424 0
1.05758 0.110037 3.52225 1
0.768006 0.46282 28176 0
1.0669 -0.0198342 3.48811 1
0.773016 0.506767 27904 0
1.10611 -0.0861201 3.50076 1
0.782026 0.529278 28000 0
1.42901 0.157833 3.53063 1
0.861273 0.446797 28240 0
1.41769 0.00378365 3.41813 1
0.87021 0.498683 27344 0
1.30658 -0.138583 3.42201 1
0.840807 0.548197 27376 0
1.27591 -0.1872 3.42772 1
0.832253 0.564997 27416 0
1.32324 -0.0826294 3.61718 1
0.826529 0.527187 28936 0
1.06836 -0.0833448 3.58756 1
0.76581 0.527649 28696 0
1.18784 -0.295206 3.41458 1
0.810509 0.602892 27312 0
1.25327 -0.310484 3.40683 1
0.828359 0.608463 27248 0
1.4155 -0.0618566 3.5184 1
0.859103 0.520923 28144 0
1.26155 -0.230667 3.44467 1
0.826898 0.579695 27552 0
1.48553 -0.335626 3.46938 1
0.882192 0.615132 27752 0
1.48605 -0.387058 3.46561 1
0.882743 0.63292 27720 0
40
1.34069 0.00331478 3.59372 1
0.832995 0.498902 28744 0
1.34589 0.0300305 3.62836 1
0.831095 0.49015 29024 0
1.34053 0.22451 3.64815 1
0.827988 0.426759 29184 0
1.31378 0.38697 3.63779 1
0.822357 0.3734 29096 0
1.20099 0.224455 3.55847 1
0.801253 0.424931 28464 0
1.18127 0.103843 3.62239 1
0.791078 0.465883 28976 0
1.1584 -0.0591971 3.62493 1
0.785241 0.519435 28992 0
1.20135 -0.105637 3.65654 1
0.793259 0.534383 29248 0
1.42659 0.156482 3.53266 1
0.860455 0.447283 28256 0
1.4227 0.00158351 3.41743 1
0.871593 0.499449 27336 0
1.3134 -0.140736 3.42764 1
0.842023 0.548865 27416 0
1.28306 -0.18914 3.43538 1
0.833368 0.565524 27480 0
1.2796 -0.0686012 3.61303 1
0.816123 0.522597 28904 0
1.20024 -0.191241 3.47226 1
0.80854 0.565548 27776 0
1.32002 -0.397975 3.29151 1
0.857965 0.643898 26328 0
1.34137 -0.421213 3.25698 1
0.86761 0.653914 26048 0
1.3968 -0.0624809 3.5276 1
0.853434 0.521079 28216 0
1.15627 -0.0675456 3.52633 1
0.792678 0.522796 28208 0
1.3739 -0.224556 3.50636 1
0.849746 0.576219 28048 0
1.39237 -0.283692 3.46148 1
0.859044 0.597539 27688 0
40
1.31728 0.0160299 3.59406 1
0.82715 0.494692 28752 0
1.32369 0.0419494 3.63013 1
0.825475 0.486247 29040 0
1.33126 0.237877 3.65335 1
0.825256 0.422509 29224 0
1.30568 0.396158 3.63684 1
0.820454 0.370361 29088 0
1.19199 0.231312 3.56322 1
0.798596 0.422741 28504 0
1.21335 0.111849 3.6692 1
0.795168 0.463721 29352 0
1.20352 -0.0699604 3.69358 1
0.790844 0.522542 29544 0
1.2546 -0.104141 3.73926 1
0.799483 0.533146 29912 0
1.42257 0.1553 3.53473 1
0.85923 0.447711 28272 0
1.42988 0.000317551 3.41882 1
0.873318 0.499889 27344 0
1.32333 -0.137406 3.43319 1
0.844051 0.547632 27464 0
1.29355 -0.183147 3.44223 1
0.835427 0.563321 27536 0
1.25117 -0.0541159 3.61527 1
0.808908 0.517815 28920 0
1.24519 -0.243462 3.45223 1
0.821951 0.583931 27616 0
1.36696 -0.449194 3.2739 1
0.872687 0.663291 26184 0
1.37514 -0.475605 3.21804 1
0.881424 0.675893 25744 0
1.36946 -0.0448028 3.52193 1
0.847075 0.51514 28168 0
1.13037 -0.119838 3.54585 1
0.784547 0.540222 28360 0
1.35617 -0.317112 3.50596 1
0.845273 0.607646 28040 0
1.41947 -0.351978 3.46887 1
0.865252 0.620759 27744 0
40
1.30504 0.0232336 3.59286 1
0.824219 0.492304 28736 0
1.30738 0.0532728 3.62853 1
0.821606 0.482527 29024 0
1.3156 0.257304 3.64055 1
0.82256 0.415885 29120 0
1.29493 0.404477 3.63124 1
0.818307 0.367434 29048 0
1.17772 0.244854 3.55742 1
0.795502 0.418085 28456 0
1.22752 0.130605 3.67874 1
0.79784 0.457747 29424 0
1.22067 -0.0708578 3.72023 1
0.792875 0.522668 29760 0
1.27387 -0.0998954 3.77031 1
0.801579 0.531533 30160 0
1.41271 0.155589 3.53885 1
0.856325 0.447675 28304 0
1.43472 0.00106424 3.42215 1
0.874216 0.49963 27376 0
1.39857 -0.158898 3.40805 1
0.866295 0.555489 27264 0
1.38381 -0.203695 3.41948 1
0.861218 0.570894 27352 0
1.23744 -0.0458692 3.61523 1
0.805521 0.5151 28920 0
1.27 -0.266532 3.43731 1
0.829792 0.592283 27496 0
1.39336 -0.472119 3.26072 1
0.881419 0.672318 26080 0
1.39379 -0.49898 3.195 1
0.889386 0.685868 25560 0
1.35795 -0.0379509 3.52089 1
0.84426 0.512828 28160 0
1.17141 -0.191042 3.52783 1
0.796385 0.564448 28216 0
1.38164 -0.38826 3.48315 1
0.854059 0.632661 27864 0
1.42928 -0.362511 3.48729 1
0.865834 0.623716 27896 0
40
1.29821 0.027213 3.59208 1
0.822592 0.490984 28736 0
1.29945 0.0584111 3.62769 1
0.819729 0.480837 29016 0
1.30961 0.263361 3.63746 1
0.821364 0.413832 29096 0
1.28906 0.409348 3.62822 1
0.817128 0.365726 29024 0
1.1696 0.251546 3.55499 1
0.793665 0.415788 28432 0
1.22957 0.133792 3.68259 1
0.798025 0.456762 29456 0
1.22257 -0.0571903 3.70504 1
0.794535 0.518371 29640 0
1.28144 -0.0943157 3.77742 1
0.802801 0.529715 30216 0
1.40288 0.154114 3.54149 1
0.85358 0.44821 28328 0
1.43833 0.000703965 3.42525 1
0.874817 0.499755 27400 0
1.44381 -0.174094 3.39585 1
0.879503 0.561014 27160 0
1.42949 -0.21794 3.40671 1
0.874542 0.576137 27248 0
1.23002 -0.0417818 3.61527 1
0.803687 0.513754 28920 0
1.28382 -0.280519 3.4286 1
0.834227 0.597373 27424 0
1.40804 -0.486096 3.25294 1
0.886359 0.677844 26016 0
1.40393 -0.513144 3.18143 1
0.893892 0.691959 25448 0
1.35119 -0.0346192 3.52014 1
0.842618 0.511704 28160 0
1.18237 -0.223203 3.52508 1
0.799391 0.575357 28200 0
1.40298 -0.443174 3.46646 1
0.861258 0.652153 27728 0
1.43887 -0.378675 3.49198 1
0.867794 0.629059 27928 0
40
1.28603 0.0302033 3.5907 1
0.819687 0.489989 28720 0
1.28481 0.0620635 3.62578 1
0.816293 0.479628 29000 0
1.29424 0.263857 3.6316 1
0.818106 0.41353 29048 0
1.28309 0.412837 3.62426 1
0.816002 0.364433 28992 0
1.15507 0.256093 3.55089 1
0.790351 0.414167 28400 0
1.22537 0.156203 3.69463 1
0.79604 0.449683 29552 0
1.23557 -0.0520774 3.73041 1
0.795642 0.516614 29840 0
1.28359 -0.0781342 3.78126 1
0.803001 0.524592 30248 0
1.39356 0.152732 3.54261 1
0.85112 0.44869 28336 0
1.44068 0.000115485 3.42849 1
0.875075 0.49996 27424 0
1.46015 -0.179884 3.39158 1
0.884281 0.563123 27128 0
1.45136 -0.224948 3.39949 1
0.88108 0.578752 27192 0
1.21849 -0.0379627 3.61503 1
0.80086 0.512498 28920 0
1.28587 -0.283407 3.42687 1
0.834929 0.598425 27408 0
1.41114 -0.489739 3.25229 1
0.887287 0.679212 26016 0
1.39934 -0.414536 3.29287 1
0.879317 0.649824 26336 0
1.34144 -0.0342655 3.52203 1
0.839963 0.511579 28176 0
1.22084 -0.272598 3.50302 1
0.811077 0.592613 28024 0
1.42634 -0.487091 3.44857 1
0.869181 0.668099 27584 0
1.43713 -0.421806 3.42575 1
0.874451 0.646538 27400 0
40
1.27704 0.030259 3.58477 1
0.817978 0.489954 28672 0
1.27483 0.06217 3.62051 1
0.814293 0.479564 28960 0
1.28534 0.263126 3.62783 1
0.816246 0.41368 29016 0
1.27646 0.415408 3.61971 1
0.814765 0.363418 28952 0
1.14524 0.258641 3.54774 1
0.788137 0.413236 28376 0
1.22512 0.163466 3.69839 1
0.795678 0.447397 29584 0
1.17315 -0.0202566 3.66256 1
0.785907 0.506582 29296 0
1.23297 -0.0541374 3.7277 1
0.795235 0.517284 29816 0
1.38058 0.151422 3.54191 1
0.847919 0.44912 28328 0
1.44071 -0.000591773 3.43188 1
0.874713 0.500205 27448 0
1.45841 -0.176447 3.39746 1
0.88316 0.561809 27176 0
1.46396 -0.22516 3.39412 1
0.884995 0.578951 27152 0
1.2096 -0.0393972 3.60304 1
0.799659 0.513013 28824 0
1.27743 -0.285823 3.42537 1
0.832878 0.599308 27400 0
1.40337 -0.492937 3.25163 1
0.885234 0.680419 26008 0
1.41406 -0.43194 3.29355 1
0.88323 0.656082 26344 0
1.33566 -0.0337811 3.52178 1
0.838524 0.511416 28168 0
1.43151 -0.242659 3.4157 1
0.874084 0.584549 27320 0
1.43898 -0.443338 3.31545 1
0.887407 0.659142 26520 0
1.44342 -0.448385 3.29135 1
0.891447 0.662132 26328 0
40
1.2631 0.0263193 3.57118 1
0.815704 0.491229 28568 0
1.25967 0.0571366 3.60721 1
0.8117 0.481149 28856 0
1.27052 0.255662 3.61972 1
0.8133 0.415941 28952 0
1.26049 0.416096 3.61011 1
0.811654 0.362828 28880 0
1.13174 0.25798 3.54163 1
0.785233 0.413309 28328 0
1.18026 0.145058 3.6689 1
0.78714 0.452946 29344 0
1.13223 -0.032986 3.63791 1
0.777804 0.510791 29096 0
1.16178 -0.0643961 3.60726 1
0.787475 0.521246 28856 0
1.35888 0.146411 3.53488 1
0.843132 0.450706 28272 0
1.42859 -0.00187353 3.44218 1
0.870448 0.500648 27536 0
1.4494 -0.171858 3.40462 1
0.87999 0.560075 27232 0
1.46587 -0.219376 3.39089 1
0.885866 0.576996 27120 0
1.19802 -0.0428119 3.58589 1
0.798209 0.514209 28680 0
1.2663 -0.28567 3.42464 1
0.830047 0.599276 27392 0
1.3925 -0.493512 3.25136 1
0.882282 0.680644 26008 0
1.41491 -0.425603 3.3107 1
0.881472 0.652995 26480 0
1.3261 -0.0356993 3.5173 1
0.836527 0.512079 28136 0
1.49036 -0.257634 3.40894 1
0.890234 0.589945 27264 0
1.47418 -0.455197 3.30355 1
0.898313 0.663988 26424 0
1.43529 -0.405258 3.3101 1
0.887038 0.645708 26480 0
40
1.24362 0.0168023 3.54954 1
0.812729 0.494366 28392 0
1.24004 0.046326 3.58761 1
0.80852 0.484632 28696 0
1.24786 0.244638 3.61109 1
0.808448 0.419374 28888 0
1.22904 0.413039 3.6074 1
0.804106 0.363734 28856 0
1.11189 0.253978 3.53395 1
0.780837 0.414468 28264 0
1.13579 0.118086 3.63767 1
0.778694 0.461366 29096 0
1.11189 -0.0610262 3.62122 1
0.77407 0.520056 28968 0
1.15062 -0.0776452 3.58112 1
0.786792 0.525804 28648 0
1.3347 0.138884 3.52266 1
0.838195 0.453078 28176 0
1.4188 -0.00151403 3.44846 1
0.867239 0.500522 27584 0
1.43746 -0.164398 3.40769 1
0.876522 0.557415 27256 0
1.45941 -0.211004 3.39015 1
0.884249 0.574074 27120 0
1.1795 -0.0519452 3.55453 1
0.796189 0.517392 28432 0
1.26395 -0.287068 3.4224 1
0.82965 0.599827 27376 0
1.39033 -0.495305 3.24936 1
0.881921 0.681413 25992 0
1.41735 -0.422481 3.31856 1
0.881226 0.651513 26544 0
1.31 -0.0423023 3.50378 1
0.833724 0.514369 28024 0
1.52529 -0.218217 3.39795 1
0.900671 0.57643 27176 0
1.51684 -0.426162 3.30178 1
0.910059 0.65361 26408 0
1.44495 -0.399983 3.30608 1
0.890116 0.643986 26448 0
40
1.2267 0.0150927 3.52929 1
0.810247 0.494911 28232 0
1.22125 0.0432404 3.56742 1
0.805565 0.485575 28536 0
1.224 0.239864 3.5978 1
0.803669 0.420655 28776 0
1.18201 0.401216 3.58783 1
0.794065 0.366912 28696 0
1.08857 0.251598 3.52172 1
0.775901 0.414975 28168 0
1.10662 0.112181 3.61687 1
0.773097 0.463087 28928 0
1.09876 -0.0664242 3.60724 1
0.771882 0.521915 28856 0
1.10375 -0.133964 3.56165 1
0.776613 0.544764 28488 0
1.31848 0.135478 3.51403 1
0.834906 0.454117 28112 0
1.4085 0.00128877 3.45129 1
0.864275 0.499556 27608 0
1.42769 -0.157526 3.4069 1
0.874049 0.555028 27248 0
1.44116 -0.20344 3.39403 1
0.879009 0.571337 27152 0
1.16826 -0.0549926 3.53835 1
0.794709 0.518497 28304 0
1.2609 -0.285545 3.41929 1
0.829154 0.599387 27352 0
1.38735 -0.494237 3.24629 1
0.881464 0.681193 25968 0
1.41807 -0.421828 3.32012 1
0.88124 0.651208 26560 0
1.28859 -0.0430532 3.4716 1
0.831312 0.514759 27768 0
1.55142 -0.21625 3.39007 1
0.908485 0.575917 27120 0
1.54445 -0.411311 3.31527 1
0.915823 0.647654 26520 0
1.45516 -0.39289 3.30853 1
0.892582 0.641328 26464 0
40
1.21547 0.0142181 3.51671 1
0.808505 0.495188 28128 0
1.20977 0.041334 3.55554 1
0.803705 0.486165 28440 0
1.21118 0.236767 3.59059 1
0.801091 0.421522 28720 0
1.15747 0.395673 3.57511 1
0.788984 0.368284 28600 0
1.07279 0.249145 3.5132 1
0.772562 0.4156 28104 0
1.09041 0.106379 3.60476 1
0.770001 0.464879 28832 0
1.08665 -0.0720647 3.59123 1
0.770086 0.523882 28728 0
1.07923 -0.151042 3.54042 1
0.77209 0.550773 28320 0
1.28867 0.128278 3.49804 1
0.828829 0.456356 27984 0
1.37698 0.000956328 3.448 1
0.856463 0.49967 27584 0
1.41083 -0.154041 3.40215 1
0.870146 0.553886 27216 0
1.42833 -0.200208 3.39773 1
0.875228 0.570127 27176 0
1.16081 -0.0570761 3.52875 1
0.793627 0.51925 28224 0
1.24608 -0.278628 3.40694 1
0.826464 0.597331 27248 0
1.37216 -0.487867 3.23337 1
0.878794 0.679572 25864 0
1.40147 -0.42956 3.29559 1
0.87958 0.655125 26360 0
1.27172 -0.0435044 3.44904 1
0.829114 0.515012 27592 0
1.47137 -0.230082 3.44537 1
0.881188 0.579477 27560 0
1.54621 -0.411382 3.35032 1
0.91194 0.646134 26800 0
1.4593 -0.385836 3.3331 1
0.890795 0.637768 26664 0
40
1.20389 0.0129849 3.50464 1
0.806619 0.495591 28032 0
1.19901 0.0389711 3.54485 1
0.801912 0.486916 28352 0
1.20226 0.234054 3.58591 1
0.799264 0.42232 28680 0
1.13685 0.389382 3.56032 1
0.785015 0.36984 28480 0
1.06099 0.246401 3.50705 1
0.770036 0.416383 28056 0
1.08149 0.103274 3.59866 1
0.768248 0.465846 28784 0
1.07813 -0.0762688 3.58336 1
0.768557 0.525331 28664 0
1.06259 -0.168867 3.53554 1
0.768266 0.556844 28280 0
1.26955 0.124311 3.48798 1
0.824886 0.457584 27896 0
1.35183 0.00400327 3.44347 1
0.850414 0.498616 27544 0
1.37673 -0.145958 3.39228 1
0.862252 0.551207 27136 0
1.39361 -0.190503 3.39604 1
0.866288 0.566761 27168 0
1.14787 -0.0552997 3.50763 1
0.7921 0.518763 28056 0
1.23675 -0.275672 3.39973 1
0.824705 0.596503 27192 0
1.36262 -0.48531 3.22577 1
0.877047 0.679052 25800 0
1.39204 -0.435737 3.28161 1
0.878634 0.658027 26248 0
1.25799 -0.0438061 3.43778 1
0.826629 0.515165 27496 0
1.45975 -0.234871 3.43798 1
0.878992 0.581305 27496 0
1.5326 -0.413585 3.35221 1
0.908085 0.646834 26816 0
1.45558 -0.380505 3.34313 1
0.888631 0.635456 26744 0
40
1.15613 0.00484916 3.51264 1
0.793784 0.498357 28096 0
1.15682 0.0333007 3.5499 1
0.790873 0.488836 28392 0
1.18305 0.229504 3.57692 1
0.795222 0.423639 28608 0
1.12385 0.386354 3.55111 1
0.782487 0.370517 28408 0
1.04225 0.241761 3.49784 1
0.765966 0.417742 27976 0
1.07259 0.100685 3.59316 1
0.766447 0.466651 28744 0
1.05869 -0.0815102 3.57669 1
0.764205 0.527122 28608 0
1.02157 -0.147142 3.56085 1
0.756075 0.549178 28480 0
1.24675 0.122094 3.47252 1
0.82047 0.458155 27776 0
1.33281 0.00668277 3.43862 1
0.845971 0.497687 27504 0
1.35402 -0.14179 3.3845 1
0.857096 0.549859 27072 0
1.38023 -0.187381 3.39428 1
0.86296 0.565701 27152 0
1.09483 -0.0551531 3.52975 1
0.776857 0.518596 28232 0
1.12261 -0.285301 3.43928 1
0.791351 0.598725 27512 0
1.24841 -0.4957 3.26454 1
0.841341 0.680713 26112 0
1.30293 -0.460804 3.29458 1
0.853 0.66646 26352 0
1.20592 -0.0622843 3.45029 1
0.811972 0.521484 27600 0
1.42044 -0.228272 3.44027 1
0.868538 0.578968 27520 0
1.51811 -0.406383 3.34958 1
0.904545 0.64439 26792 0
1.44882 -0.37734 3.35127 1
0.885886 0.634003 26808 0
40
1.11082 0.00770015 3.50928 1
0.782539 0.497389 28072 0
1.11273 0.0383247 3.54298 1
0.780333 0.487126 28336 0
1.14062 0.22442 3.54546 1
0.787158 0.424668 28360 0
1.11007 0.383195 3.54047 1
0.779863 0.371189 28320 0
0.998179 0.234392 3.4664 1
0.75703 0.419526 27728 0
1.04531 0.0978717 3.57243 1
0.761177 0.467395 28576 0
1.03064 -0.0859063 3.55917 1
0.75847 0.528726 28472 0
0.984508 -0.140651 3.55307 1
0.747326 0.547112 28424 0
1.22698 0.121082 3.46074 1
0.816463 0.458361 27680 0
1.31443 0.00786454 3.4329 1
0.841766 0.497274 27456 0
1.31586 -0.142588 3.3818 1
0.847308 0.55018 27048 0
1.34364 -0.180981 3.40333 1
0.852396 0.563288 27224 0
1.04621 -0.0517973 3.54289 1
0.763581 0.5174 28336 0
1.05331 -0.287401 3.45458 1
0.772154 0.599011 27632 0
1.17929 -0.498287 3.2793 1
0.820991 0.680839 26232 0
1.25761 -0.470271 3.29439 1
0.840743 0.669889 26352 0
1.1594 -0.0702633 3.4468 1
0.800242 0.524261 27568 0
1.37612 -0.226474 3.43266 1
0.857831 0.57852 27456 0
1.48049 -0.402687 3.33446 1
0.89631 0.643726 26672 0
1.42977 -0.374314 3.35203 1
0.880725 0.632899 26816 0
40
1.0838 0.00901878 3.50153 1
0.776277 0.496935 28008 0
1.08744 0.0400489 3.53484 1
0.774593 0.486516 28272 0
1.11941 0.222548 3.5303 1
0.78303 0.424975 28240 0
1.08007 0.38133 3.51064 1
0.774612 0.370727 28080 0
0.977585 0.231322 3.45225 1
0.752759 0.420254 27616 0
1.02941 0.0966494 3.56092 1
0.758036 0.467698 28480 0
0.985804 -0.0693859 3.56594 1
0.746757 0.523157 28520 0
0.943729 -0.111584 3.57043 1
0.735929 0.537194 28560 0
1.21137 0.121751 3.45227 1
0.813203 0.458028 27616 0
1.28379 0.00716446 3.42122 1
0.834939 0.497508 27368 0
1.26961 -0.136977 3.35759 1
0.837519 0.548553 26856 0
1.28622 -0.178075 3.37808 1
0.839858 0.562737 27024 0
1.00391 -0.0482055 3.52953 1
0.753882 0.516254 28232 0
1.02726 -0.287934 3.4554 1
0.765361 0.599172 27640 0
1.16861 -0.438057 3.32166 1
0.814027 0.656952 26568 0
1.21466 -0.393383 3.34491 1
0.824133 0.639966 26752 0
1.13623 -0.0720711 3.44284 1
0.794581 0.524914 27536 0
1.3434 -0.227768 3.42359 1
0.850249 0.579178 27384 0
1.44571 -0.403797 3.31966 1
0.888724 0.644764 26552 0
1.39747 -0.371532 3.34656 1
0.872733 0.632127 26768 0
40
1.05242 0.0154183 3.46657 1
0.770985 0.494707 27728 0
1.05191 0.0467695 3.49926 1
0.768321 0.484093 27992 0
1.07543 0.230397 3.49379 1
0.774751 0.421518 27944 0
1.06728 0.383502 3.49941 1
0.77223 0.369574 27992 0
0.932793 0.236104 3.41608 1
0.743731 0.417744 27328 0
0.984718 0.104106 3.52498 1
0.74935 0.464851 28192 0
0.963473 -0.0610011 3.57012 1
0.740886 0.520335 28560 0
0.924602 -0.0989848 3.57769 1
0.730678 0.532928 28616 0
1.17444 0.12877 3.43457 1
0.805218 0.45538 27472 0
1.23012 -0.00334642 3.39604 1
0.823317 0.501173 27168 0
1.24526 -0.135988 3.34782 1
0.832011 0.548343 26776 0
1.23529 -0.176164 3.34126 1
0.829999 0.562748 26728 0
0.976254 -0.0444989 3.48745 1
0.749867 0.515186 27896 0
0.984388 -0.267165 3.37133 1
0.760627 0.594313 26968 0
1.14848 -0.379705 3.28386 1
0.81217 0.637611 26264 0
1.17072 -0.323834 3.31793 1
0.814948 0.616158 26536 0
1.11527 -0.0640184 3.42733 1
0.790454 0.52223 27416 0
1.31527 -0.227972 3.41489 1
0.843789 0.579451 27312 0
1.4132 -0.404125 3.30785 1
0.88134 0.645399 26456 0
1.36704 -0.368631 3.33676 1
0.865687 0.63148 26688 0
0
0
0
0
0
0
0
0
0
0
0
0
0
0
0
0
0
0
0
0
0
0
0
0
0
0
0
0
0
0
0
0
0
0
0
0
0
0
0
0
0
0
0
0
0
0
0
0
0
0
0
0
0
0
0
0
0
0
0
0
0
0
0
40
-0.53469 -0.0219904 3.3884 1
0.359149 0.507724 27104 0
-0.51464 0.0170796 3.41534 1
0.3655 0.494048 27320 0
-0.479983 0.242052 3.40835 1
0.3743 0.415481 27264 0
-0.517668 0.411148 3.34555 1
0.361886 0.353741 26760 0
-0.650195 0.117285 3.44815 1
0.331689 0.459519 27584 0
-0.688105 -0.0220627 3.4466 1
0.321796 0.507618 27568 0
-0.700207 -0.159349 3.42631 1
0.317588 0.55535 27408 0
-0.694296 -0.188591 3.40481 1
0.317986 0.56592 27232 0
-0.364697 0.12517 3.32604 1
0.402128 0.455212 26608 0
-0.313318 -0.00901484 3.29009 1
0.414997 0.503261 26320 0
-0.272443 -0.146983 3.26771 1
0.425581 0.553532 26136 0
-0.236584 -0.154544 3.27071 1
0.435435 0.556235 26160 0
-0.613329 -0.0932727 3.41209 1
0.339555 0.532533 27296 0
-0.760196 -0.0375589 3.54182 1
0.308419 0.512621 28328 0
-0.594806 -0.194905 3.41219 1
0.344405 0.56798 27296 0
-0.536554 -0.185276 3.39268 1
0.358836 0.564993 27136 0
-0.484854 -0.0897243 3.35001 1
0.370813 0.531875 26800 0
-0.268379 -0.0742325 3.30142 1
0.427439 0.52676 26408 0
-0.359339 -0.190741 3.34369 1
0.404075 0.567891 26744 0
-0.30629 -0.167121 3.32145 1
0.417689 0.559882 26568 0
40
-0.534832 -0.021908 3.39032 1
0.359191 0.50769 27120 0
-0.51559 0.0175457 3.41723 1
0.365326 0.493889 27336 0
-0.483573 0.24262 3.40897 1
0.373383 0.415298 27264 0
-0.518302 0.414641 3.34739 1
0.361793 0.352579 26776 0
-0.653591 0.119817 3.44452 1
0.330632 0.458602 27552 0
-0.697293 -0.0257815 3.45017 1
0.319603 0.508893 27600 0
-0.732825 -0.143 3.46637 1
0.311297 0.549097 27728 0
-0.745481 -0.17464 3.47418 1
0.30847 0.559825 27792 0
-0.366075 0.124836 3.32819 1
0.401822 0.45536 26624 0
-0.308964 -0.0241713 3.31145 1
0.416719 0.508687 26488 0
-0.274534 -0.146957 3.2709 1
0.425083 0.553471 26160 0
-0.238774 -0.15774 3.27379 1
0.434899 0.557343 26184 0
-0.613292 -0.0928915 3.41371 1
0.33964 0.532385 27304 0
-0.786613 -0.0834995 3.55313 1
0.302392 0.527968 28424 0
-0.64658 -0.228457 3.49019 1
0.334641 0.577902 27920 0
-0.649681 -0.20839 3.46345 1
0.332565 0.571608 27704 0
-0.484818 -0.0897374 3.3521 1
0.370903 0.53186 26816 0
-0.251227 -0.0727584 3.36247 1
0.43331 0.525752 26896 0
-0.373275 -0.190206 3.3856 1
0.401588 0.566862 27080 0
-0.318431 -0.165302 3.3702 1
0.415664 0.558373 26960 0
40
-0.534892 -0.0218186 3.39063 1
0.359188 0.507658 27120 0
-0.515966 0.0177979 3.41754 1
0.36524 0.493802 27336 0
-0.48671 0.242751 3.4087 1
0.372551 0.415245 27264 0
-0.518729 0.415649 3.348 1
0.361704 0.352248 26784 0
-0.658436 0.120754 3.4428 1
0.329291 0.458257 27536 0
-0.701745 -0.0260471 3.4494 1
0.318411 0.508987 27592 0
-0.783 -0.0872772 3.51071 1
0.300923 0.529587 28080 0
-0.806409 -0.107853 3.53714 1
0.296504 0.536289 28296 0
-0.366771 0.124766 3.32925 1
0.401666 0.455399 26632 0
-0.309435 -0.0292109 3.32812 1
0.41701 0.510446 26624 0
-0.27745 -0.147184 3.28069 1
0.424513 0.553394 26240 0
-0.251013 -0.162681 3.30782 1
0.432266 0.558531 26456 0
-0.613389 -0.0925126 3.41349 1
0.339605 0.532255 27304 0
-0.804997 -0.127856 3.54889 1
0.297533 0.542877 28384 0
-0.656139 -0.203509 3.47579 1
0.331501 0.569682 27800 0
-0.680548 -0.194308 3.43501 1
0.323158 0.567322 27480 0
-0.484753 -0.0896759 3.35256 1
0.370938 0.531834 26816 0
-0.216406 -0.0695558 3.44477 1
0.443926 0.524031 27552 0
-0.371302 -0.183942 3.37872 1
0.401909 0.564792 27024 0
-0.361471 -0.184979 3.31749 1
0.402744 0.56636 26536 0
40
-0.535337 -0.0216737 3.39085 1
0.35908 0.507607 27120 0
-0.517645 0.018178 3.4179 1
0.364815 0.49367 27336 0
-0.492754 0.242923 3.40915 1
0.370986 0.415196 27272 0
-0.521983 0.416788 3.34768 1
0.360823 0.351829 26776 0
-0.666778 0.121068 3.43803 1
0.326889 0.45809 27504 0
-0.7299 -0.0069118 3.4477 1
0.311032 0.502386 27576 0
-0.80731 -0.120781 3.47017 1
0.292344 0.541423 27760 0
-0.820283 -0.161908 3.4531 1
0.287965 0.555802 27624 0
-0.372141 0.125388 3.33551 1
0.400414 0.455261 26680 0
-0.310441 -0.0318238 3.34142 1
0.417072 0.511335 26728 0
-0.284734 -0.150623 3.30982 1
0.423213 0.55416 26472 0
-0.253116 -0.160851 3.31459 1
0.431838 0.557755 26512 0
-0.614117 -0.0920349 3.41231 1
0.339359 0.532099 27296 0
-0.817622 -0.17252 3.54833 1
0.294325 0.557864 28384 0
-0.717118 -0.173697 3.40088 1
0.311786 0.560784 27200 0
-0.777756 -0.180026 3.41729 1
0.29685 0.562697 27336 0
-0.484824 -0.0895382 3.35322 1
0.370945 0.531779 26824 0
-0.201598 -0.0679348 3.48037 1
0.448297 0.523231 27840 0
-0.368745 -0.178796 3.37193 1
0.402389 0.563106 26968 0
-0.338891 -0.173722 3.34135 1
0.40947 0.561877 26728 0
40
-0.536584 -0.0217047 3.39073 1
0.358747 0.507618 27120 0
-0.521375 0.0182816 3.41813 1
0.363851 0.493635 27344 0
-0.506089 0.244402 3.41185 1
0.367599 0.414747 27288 0
-0.52574 0.418048 3.34747 1
0.359813 0.351372 26776 0
-0.674986 0.121341 3.43204 1
0.324452 0.457923 27456 0
-0.754275 -0.0107556 3.43895 1
0.304225 0.503722 27504 0
-0.838073 -0.160037 3.43705 1
0.282355 0.555415 27496 0
-0.851961 -0.215828 3.43856 1
0.278845 0.574701 27504 0
-0.37963 0.127968 3.34753 1
0.398775 0.454504 26776 0
-0.329753 -0.0397818 3.36859 1
0.412624 0.514055 26944 0
-0.296188 -0.160741 3.3515 1
0.421117 0.557079 26808 0
-0.263289 -0.158115 3.36676 1
0.430197 0.555893 26928 0
-0.616123 -0.0921545 3.40811 1
0.338636 0.532181 27264 0
-0.842024 -0.078875 3.48156 1
0.284124 0.526962 27848 0
-0.760212 -0.0705056 3.32295 1
0.295796 0.525252 26576 0
-0.803419 -0.103356 3.3347 1
0.28495 0.536887 26672 0
-0.484952 -0.0894157 3.35391 1
0.370937 0.531729 26824 0
-0.194456 -0.0673994 3.4981 1
0.450382 0.522931 27984 0
-0.405877 -0.162867 3.37366 1
0.392614 0.557455 26984 0
-0.419128 -0.190066 3.35588 1
0.388521 0.567405 26840 0
40
-0.538318 -0.0219368 3.39007 1
0.358263 0.507701 27120 0
-0.526315 0.0182677 3.41771 1
0.362544 0.493639 27336 0
-0.517769 0.245863 3.41146 1
0.364528 0.414228 27288 0
-0.529414 0.41892 3.34751 1
0.358835 0.351064 26776 0
-0.690371 0.121556 3.41755 1
0.319689 0.457669 27336 0
-0.76794 -0.0159536 3.42497 1
0.299865 0.505544 27392 0
-0.848165 -0.190289 3.41082 1
0.27804 0.566397 27280 0
-0.86877 -0.249118 3.41772 1
0.273107 0.586748 27336 0
-0.38527 0.129708 3.35651 1
0.397546 0.454009 26848 0
-0.334263 -0.039719 3.38283 1
0.411801 0.513974 27056 0
-0.304881 -0.164137 3.37258 1
0.41931 0.557921 26976 0
-0.269362 -0.159947 3.39368 1
0.429153 0.556092 27144 0
-0.618653 -0.0930176 3.40085 1
0.337627 0.532551 27200 0
-0.858209 -0.0841405 3.45167 1
0.278069 0.529011 27608 0
-0.897364 -0.224753 3.40168 1
0.264534 0.578633 27208 0
-0.888263 -0.296207 3.41246 1
0.267658 0.603305 27296 0
-0.485079 -0.0893439 3.35462 1
0.370931 0.531697 26832 0
-0.189661 -0.0670293 3.51027 1
0.451773 0.522726 28080 0
-0.426049 -0.152525 3.37351 1
0.387272 0.553809 26984 0
-0.403264 -0.165283 3.38221 1
0.393575 0.558159 27056 0
40
-0.540351 -0.0231212 3.38813 1
0.357646 0.508122 27104 0
-0.53124 0.0175151 3.41659 1
0.361212 0.493899 27328 0
-0.525972 0.247277 3.41113 1
0.362368 0.413727 27288 0
-0.532547 0.419902 3.34768 1
0.358007 0.350722 26776 0
-0.70095 0.122347 3.4015 1
0.316063 0.457193 27208 0
-0.775633 -0.0197163 3.41352 1
0.297182 0.506874 27304 0
-0.849925 -0.209206 3.39057 1
0.276251 0.573433 27120 0
-0.871817 -0.275013 3.39543 1
0.270816 0.596394 27160 0
-0.389835 0.131027 3.36396 1
0.396561 0.453644 26904 0
-0.338607 -0.0408155 3.39053 1
0.410858 0.514327 27120 0
-0.308467 -0.16677 3.38299 1
0.418612 0.558669 27056 0
-0.271578 -0.16192 3.40685 1
0.428847 0.556564 27248 0
-0.619654 -0.0966823 3.3853 1
0.336617 0.533989 27080 0
-0.862041 -0.074049 3.43518 1
0.276008 0.525654 27480 0
-0.921416 -0.234441 3.39761 1
0.257933 0.582121 27176 0
-0.930735 -0.289254 3.3551 1
0.252386 0.602605 26840 0
-0.485057 -0.0895528 3.35537 1
0.370965 0.531764 26840 0
-0.187106 -0.0672457 3.51712 1
0.452515 0.522755 28136 0
-0.422753 -0.151297 3.33187 1
0.386746 0.554042 26648 0
-0.464869 -0.175363 3.34556 1
0.375973 0.562382 26760 0
40
-0.542186 -0.0244056 3.38601 1
0.357073 0.508578 27088 0
-0.536286 0.0165204 3.41533 1
0.359842 0.494243 27320 0
-0.531631 0.248122 3.41109 1
0.360886 0.413431 27288 0
-0.534838 0.420652 3.34788 1
0.357405 0.350464 26776 0
-0.704428 0.121659 3.37747 1
0.313835 0.457131 27016 0
-0.783683 -0.0267328 3.38566 1
0.29339 0.509397 27080 0
-0.848348 -0.222939 3.36879 1
0.275222 0.57876 26944 0
-0.871775 -0.291006 3.37416 1
0.269382 0.602643 26992 0
-0.39265 0.131965 3.37313 1
0.396098 0.453439 26984 0
-0.340013 -0.0426389 3.40467 1
0.41086 0.514905 27232 0
-0.3143 -0.175343 3.40619 1
0.417637 0.561265 27248 0
-0.274456 -0.18159 3.43095 1
0.428598 0.56299 27440 0
-0.619931 -0.0996844 3.37088 1
0.335845 0.535195 26960 0
-0.852149 -0.0320327 3.39589 1
0.276017 0.511226 27160 0
-0.894711 -0.246079 3.37622 1
0.263459 0.586743 27008 0
-0.887626 -0.285071 3.3131 1
0.260862 0.602403 26504 0
-0.484934 -0.0899665 3.35637 1
0.371036 0.531901 26848 0
-0.186801 -0.0680805 3.51893 1
0.452617 0.523025 28144 0
-0.422226 -0.150574 3.31803 1
0.386416 0.554008 26544 0
-0.492356 -0.186172 3.3247 1
0.367816 0.566643 26592 0
40
-0.5434 -0.0261125 3.38315 1
0.356632 0.509186 27064 0
-0.540135 0.0152537 3.41373 1
0.35877 0.494682 27304 0
-0.537226 0.24852 3.41067 1
0.359405 0.413281 27280 0
-0.536332 0.421326 3.34803 1
0.357013 0.350231 26784 0
-0.705662 0.121223 3.36349 1
0.312733 0.457107 26904 0
-0.785221 -0.033648 3.35232 1
0.290926 0.511946 26816 0
-0.840118 -0.232292 3.32621 1
0.274553 0.583115 26608 0
-0.862346 -0.300878 3.32684 1
0.268632 0.607635 26608 0
-0.394557 0.13238 3.3796 1
0.395793 0.453383 27032 0
-0.343448 -0.0446581 3.41316 1
0.410183 0.515572 27304 0
-0.320368 -0.180175 3.41592 1
0.416287 0.562774 27320 0
-0.280533 -0.191735 3.43879 1
0.427183 0.566357 27504 0
-0.617961 -0.102049 3.35949 1
0.335812 0.536152 26872 0
-0.84888 -0.0194465 3.38166 1
0.275937 0.506844 27048 0
-0.895762 -0.257879 3.33364 1
0.260157 0.592064 26664 0
-0.888119 -0.29339 3.2593 1
0.256779 0.60713 26072 0
-0.484132 -0.0908524 3.35759 1
0.371296 0.532203 26856 0
-0.752767 -0.0320756 3.36974 1
0.300603 0.511328 26952 0
-0.830862 -0.229086 3.31268 1
0.276126 0.582302 26496 0
-0.786904 -0.176847 3.33893 1
0.289638 0.563035 26704 0
40
-0.544333 -0.0276158 3.38067 1
0.35628 0.509722 27040 0
-0.54322 0.014078 3.41234 1
0.357906 0.49509 27296 0
-0.541039 0.248736 3.41043 1
0.358397 0.4132 27280 0
-0.537399 0.421917 3.34841 1
0.356744 0.350038 26784 0
-0.705181 0.120936 3.35346 1
0.312301 0.45708 26824 0
-0.783911 -0.0365019 3.32795 1
0.289746 0.513054 26616 0
-0.830843 -0.23135 3.30065 1
0.275316 0.583418 26400 0
-0.851759 -0.298715 3.29764 1
0.269449 0.607807 26376 0
-0.395799 0.132459 3.38446 1
0.395615 0.453422 27072 0
-0.346515 -0.0458891 3.4185 1
0.409523 0.515976 27344 0
-0.325468 -0.183747 3.42203 1
0.415106 0.563904 27376 0
-0.28561 -0.197759 3.4438 1
0.425973 0.568343 27544 0
-0.616227 -0.103503 3.35267 1
0.33594 0.536741 26816 0
-0.839212 -0.0105336 3.3378 1
0.275578 0.503756 26696 0
-0.890691 -0.267038 3.31348 1
0.260063 0.595914 26504 0
-0.875156 -0.293465 3.22751 1
0.257968 0.608214 25816 0
-0.483754 -0.0916681 3.35863 1
0.371437 0.532482 26864 0
-0.812044 -0.0557875 3.35143 1
0.283726 0.519811 26808 0
-0.867338 -0.25559 3.3003 1
0.265421 0.592169 26400 0
-0.852023 -0.267557 3.26379 1
0.266986 0.597563 26104 0
40
-0.543263 -0.000785438 3.35875 1
0.355627 0.500278 26864 0
-0.551558 0.0406584 3.39003 1
0.354775 0.485726 27120 0
-0.55339 0.270694 3.38326 1
0.354001 0.404779 27064 0
-0.537376 0.425547 3.3484 1
0.35675 0.348747 26784 0
-0.672962 0.160361 3.33921 1
0.320113 0.442846 26712 0
-0.766635 -0.00647796 3.30704 1
0.29308 0.502331 26456 0
-0.808108 -0.186414 3.28183 1
0.28021 0.567601 26248 0
-0.829644 -0.260666 3.27599 1
0.273951 0.594697 26200 0
-0.413596 0.165165 3.40921 1
0.391713 0.442342 27272 0
-0.350322 -0.0128353 3.42798 1
0.408781 0.504456 27416 0
-0.412587 -0.13584 3.32474 1
0.389233 0.548625 26592 0
-0.399425 -0.177513 3.32528 1
0.392784 0.563532 26600 0
-0.599657 -0.0615129 3.32292 1
0.338922 0.522031 26576 0
-0.818889 -0.131182 3.31475 1
0.27949 0.5471 26512 0
-0.876543 -0.336575 3.2752 1
0.261115 0.622303 26200 0
-0.854486 -0.359008 3.19248 1
0.261092 0.633835 25536 0
-0.484868 -0.06649 3.36486 1
0.371379 0.523517 26912 0
-0.846207 -0.0646429 3.3249 1
0.27283 0.523138 26592 0
-0.916785 -0.273802 3.29591 1
0.251718 0.598868 26360 0
-0.85757 -0.295325 3.23569 1
0.263432 0.608624 25880 0
40
-0.542574 0.00996171 3.34968 1
0.35542 0.496461 26792 0
-0.554723 0.0508833 3.38115 1
0.353558 0.48209 27048 0
-0.557595 0.2784 3.3755 1
0.352553 0.401843 27000 0
-0.534774 0.427835 3.34924 1
0.357479 0.347972 26792 0
-0.653951 0.182786 3.33324 1
0.324881 0.434736 26664 0
-0.757206 0.00561639 3.29721 1
0.295016 0.497973 26376 0
-0.788932 -0.150644 3.27333 1
0.284869 0.554771 26184 0
-0.813871 -0.233944 3.26599 1
0.27757 0.585249 26120 0
-0.422374 0.181787 3.42073 1
0.389787 0.436753 27360 0
-0.351551 -8.1744e-005 3.43606 1
0.408677 0.500028 27488 0
-0.438292 -0.121763 3.30035 1
0.381462 0.543908 26400 0
-0.430784 -0.174966 3.3013 1
0.383526 0.563076 26408 0
-0.590061 -0.0379918 3.30809 1
0.340789 0.513668 26464 0
-0.807883 -0.164734 3.28784 1
0.280673 0.55963 26296 0
-0.860106 -0.37704 3.2233 1
0.26182 0.639213 25784 0
-0.825988 -0.362388 3.23656 1
0.272205 0.633255 25888 0
-0.485378 -0.0561729 3.36697 1
0.371325 0.519855 26928 0
-0.845857 -0.0545941 3.30451 1
0.271523 0.519662 26432 0
-0.875805 -0.272526 3.2744 1
0.261258 0.599053 26192 0
-0.87012 -0.335425 3.23968 1
0.260266 0.623221 25912 0
40
-0.541749 0.0149592 3.34496 1
0.355436 0.494678 26752 0
-0.555983 0.0555059 3.37677 1
0.353035 0.480437 27008 0
-0.559561 0.282127 3.37169 1
0.351867 0.400416 26968 0
-0.529624 0.429704 3.35018 1
0.358892 0.347351 26800 0
-0.645711 0.191778 3.33047 1
0.326944 0.431469 26640 0
-0.740966 0.0182993 3.28793 1
0.298845 0.493376 26296 0
-0.77719 -0.135908 3.26546 1
0.28756 0.549533 26120 0
-0.783326 -0.1931 3.24472 1
0.284514 0.570827 25952 0
-0.426163 0.189102 3.426 1
0.38897 0.43431 27400 0
-0.35128 0.00781296 3.44306 1
0.408933 0.497299 27544 0
-0.451889 -0.110811 3.28224 1
0.37711 0.540179 26256 0
-0.452819 -0.169389 3.2804 1
0.376788 0.561454 26240 0
-0.585736 -0.0290671 3.30173 1
0.341651 0.510477 26408 0
-0.80152 -0.188228 3.27844 1
0.281777 0.56833 26224 0
-0.8002 -0.371135 3.15268 1
0.273446 0.640102 25216 0
-0.771221 -0.379506 3.1222 1
0.279519 0.644661 24976 0
-0.485228 -0.0509468 3.36773 1
0.371394 0.518004 26936 0
-0.855269 -0.0252391 3.27661 1
0.267013 0.509167 26208 0
-0.57343 -0.114851 3.38976 1
0.349004 0.540324 27112 0
-0.627691 -0.164966 3.34614 1
0.332561 0.558674 26768 0
40
-0.539478 0.0181147 3.34175 1
0.355904 0.493549 26728 0
-0.55523 0.0583803 3.37388 1
0.353108 0.479407 26984 0
-0.558114 0.284935 3.37071 1
0.352206 0.399395 26960 0
-0.493439 0.431835 3.34881 1
0.368478 0.346531 26784 0
-0.637759 0.196981 3.32888 1
0.328993 0.429576 26624 0
-0.730247 0.0234635 3.28284 1
0.301448 0.491494 26256 0
-0.762995 -0.128292 3.2582 1
0.290975 0.546861 26064 0
-0.766971 -0.176247 3.23267 1
0.288227 0.564886 25856 0
-0.428358 0.193807 3.42958 1
0.388514 0.432746 27432 0
-0.349158 0.0139059 3.451 1
0.409691 0.495204 27600 0
-0.457581 -0.103883 3.27338 1
0.375225 0.537769 26184 0
-0.444443 -0.162087 3.2826 1
0.379149 0.558765 26256 0
-0.580459 -0.0235116 3.29802 1
0.342902 0.508484 26384 0
-0.797166 -0.202558 3.27196 1
0.282533 0.573677 26168 0
-0.782299 -0.380159 3.12353 1
0.276446 0.644848 24984 0
-0.773665 -0.305019 3.16819 1
0.282031 0.61458 25344 0
-0.484249 -0.047391 3.36796 1
0.371662 0.516746 26936 0
-0.850545 -0.0254863 3.2657 1
0.267526 0.509288 26120 0
-0.569726 -0.114764 3.3951 1
0.350216 0.540229 27160 0
-0.545104 -0.150607 3.33387 1
0.354057 0.553764 26664 0
40
-0.534223 0.019208 3.33981 1
0.357224 0.493155 26712 0
-0.550276 0.0587144 3.37262 1
0.354365 0.479281 26976 0
-0.54917 0.284836 3.37581 1
0.354795 0.399583 27000 0
-0.474472 0.433906 3.35614 1
0.37381 0.346132 26848 0
-0.629575 0.199776 3.32917 1
0.331203 0.428583 26632 0
-0.719786 0.0264969 3.27843 1
0.304029 0.490381 26224 0
-0.737153 -0.127815 3.24399 1
0.29717 0.546892 25944 0
-0.737803 -0.172014 3.20904 1
0.29478 0.563794 25672 0
-0.42815 0.197007 3.4321 1
0.38865 0.431685 27456 0
-0.347079 0.0176291 3.45667 1
0.410376 0.49393 27648 0
-0.423173 -0.112615 3.29518 1
0.385372 0.540673 26360 0
-0.444602 -0.164766 3.28105 1
0.379048 0.559765 26248 0
-0.573783 -0.0210175 3.29695 1
0.344658 0.507587 26368 0
-0.7937 -0.211758 3.26741 1
0.283176 0.577131 26136 0
-0.770719 -0.38196 3.10692 1
0.278578 0.646312 24848 0
-0.754924 -0.303495 3.14746 1
0.28591 0.614758 25176 0
-0.480822 -0.0454028 3.36671 1
0.372523 0.51605 26928 0
-0.813601 -0.0287109 3.26586 1
0.277635 0.510463 26120 0
-0.493593 -0.0935134 3.41593 1
0.371023 0.53258 27320 0
-0.469386 -0.123761 3.35138 1
0.374986 0.543949 26808 0
40
-0.52582 0.0192839 3.33907 1
0.359439 0.493127 26712 0
-0.540798 0.0574237 3.37302 1
0.35689 0.479739 26984 0
-0.533796 0.281615 3.38496 1
0.359241 0.400987 27072 0
-0.463249 0.434131 3.36165 1
0.376997 0.346305 26888 0
-0.621395 0.199831 3.33134 1
0.333505 0.42861 26648 0
-0.70629 0.0247223 3.27209 1
0.307331 0.491008 26176 0
-0.704039 -0.126242 3.21339 1
0.304437 0.546755 25704 0
-0.717523 -0.164714 3.18741 1
0.299067 0.561501 25496 0
-0.422774 0.197918 3.43401 1
0.390109 0.431407 27472 0
-0.336591 0.0250518 3.47776 1
0.413611 0.491427 27816 0
-0.398954 -0.113127 3.32349 1
0.392852 0.54051 26584 0
-0.405217 -0.166728 3.32456 1
0.391206 0.559685 26592 0
-0.565296 -0.0203376 3.29721 1
0.346968 0.507341 26376 0
-0.78916 -0.214589 3.26424 1
0.284207 0.578238 26112 0
-0.762226 -0.379873 3.09579 1
0.280231 0.646036 24760 0
-0.751397 -0.287914 3.149 1
0.287014 0.608813 25184 0
-0.475006 -0.0448187 3.36431 1
0.373975 0.515855 26912 0
-0.788809 -0.031532 3.26921 1
0.284631 0.511479 26152 0
-0.488157 -0.0978474 3.4151 1
0.372412 0.534099 27320 0
-0.461784 -0.126662 3.34864 1
0.37691 0.545016 26784 0
40
-0.508902 0.0229954 3.33928 1
0.36397 0.491804 26712 0
-0.525792 0.0584428 3.37428 1
0.360913 0.479387 26992 0
-0.521666 0.279643 3.39218 1
0.362733 0.401889 27136 0
-0.45546 0.434053 3.3658 1
0.379214 0.346522 26920 0
-0.605688 0.194851 3.3325 1
0.33777 0.430414 26656 0
-0.666683 0.0390949 3.2659 1
0.317791 0.485753 26120 0
-0.669268 -0.104234 3.20117 1
0.313385 0.538752 25608 0
-0.684733 -0.143562 3.18437 1
0.308066 0.553655 25472 0
-0.41477 0.197769 3.43547 1
0.392236 0.431488 27480 0
-0.332507 0.0374842 3.46018 1
0.414226 0.487107 27680 0
-0.383271 -0.11638 3.3408 1
0.397598 0.541459 26720 0
-0.386805 -0.168892 3.34472 1
0.396775 0.560095 26752 0
-0.555864 -0.0194362 3.29744 1
0.349531 0.507015 26376 0
-0.782542 -0.212315 3.26189 1
0.285863 0.577465 26088 0
-0.755232 -0.374608 3.09014 1
0.28185 0.644275 24720 0
-0.748016 -0.278242 3.14958 1
0.288012 0.605138 25192 0
-0.443417 -0.0293613 3.35878 1
0.382162 0.510404 26864 0
-0.69595 -0.00188921 3.29333 1
0.311376 0.500683 26344 0
-0.389517 -0.130886 3.33163 1
0.395643 0.546755 26648 0
-0.35864 -0.156646 3.26731 1
0.402023 0.557059 26136 0
40
-0.494113 0.0264346 3.33973 1
0.367941 0.49058 26712 0
-0.511447 0.0600455 3.37566 1
0.364763 0.47883 27000 0
-0.508586 0.279037 3.39969 1
0.36647 0.402318 27192 0
-0.449282 0.434008 3.36852 1
0.380949 0.346661 26944 0
-0.588525 0.188746 3.33354 1
0.342416 0.432615 26664 0
-0.647726 0.0440026 3.26207 1
0.322764 0.483946 26096 0
-0.652549 -0.0964914 3.19412 1
0.317646 0.535953 25552 0
-0.652207 -0.131079 3.18116 1
0.316999 0.549039 25448 0
-0.403028 0.197374 3.43745 1
0.395347 0.431665 27496 0
-0.328958 0.0412308 3.46187 1
0.415183 0.485826 27688 0
-0.320621 -0.109488 3.46914 1
0.417506 0.537561 27752 0
-0.326794 -0.160476 3.45862 1
0.415662 0.555221 27664 0
-0.54277 -0.018822 3.29561 1
0.352995 0.506797 26360 0
-0.76624 -0.216323 3.25048 1
0.289588 0.579204 26000 0
-0.746096 -0.375804 3.08235 1
0.283943 0.645102 24656 0
-0.740721 -0.278363 3.14466 1
0.289751 0.605349 25152 0
-0.429073 -0.0232858 3.35693 1
0.385911 0.508255 26848 0
-0.650401 0.0112431 3.30493 1
0.32434 0.495951 26432 0
-0.359238 -0.142859 3.31457 1
0.403259 0.551295 26512 0
-0.329992 -0.16901 3.24999 1
0.40937 0.56189 25992 0
40
-0.478884 0.0306778 3.34086 1
0.372054 0.489072 26720 0
-0.49708 0.0624053 3.37732 1
0.368627 0.478009 27016 0
-0.495328 0.278081 3.40639 1
0.370207 0.402844 27248 0
-0.44372 0.433492 3.37031 1
0.382485 0.346925 26960 0
-0.57207 0.183942 3.33279 1
0.346787 0.434315 26656 0
-0.626649 0.0502806 3.26084 1
0.328467 0.481649 26080 0
-0.628741 -0.0881532 3.19086 1
0.324119 0.532879 25520 0
-0.621293 -0.126855 3.17906 1
0.325558 0.54749 25432 0
-0.388761 0.196009 3.43987 1
0.399122 0.432185 27512 0
-0.323445 0.0409789 3.46434 1
0.416664 0.485922 27712 0
-0.32882 -0.109585 3.38389 1
0.413265 0.538541 27064 0
-0.338345 -0.153681 3.40003 1
0.411176 0.553794 27200 0
-0.524928 -0.0158683 3.29172 1
0.357659 0.505737 26328 0
-0.718096 -0.198792 3.25438 1
0.303045 0.572698 26032 0
-0.707777 -0.359824 3.09351 1
0.29578 0.63843 24744 0
-0.71191 -0.271409 3.15083 1
0.298324 0.602516 25200 0
-0.418935 -0.0205895 3.35686 1
0.388605 0.5073 26848 0
-0.627523 0.0157582 3.30869 1
0.330711 0.494332 26464 0
-0.400965 -0.146981 3.27818 1
0.390824 0.553361 26224 0
-0.330217 -0.16933 3.21771 1
0.408397 0.56263 25736 0
40
-0.444228 0.0407292 3.34677 1
0.381523 0.485517 26768 0
-0.468327 0.0692937 3.38191 1
0.376394 0.475615 27048 0
-0.484318 0.278828 3.41045 1
0.373243 0.402699 27280 0
-0.437298 0.4333 3.37264 1
0.384266 0.347098 26976 0
-0.553366 0.180997 3.33162 1
0.351745 0.435344 26648 0
-0.612174 0.0527446 3.25868 1
0.332318 0.480737 26064 0
-0.608641 -0.0850387 3.1892 1
0.329653 0.531734 25512 0
-0.577825 -0.136126 3.18187 1
0.337906 0.550915 25448 0
-0.375208 0.195789 3.44148 1
0.402685 0.432293 27528 0
-0.318076 0.039073 3.4616 1
0.417982 0.486566 27688 0
-0.285591 -0.107641 3.41297 1
0.425309 0.537535 27296 0
-0.307071 -0.15125 3.43987 1
0.42032 0.552329 27512 0
-0.483186 -0.00776088 3.28951 1
0.36889 0.502808 26312 0
-0.689548 -0.187214 3.25668 1
0.311008 0.568416 26048 0
-0.682624 -0.348365 3.10121 1
0.303527 0.633689 24808 0
-0.689515 -0.265959 3.15523 1
0.30494 0.600317 25240 0
-0.386507 -0.019854 3.36843 1
0.39758 0.507015 26944 0
-0.352127 -0.183201 3.39712 1
0.407479 0.564181 27176 0
-0.429733 -0.164122 3.21957 1
0.380861 0.560668 25752 0
-0.397399 -0.170587 3.26748 1
0.391441 0.562133 26136 0
40
-0.409959 0.0446828 3.35901 1
0.391061 0.484169 26872 0
-0.437336 0.0737765 3.39142 1
0.384897 0.47411 27128 0
-0.468855 0.281421 3.41241 1
0.37736 0.40185 27296 0
-0.409611 0.43406 3.38123 1
0.391869 0.34722 27048 0
-0.526 0.17781 3.32746 1
0.3589 0.436403 26616 0
-0.582583 0.0443772 3.25038 1
0.340016 0.483751 26000 0
-0.570445 -0.106075 3.19069 1
0.340418 0.539566 25520 0
-0.548627 -0.15604 3.18338 1
0.34617 0.558336 25464 0
-0.358232 0.196619 3.4421 1
0.407104 0.432018 27536 0
-0.313052 0.037733 3.45852 1
0.419206 0.487016 27664 0
-0.274414 -0.107857 3.41309 1
0.428235 0.537609 27304 0
-0.29688 -0.150639 3.44095 1
0.422988 0.552102 27520 0
-0.44084 -0.0114325 3.29984 1
0.380755 0.504123 26392 0
-0.663957 -0.173914 3.2578 1
0.318085 0.563533 26056 0
-0.658925 -0.33515 3.10711 1
0.310708 0.628373 24856 0
-0.665679 -0.257993 3.15804 1
0.311852 0.597226 25264 0
-0.351677 -0.0157908 3.39077 1
0.407424 0.505542 27120 0
-0.257095 -0.240629 3.42339 1
0.432967 0.583654 27384 0
-0.410008 -0.272628 3.19846 1
0.385579 0.601443 25584 0
-0.382524 -0.223777 3.25138 1
0.394987 0.581911 26008 0
40
-0.394609 0.0472256 3.36415 1
0.3953 0.483293 26912 0
-0.422112 0.0763457 3.39585 1
0.389049 0.473244 27160 0
-0.451032 0.280709 3.41297 1
0.382042 0.402115 27296 0
-0.389765 0.431845 3.38722 1
0.39729 0.348268 27096 0
-0.499375 0.174084 3.32509 1
0.365947 0.437691 26600 0
-0.549087 0.0260532 3.24071 1
0.348764 0.490432 25920 0
-0.544795 -0.122909 3.19958 1
0.348017 0.545718 25592 0
-0.527695 -0.171757 3.18915 1
0.352306 0.564096 25512 0
-0.339531 0.195176 3.44233 1
0.41196 0.432521 27536 0
-0.303703 0.0330024 3.45344 1
0.421503 0.488627 27624 0
-0.264521 -0.11053 3.41271 1
0.430815 0.538546 27296 0
-0.286111 -0.153583 3.43997 1
0.425761 0.553135 27512 0
-0.420905 -0.0127816 3.30081 1
0.38618 0.504609 26400 0
-0.649085 -0.166982 3.25743 1
0.322139 0.561008 26056 0
-0.644914 -0.328024 3.10956 1
0.314879 0.625545 24872 0
-0.6505 -0.253627 3.15868 1
0.316179 0.595562 25264 0
-0.335793 -0.0150116 3.40255 1
0.411911 0.505251 27216 0
-0.21786 -0.272202 3.43478 1
0.443385 0.594316 27472 0
-0.400392 -0.327957 3.19555 1
0.388161 0.622142 25560 0
-0.385911 -0.239282 3.25303 1
0.394111 0.587541 26024 0
40
-0.382548 0.0540356 3.36833 1
0.398626 0.480908 26944 0
-0.409727 0.0819591 3.39934 1
0.392415 0.471306 27192 0
-0.430574 0.2799 3.4133 1
0.387403 0.402407 27304 0
-0.371453 0.430033 3.3906 1
0.402213 0.349055 27120 0
-0.47776 0.172424 3.32278 1
0.37166 0.438243 26576 0
-0.525867 0.018299 3.23577 1
0.354939 0.49327 25880 0
-0.486348 -0.12152 3.18442 1
0.363676 0.545416 25472 0
-0.476472 -0.178257 3.17804 1
0.366177 0.566754 25424 0
-0.319175 0.193785 3.44283 1
0.41725 0.433012 27536 0
-0.29001 0.0278483 3.44864 1
0.424938 0.49039 27584 0
-0.255222 -0.113753 3.41209 1
0.433234 0.539677 27296 0
-0.274687 -0.157373 3.43785 1
0.428681 0.55448 27496 0
-0.408162 -0.0114702 3.29741 1
0.389512 0.50414 26376 0
-0.635493 -0.163434 3.25341 1
0.325649 0.559786 26024 0
-0.632045 -0.324312 3.1081 1
0.318487 0.624183 24864 0
-0.634498 -0.25255 3.1544 1
0.320457 0.595285 25232 0
-0.32638 -0.0139309 3.4111 1
0.414595 0.50486 27288 0
-0.21271 -0.236594 3.47054 1
0.445293 0.581133 27760 0
-0.363014 -0.339298 3.23871 1
0.399953 0.624681 25904 0
-0.383872 -0.242272 3.26064 1
0.394916 0.588429 26080 0
40
-0.372664 0.057803 3.3695 1
0.40128 0.479584 26952 0
-0.398027 0.0857242 3.40002 1
0.395508 0.469994 27200 0
-0.408927 0.279943 3.41125 1
0.392999 0.402333 27288 0
-0.352089 0.429458 3.39213 1
0.407352 0.349325 27136 0
-0.460612 0.173666 3.31943 1
0.376141 0.437735 26552 0
-0.505606 0.0104214 3.23209 1
0.360369 0.496163 25856 0
-0.463117 -0.123296 3.17479 1
0.369795 0.546219 25392 0
-0.450534 -0.183407 3.16758 1
0.373044 0.56891 25336 0
-0.298014 0.193126 3.44191 1
0.422716 0.433222 27528 0
-0.271538 0.0235217 3.44311 1
0.429606 0.49187 27544 0
-0.242975 -0.128369 3.41899 1
0.436567 0.544684 27344 0
-0.25015 -0.178577 3.42514 1
0.434811 0.56205 27400 0
-0.399597 -0.0101682 3.29431 1
0.391729 0.503673 26352 0
-0.430668 -0.206301 3.19847 1
0.379814 0.576763 25584 0
-0.460531 -0.355855 3.06714 1
0.365977 0.63808 24536 0
-0.46202 -0.285883 3.10738 1
0.367285 0.609493 24856 0
-0.317893 -0.0131377 3.41499 1
0.416911 0.504578 27312 0
-0.218548 -0.238094 3.48319 1
0.443996 0.581351 27864 0
-0.346703 -0.344659 3.26511 1
0.405221 0.625628 26120 0
-0.378748 -0.243773 3.26899 1
0.396583 0.588749 26144 0
40
-0.35579 0.0715912 3.37284 1
0.405843 0.474739 26976 0
-0.379808 0.0974705 3.40261 1
0.400366 0.465908 27216 0
-0.38849 0.281409 3.41012 1
0.398313 0.401789 27280 0
-0.333805 0.42925 3.39506 1
0.412239 0.349528 27160 0
-0.446784 0.176279 3.31591 1
0.379733 0.436731 26520 0
-0.494883 0.00680007 3.23009 1
0.363246 0.497495 25840 0
-0.406844 -0.139935 3.15523 1
0.384907 0.552782 25240 0
-0.404271 -0.194578 3.15311 1
0.385558 0.573442 25224 0
-0.277397 0.19369 3.44149 1
0.428054 0.433019 27528 0
-0.251375 0.0213317 3.4395 1
0.434765 0.492619 27512 0
-0.236646 -0.133223 3.42174 1
0.438269 0.546337 27368 0
-0.24105 -0.184137 3.42229 1
0.43713 0.564035 27376 0
-0.38748 -0.00495762 3.28803 1
0.394812 0.501794 26304 0
-0.298155 -0.201741 3.23538 1
0.417743 0.57421 25880 0
-0.292585 -0.361805 3.09558 1
0.415635 0.639099 24760 0
-0.301861 -0.290662 3.126 1
0.413807 0.61066 25008 0
-0.304933 -0.00948101 3.42415 1
0.420511 0.503295 27392 0
-0.208492 -0.235361 3.49808 1
0.4468 0.580075 27984 0
-0.332165 -0.341978 3.28817 1
0.409832 0.623776 26304 0
-0.36316 -0.240097 3.28675 1
0.401375 0.586939 26288 0
40
-0.339981 0.0772837 3.3749 1
0.410082 0.472747 26992 0
-0.362264 0.103827 3.40403 1
0.405008 0.4637 27232 0
-0.359535 0.285823 3.40669 1
0.405798 0.400148 27248 0
-0.31299 0.429823 3.39715 1
0.417763 0.34942 27176 0
-0.415978 0.178788 3.30636 1
0.387701 0.435645 26448 0
-0.482437 0.00717231 3.24377 1
0.367247 0.497369 25944 0
-0.386714 -0.144275 3.14932 1
0.390396 0.554522 25192 0
-0.382501 -0.196362 3.14631 1
0.391486 0.574276 25168 0
-0.250993 0.196416 3.43956 1
0.434865 0.432038 27512 0
-0.223316 0.0221385 3.43543 1
0.441978 0.492331 27480 0
-0.231298 -0.135493 3.42331 1
0.439691 0.547104 27384 0
-0.233278 -0.186486 3.42088 1
0.439132 0.564879 27360 0
-0.37076 -0.00208967 3.2872 1
0.399325 0.500757 26296 0
-0.23448 -0.21469 3.25558 1
0.435712 0.578483 26040 0
-0.203446 -0.373575 3.10995 1
0.441608 0.642961 24872 0
-0.219878 -0.300566 3.13462 1
0.437389 0.614116 25072 0
-0.293004 -0.00831926 3.42939 1
0.423738 0.502887 27432 0
-0.209225 -0.243062 3.46245 1
0.446063 0.583546 27696 0
-0.203358 -0.137962 3.51788 1
0.448402 0.546673 28136 0
-0.234368 -0.163592 3.446 1
0.439293 0.556499 27560 0
0
0
0
0
0
0
0
0
0
0
0
0
0
0
0
0
0
0
0
0
0
0
0
0
0
0
0
0
0
0
0
0
0
0
0
0
0
0
0
0
0
0
0
0
0
0
0
0
0
0
0
0
0
0
0
0
0
0
0
0
0
0
0
0
0
0
0
0
0
0
0
0
0
0
0
0
0
0
0
0
0
0
0
0
0
0
0
0
0
