79 20
40
0.161086 -0.427174 2.42186 1
0.559369 0.709917 19368 0
0.151115 -0.377621 2.47294 1
0.554544 0.681733 19776 0
0.125276 -0.0717048 2.48797 1
0.544945 0.5343 19896 0
0.134104 0.128196 2.475 1
0.548364 0.438356 19792 0
-0.0116433 -0.171992 2.45315 1
0.495764 0.58344 19624 0
-0.0294563 -0.39851 2.36226 1
0.48887 0.700772 18896 0
0.0290549 -0.523978 2.23518 1
0.511603 0.778993 17880 0
0.0272038 -0.567481 2.23894 1
0.510845 0.801648 17904 0
0.27912 -0.185047 2.47777 1
0.60055 0.588882 19816 0
0.301925 -0.383348 2.40272 1
0.612163 0.689882 19216 0
0.28452 -0.463014 2.22986 1
0.613891 0.747121 17832 0
0.272918 -0.493675 2.17976 1
0.611758 0.769541 17432 0
0.0888447 -0.497963 2.38715 1
0.53322 0.748262 19096 0
0.13469 -0.587074 2.08008 1
0.557798 0.835897 16640 0
0.0741952 -0.876206 2.06406 1
0.532085 1.00522 16512 0
0.0823564 -0.909532 1.98118 1
0.537105 1.04637 15848 0
0.246617 -0.486557 2.42888 1
0.59063 0.738408 19424 0
0.261302 -0.609096 2.08489 1
0.61187 0.847692 16672 0
0.289526 -0.893004 2.07945 1
0.624278 1.01109 16632 0
0.297799 -0.926248 1.99653 1
0.633138 1.05213 15968 0
40
0.161148 -0.427164 2.42191 1
0.559391 0.709908 19368 0
0.151166 -0.377622 2.473 1
0.554561 0.68173 19784 0
0.125327 -0.0717172 2.48808 1
0.544961 0.534305 19904 0
0.134124 0.128175 2.47509 1
0.548369 0.438368 19800 0
-0.0116196 -0.171995 2.45324 1
0.495772 0.583439 19624 0
-0.0294008 -0.398701 2.362 1
0.48889 0.700891 18888 0
0.0288398 -0.524892 2.23521 1
0.511517 0.779476 17880 0
0.0315883 -0.569954 2.22933 1
0.512648 0.804269 17832 0
0.279147 -0.185046 2.47787 1
0.600556 0.588878 19816 0
0.301956 -0.383273 2.4029 1
0.612166 0.68983 19216 0
0.286914 -0.463961 2.23084 1
0.614799 0.747518 17840 0
0.27405 -0.494045 2.18037 1
0.612189 0.769667 17440 0
0.088922 -0.497952 2.38718 1
0.533249 0.748253 19096 0
0.134521 -0.586993 2.08005 1
0.557726 0.835855 16640 0
0.0741572 -0.876147 2.06414 1
0.532068 1.00516 16512 0
0.0823213 -0.909469 1.98126 1
0.537087 1.04631 15848 0
0.246665 -0.486548 2.42893 1
0.590645 0.738398 19424 0
0.262067 -0.610217 2.08407 1
0.612242 0.848468 16672 0
0.289418 -0.893392 2.07937 1
0.624236 1.01133 16632 0
0.297683 -0.926631 1.99646 1
0.63309 1.05238 15968 0
40
0.161205 -0.427153 2.42197 1
0.559411 0.709898 19368 0
0.151213 -0.377622 2.47306 1
0.554577 0.681725 19784 0
0.125372 -0.0717257 2.48819 1
0.544975 0.534307 19904 0
0.134136 0.128156 2.47517 1
0.548372 0.438379 19800 0
-0.0116008 -0.172002 2.45334 1
0.495779 0.583439 19624 0
-0.0294192 -0.398686 2.36198 1
0.488882 0.700885 18888 0
0.0286149 -0.525298 2.23539 1
0.511426 0.779669 17880 0
0.0348362 -0.571035 2.22217 1
0.513993 0.805829 17776 0
0.279174 -0.185043 2.47797 1
0.600562 0.588873 19816 0
0.301933 -0.383304 2.40304 1
0.612151 0.689834 19224 0
0.288855 -0.464668 2.23124 1
0.615555 0.74785 17848 0
0.275101 -0.49436 2.18072 1
0.612602 0.769796 17440 0
0.0889918 -0.49794 2.3872 1
0.533275 0.748245 19096 0
0.134349 -0.586908 2.08003 1
0.557653 0.83581 16640 0
0.0741332 -0.876096 2.0642 1
0.532056 1.00512 16512 0
0.0822993 -0.909415 1.98132 1
0.537076 1.04626 15848 0
0.246709 -0.48654 2.42898 1
0.59066 0.73839 19424 0
0.262788 -0.610995 2.08341 1
0.612586 0.849023 16664 0
0.289242 -0.893756 2.0793 1
0.624165 1.01156 16632 0
0.297498 -0.926993 1.9964 1
0.633012 1.05261 15968 0
40
0.161256 -0.427143 2.42201 1
0.559428 0.709889 19376 0
0.151258 -0.377621 2.47311 1
0.554592 0.681721 19784 0
0.125409 -0.0717335 2.48828 1
0.544986 0.53431 19904 0
0.134145 0.128137 2.47525 1
0.548374 0.43839 19800 0
-0.0115836 -0.172011 2.45344 1
0.495786 0.58344 19624 0
-0.0294797 -0.398552 2.36201 1
0.48886 0.700815 18896 0
0.0283299 -0.5255 2.23567 1
0.511311 0.779742 17880 0
0.0369403 -0.571303 2.21731 1
0.514871 0.806643 17736 0
0.279192 -0.185039 2.47805 1
0.600565 0.588868 19824 0
0.301921 -0.383324 2.40316 1
0.612141 0.689835 19224 0
0.290462 -0.465327 2.23163 1
0.616177 0.748158 17848 0
0.276097 -0.494703 2.18107 1
0.612992 0.769941 17448 0
0.0890545 -0.49793 2.38722 1
0.533298 0.748238 19096 0
0.134277 -0.586873 2.08002 1
0.557622 0.83579 16640 0
0.0740986 -0.876057 2.06424 1
0.532041 1.00508 16512 0
0.082264 -0.909372 1.98137 1
0.537059 1.04622 15848 0
0.246748 -0.486532 2.42902 1
0.590673 0.738382 19432 0
0.263075 -0.611692 2.08293 1
0.612735 0.849503 16656 0
0.289188 -0.894233 2.07926 1
0.624144 1.01184 16632 0
0.297431 -0.927469 1.99637 1
0.632984 1.05291 15968 0
40
0.161306 -0.427133 2.42206 1
0.559445 0.70988 19376 0
0.151303 -0.377619 2.47317 1
0.554607 0.681716 19784 0
0.125437 -0.0717369 2.48837 1
0.544995 0.53431 19904 0
0.134153 0.128119 2.47532 1
0.548375 0.438401 19800 0
-0.0115651 -0.172018 2.45354 1
0.495793 0.58344 19624 0
-0.0294509 -0.398734 2.36183 1
0.48887 0.700922 18888 0
0.0295226 -0.525328 2.23497 1
0.511791 0.779738 17872 0
0.0432072 -0.569869 2.20909 1
0.517458 0.807011 17672 0
0.279201 -0.185031 2.47811 1
0.600566 0.588862 19824 0
0.301902 -0.383342 2.40327 1
0.612129 0.689835 19224 0
0.291472 -0.465809 2.23191 1
0.616567 0.748384 17848 0
0.276828 -0.494995 2.18135 1
0.613276 0.770064 17448 0
0.0891168 -0.497918 2.38725 1
0.533321 0.748229 19096 0
0.134205 -0.586836 2.08002 1
0.557591 0.835769 16640 0
0.0740766 -0.876023 2.06428 1
0.532031 1.00506 16512 0
0.0822401 -0.909335 1.98141 1
0.537048 1.04619 15848 0
0.246787 -0.486522 2.42906 1
0.590685 0.738372 19432 0
0.264093 -0.581747 2.10006 1
0.612248 0.829681 16800 0
0.287821 -0.886629 2.07881 1
0.623584 1.0076 16624 0
0.296 -0.91986 1.99593 1
0.632373 1.04849 15960 0
40
0.161352 -0.427123 2.42211 1
0.559461 0.709871 19376 0
0.151348 -0.377616 2.47322 1
0.554622 0.681711 19784 0
0.125457 -0.0717387 2.48843 1
0.545001 0.53431 19904 0
0.134159 0.128103 2.47539 1
0.548376 0.43841 19800 0
-0.0115483 -0.172025 2.45363 1
0.495799 0.58344 19624 0
-0.0296694 -0.398222 2.36231 1
0.488789 0.700623 18896 0
0.026028 -0.527184 2.23849 1
0.510379 0.780284 17904 0
0.0195951 -0.571477 2.24786 1
0.507781 0.802568 17976 0
0.279205 -0.185021 2.47816 1
0.600565 0.588856 19824 0
0.30189 -0.383353 2.40336 1
0.61212 0.689833 19224 0
0.292268 -0.466208 2.23215 1
0.616873 0.748571 17856 0
0.277477 -0.495267 2.18161 1
0.613528 0.770181 17448 0
0.0891768 -0.497908 2.38728 1
0.533343 0.748221 19096 0
0.134118 -0.586799 2.08003 1
0.557553 0.835747 16640 0
0.0740644 -0.875999 2.06431 1
0.532025 1.00503 16512 0
0.0822257 -0.909309 1.98144 1
0.537041 1.04616 15848 0
0.246824 -0.48651 2.42911 1
0.590697 0.738362 19432 0
0.257041 -0.594536 2.0937 1
0.609583 0.837953 16744 0
0.289097 -0.887551 2.07846 1
0.624153 1.00821 16624 0
0.297213 -0.920767 1.9956 1
0.632938 1.04912 15960 0
40
0.161394 -0.427114 2.42215 1
0.559476 0.709863 19376 0
0.151388 -0.377613 2.47327 1
0.554635 0.681706 19784 0
0.12547 -0.071739 2.4885 1
0.545005 0.534309 19904 0
0.134162 0.128087 2.47545 1
0.548376 0.43842 19800 0
-0.0115336 -0.172033 2.45373 1
0.495804 0.583441 19624 0
-0.0301127 -0.397375 2.36328 1
0.488627 0.700114 18904 0
0.0276651 -0.522817 2.23858 1
0.511031 0.777952 17904 0
0.030154 -0.562306 2.23447 1
0.512045 0.799496 17872 0
0.279202 -0.185008 2.4782 1
0.600562 0.588847 19824 0
0.301882 -0.38336 2.40343 1
0.612114 0.689831 19224 0
0.292918 -0.466564 2.23234 1
0.617123 0.748739 17856 0
0.278066 -0.495536 2.18183 1
0.613758 0.7703 17448 0
0.0892317 -0.497898 2.38731 1
0.533363 0.748213 19096 0
0.134036 -0.586762 2.08003 1
0.557518 0.835725 16640 0
0.0740578 -0.875978 2.06433 1
0.532022 1.00502 16512 0
0.0822169 -0.909287 1.98147 1
0.537036 1.04614 15848 0
0.246855 -0.486497 2.42915 1
0.590707 0.738352 19432 0
0.257362 -0.600784 2.09006 1
0.609911 0.8421 16720 0
0.28936 -0.888486 2.07832 1
0.624274 1.00878 16624 0
0.297435 -0.921703 1.99547 1
0.633046 1.04972 15960 0
40
0.161415 -0.427115 2.42218 1
0.559483 0.709861 19376 0
0.15141 -0.377617 2.47331 1
0.554642 0.681704 19784 0
0.125471 -0.0717361 2.48855 1
0.545004 0.534307 19904 0
0.13416 0.128071 2.4755 1
0.548374 0.438428 19800 0
-0.0115217 -0.172042 2.45381 1
0.495809 0.583442 19624 0
-0.0299945 -0.397683 2.36311 1
0.48867 0.700284 18904 0
0.0272375 -0.523587 2.23795 1
0.510864 0.778439 17896 0
0.0334117 -0.564158 2.22409 1
0.513409 0.801884 17792 0
0.279198 -0.185 2.47824 1
0.60056 0.588843 19824 0
0.301852 -0.383592 2.40339 1
0.612105 0.689949 19224 0
0.29346 -0.466982 2.23219 1
0.617347 0.748979 17856 0
0.278573 -0.495836 2.18183 1
0.613965 0.770464 17448 0
0.0892638 -0.497897 2.38734 1
0.533375 0.748209 19096 0
0.134035 -0.586753 2.08006 1
0.557517 0.835715 16640 0
0.0740309 -0.875957 2.06435 1
0.53201 1.005 16512 0
0.0821803 -0.909263 1.98148 1
0.53702 1.04612 15848 0
0.246867 -0.486497 2.42918 1
0.590711 0.738349 19432 0
0.257256 -0.605698 2.08718 1
0.610017 0.845373 16696 0
0.289759 -0.889678 2.07823 1
0.624451 1.00949 16624 0
0.297789 -0.922896 1.99538 1
0.63321 1.05045 15960 0
40
0.161432 -0.427118 2.42222 1
0.559488 0.709859 19376 0
0.151428 -0.377621 2.47335 1
0.554648 0.681703 19784 0
0.125469 -0.0717328 2.48859 1
0.545003 0.534305 19904 0
0.134149 0.128056 2.47554 1
0.548369 0.438437 19800 0
-0.0115116 -0.172052 2.4539 1
0.495813 0.583444 19624 0
-0.0300293 -0.397628 2.3632 1
0.488658 0.700249 18904 0
0.0268337 -0.523547 2.2378 1
0.510703 0.778437 17896 0
0.0353719 -0.564339 2.21704 1
0.514241 0.802942 17736 0
0.279192 -0.184993 2.47826 1
0.600557 0.588839 19824 0
0.301831 -0.383797 2.40335 1
0.612099 0.690054 19224 0
0.293882 -0.467328 2.23204 1
0.617523 0.749179 17856 0
0.27901 -0.496105 2.18181 1
0.614145 0.770614 17448 0
0.0892896 -0.497897 2.38736 1
0.533384 0.748207 19096 0
0.134018 -0.58674 2.08008 1
0.557509 0.835705 16640 0
0.0740171 -0.875941 2.06436 1
0.532004 1.00499 16512 0
0.08216 -0.909243 1.98149 1
0.53701 1.04611 15848 0
0.246875 -0.486498 2.4292 1
0.590713 0.738347 19432 0
0.259266 -0.577987 2.10224 1
0.610082 0.827211 16816 0
0.284548 -0.834326 2.07218 1
0.62257 0.979183 16576 0
0.280324 -0.863799 1.99725 1
0.62528 1.01472 15976 0
40
0.161446 -0.427122 2.42225 1
0.559493 0.709859 19376 0
0.151444 -0.377625 2.47339 1
0.554653 0.681703 19784 0
0.125465 -0.0717301 2.48862 1
0.545001 0.534303 19904 0
0.134123 0.128042 2.47557 1
0.548359 0.438444 19800 0
-0.0115041 -0.172061 2.45397 1
0.495816 0.583446 19624 0
-0.0300603 -0.397588 2.36327 1
0.488646 0.700222 18904 0
0.0264435 -0.523566 2.23766 1
0.510548 0.778465 17896 0
0.0368189 -0.564612 2.21178 1
0.514859 0.803809 17688 0
0.279185 -0.184988 2.47828 1
0.600553 0.588835 19824 0
0.301824 -0.383923 2.40334 1
0.612096 0.690117 19224 0
0.294214 -0.467596 2.23197 1
0.61766 0.74933 17848 0
0.279398 -0.496341 2.18181 1
0.614303 0.770742 17448 0
0.0893127 -0.497899 2.38739 1
0.533392 0.748205 19096 0
0.133974 -0.586722 2.0801 1
0.55749 0.835692 16640 0
0.0740112 -0.875929 2.06436 1
0.532001 1.00498 16512 0
0.0821503 -0.90923 1.9815 1
0.537006 1.0461 15848 0
0.246881 -0.4865 2.42923 1
0.590714 0.738346 19432 0
0.254935 -0.594361 2.09348 1
0.608696 0.837888 16744 0
0.288238 -0.847742 2.07278 1
0.624122 0.986746 16576 0
0.286436 -0.879847 1.99662 1
0.628052 1.02445 15968 0
40
0.161458 -0.427128 2.42227 1
0.559496 0.709859 19376 0
0.151458 -0.377629 2.47342 1
0.554657 0.681702 19784 0
0.125464 -0.0717296 2.48865 1
0.545 0.534303 19904 0
0.134093 0.128029 2.47561 1
0.548348 0.438451 19800 0
-0.0115027 -0.172074 2.45405 1
0.495816 0.58345 19632 0
-0.0301549 -0.39742 2.36349 1
0.488612 0.700119 18904 0
0.0265767 -0.522957 2.23747 1
0.510602 0.778164 17896 0
0.0394123 -0.563539 2.20724 1
0.515938 0.803856 17656 0
0.279177 -0.184983 2.4783 1
0.60055 0.588832 19824 0
0.301818 -0.384034 2.40333 1
0.612095 0.690174 19224 0
0.29447 -0.46783 2.23189 1
0.617767 0.749464 17848 0
0.279728 -0.496561 2.18181 1
0.614439 0.770862 17448 0
0.0893322 -0.497902 2.38741 1
0.533399 0.748204 19096 0
0.133962 -0.586711 2.08011 1
0.557484 0.835683 16640 0
0.074 -0.875912 2.06437 1
0.531996 1.00497 16512 0
0.0821319 -0.90921 1.98151 1
0.536997 1.04609 15848 0
0.246886 -0.486504 2.42925 1
0.590715 0.738346 19432 0
0.252511 -0.604334 2.08814 1
0.607938 0.844438 16704 0
0.292657 -0.86191 2.07247 1
0.626045 0.994956 16576 0
0.293495 -0.895848 1.99471 1
0.631333 1.0345 15952 0
40
0.161465 -0.427136 2.4223 1
0.559498 0.709861 19376 0
0.151469 -0.377636 2.47345 1
0.554661 0.681703 19784 0
0.125462 -0.0717292 2.48866 1
0.544999 0.534302 19904 0
0.134044 0.128015 2.47564 1
0.54833 0.438459 19800 0
-0.0115076 -0.172088 2.45412 1
0.495815 0.583454 19632 0
-0.0298337 -0.398388 2.36258 1
0.488729 0.700684 18896 0
0.0273898 -0.524384 2.23625 1
0.510933 0.779076 17888 0
0.04219 -0.565058 2.20277 1
0.517096 0.805293 17616 0
0.279155 -0.184981 2.47831 1
0.600541 0.588831 19824 0
0.301813 -0.384117 2.40331 1
0.612094 0.690216 19224 0
0.294671 -0.46803 2.23183 1
0.61785 0.749578 17848 0
0.280015 -0.496762 2.18181 1
0.614556 0.770972 17448 0
0.0893478 -0.497909 2.38744 1
0.533405 0.748205 19096 0
0.133965 -0.586701 2.08014 1
0.557485 0.835674 16640 0
0.0739827 -0.875892 2.06437 1
0.531989 1.00496 16512 0
0.082102 -0.909186 1.98151 1
0.536984 1.04607 15848 0
0.246887 -0.48651 2.42927 1
0.590714 0.738346 19432 0
0.251355 -0.608301 2.08599 1
0.607555 0.847055 16680 0
0.295325 -0.873427 2.07256 1
0.627188 1.00155 16576 0
0.298021 -0.908005 1.99353 1
0.633438 1.04207 15944 0
40
0.161477 -0.427147 2.42233 1
0.559502 0.709864 19376 0
0.151484 -0.377643 2.47348 1
0.554665 0.681705 19784 0
0.125459 -0.0717307 2.48867 1
0.544998 0.534303 19904 0
0.133992 0.128001 2.47567 1
0.54831 0.438466 19800 0
-0.0115146 -0.172105 2.45418 1
0.495812 0.58346 19632 0
-0.0293803 -0.399381 2.3615 1
0.488895 0.701276 18888 0
0.0275909 -0.526293 2.23498 1
0.511019 0.78025 17872 0
0.0436665 -0.566829 2.19944 1
0.517721 0.806713 17592 0
0.279127 -0.184987 2.47831 1
0.600531 0.588834 19824 0
0.301814 -0.384188 2.40331 1
0.612094 0.690251 19224 0
0.294804 -0.468163 2.23179 1
0.617906 0.749653 17848 0
0.280232 -0.496911 2.18181 1
0.614645 0.771053 17448 0
0.0893721 -0.497922 2.38747 1
0.533413 0.748208 19096 0
0.133963 -0.586686 2.08015 1
0.557484 0.835663 16640 0
0.0739718 -0.875867 2.06437 1
0.531984 1.00494 16512 0
0.08208 -0.909157 1.98151 1
0.536974 1.04605 15848 0
0.246893 -0.486515 2.42929 1
0.590716 0.738347 19432 0
0.252727 -0.611692 2.08386 1
0.608252 0.849347 16664 0
0.295537 -0.881624 2.07276 1
0.627267 1.00621 16576 0
0.299495 -0.916117 1.9928 1
0.634146 1.04712 15936 0
40
0.161487 -0.427158 2.42235 1
0.559505 0.709867 19376 0
0.151497 -0.377651 2.4735 1
0.554669 0.681706 19784 0
0.125453 -0.0717391 2.48867 1
0.544995 0.534307 19904 0
0.133934 0.127985 2.4757 1
0.548289 0.438475 19800 0
-0.011521 -0.172129 2.45424 1
0.49581 0.58347 19632 0
-0.0293373 -0.399693 2.36121 1
0.48891 0.701458 18888 0
0.0275416 -0.527064 2.23465 1
0.511001 0.780703 17872 0
0.0444988 -0.56763 2.19765 1
0.518073 0.807397 17576 0
0.279097 -0.184994 2.4783 1
0.60052 0.588837 19824 0
0.301813 -0.384248 2.40331 1
0.612094 0.69028 19224 0
0.294913 -0.468276 2.23175 1
0.617951 0.749717 17848 0
0.28043 -0.497048 2.18181 1
0.614726 0.771128 17448 0
0.0893935 -0.497936 2.3875 1
0.533421 0.748212 19096 0
0.133955 -0.586669 2.08016 1
0.55748 0.835651 16640 0
0.0739673 -0.875841 2.06438 1
0.531982 1.00493 16512 0
0.0820657 -0.90913 1.98152 1
0.536967 1.04604 15848 0
0.246899 -0.48652 2.4293 1
0.590717 0.738348 19432 0
0.254818 -0.61373 2.0823 1
0.60923 0.850774 16656 0
0.29476 -0.88739 2.07321 1
0.626905 1.00941 16584 0
0.299736 -0.921577 1.99254 1
0.634272 1.05045 15936 0
40
0.161494 -0.427169 2.42237 1
0.559507 0.709871 19376 0
0.151506 -0.377658 2.47353 1
0.554672 0.681708 19784 0
0.125438 -0.0717622 2.48866 1
0.54499 0.534318 19904 0
0.133878 0.127969 2.47572 1
0.548268 0.438483 19800 0
-0.0115293 -0.172151 2.45429 1
0.495807 0.583479 19632 0
-0.0293431 -0.40001 2.36097 1
0.488907 0.701638 18880 0
0.0274553 -0.527618 2.23427 1
0.510968 0.781046 17872 0
0.0450781 -0.568209 2.19621 1
0.518321 0.807913 17568 0
0.279063 -0.185006 2.47829 1
0.600508 0.588843 19824 0
0.301811 -0.3843 2.40331 1
0.612093 0.690306 19224 0
0.294995 -0.468367 2.23172 1
0.617985 0.749769 17848 0
0.280598 -0.497167 2.18181 1
0.614794 0.771192 17448 0
0.0894104 -0.497949 2.38753 1
0.533427 0.748215 19096 0
0.133982 -0.586658 2.08019 1
0.55749 0.835641 16640 0
0.0739469 -0.87581 2.06439 1
0.531973 1.00491 16512 0
0.0820305 -0.909094 1.98153 1
0.536951 1.04601 15848 0
0.246902 -0.486526 2.42932 1
0.590718 0.73835 19432 0
0.261369 -0.604941 2.08737 1
0.611766 0.844911 16696 0
0.293701 -0.88947 2.07369 1
0.62642 1.01048 16584 0
0.29954 -0.923698 1.9925 1
0.634187 1.05173 15936 0
40
0.1615 -0.427191 2.4224 1
0.559509 0.709879 19376 0
0.151515 -0.377672 2.47355 1
0.554675 0.681713 19784 0
0.125407 -0.0718098 2.48863 1
0.54498 0.534341 19904 0
0.13383 0.127929 2.47572 1
0.548251 0.438502 19800 0
-0.0115377 -0.172174 2.45433 1
0.495804 0.583488 19632 0
-0.029414 -0.400185 2.36085 1
0.488879 0.701736 18880 0
0.0309694 -0.521889 2.23029 1
0.512394 0.77849 17840 0
0.0492945 -0.563374 2.19154 1
0.520077 0.805942 17528 0
0.279019 -0.185086 2.47824 1
0.600495 0.588884 19824 0
0.301806 -0.384356 2.40332 1
0.612091 0.690333 19224 0
0.29507 -0.468444 2.2317 1
0.618017 0.749813 17848 0
0.280762 -0.497275 2.18181 1
0.614862 0.771251 17448 0
0.0894268 -0.497977 2.38757 1
0.533432 0.748225 19096 0
0.133982 -0.58665 2.08021 1
0.55749 0.835633 16640 0
0.0739285 -0.875774 2.06442 1
0.531964 1.00488 16512 0
0.0819948 -0.909055 1.98157 1
0.536934 1.04598 15848 0
0.246905 -0.486547 2.42934 1
0.590718 0.738358 19432 0
0.264916 -0.602558 2.0886 1
0.613216 0.84335 16704 0
0.292769 -0.891301 2.07431 1
0.625981 1.01138 16592 0
0.299276 -0.925479 1.99265 1
0.634058 1.05275 15936 0
40
0.161505 -0.427218 2.42242 1
0.55951 0.70989 19376 0
0.151522 -0.377689 2.47357 1
0.554677 0.68172 19784 0
0.125356 -0.0719124 2.48854 1
0.544963 0.534392 19904 0
0.133778 0.127866 2.47568 1
0.548233 0.438532 19800 0
-0.0115451 -0.172206 2.45435 1
0.495801 0.583503 19632 0
-0.0296162 -0.400265 2.36086 1
0.488803 0.701776 18880 0
0.0299656 -0.521827 2.22998 1
0.511994 0.778496 17832 0
0.0493663 -0.563237 2.19042 1
0.520117 0.806024 17520 0
0.278984 -0.185204 2.47817 1
0.600485 0.588943 19824 0
0.301811 -0.384403 2.40332 1
0.612092 0.690356 19224 0
0.295129 -0.468503 2.23167 1
0.618042 0.749847 17848 0
0.280909 -0.497368 2.18181 1
0.614922 0.771302 17448 0
0.089444 -0.498012 2.38761 1
0.533438 0.748238 19096 0
0.133993 -0.586653 2.08023 1
0.557494 0.83563 16640 0
0.073883 -0.875731 2.06448 1
0.531944 1.00484 16512 0
0.0819298 -0.90901 1.98164 1
0.536904 1.04593 15848 0
0.246912 -0.486577 2.42937 1
0.59072 0.738369 19432 0
0.267198 -0.601361 2.08921 1
0.614158 0.842568 16712 0
0.291841 -0.89271 2.07489 1
0.625547 1.01204 16592 0
0.29888 -0.926831 1.99287 1
0.633866 1.0535 15936 0
40
0.161509 -0.427249 2.42245 1
0.559511 0.709903 19376 0
0.151523 -0.377706 2.47359 1
0.554677 0.681727 19784 0
0.125244 -0.0721459 2.48823 1
0.544928 0.534508 19904 0
0.133662 0.127555 2.47526 1
0.548199 0.438671 19800 0
-0.0115534 -0.172342 2.45424 1
0.495798 0.583573 19632 0
-0.0298475 -0.400302 2.36091 1
0.488715 0.70179 18880 0
0.0285049 -0.52193 2.22976 1
0.511411 0.778577 17832 0
0.0488458 -0.563255 2.18959 1
0.519912 0.80615 17512 0
0.278955 -0.18532 2.47806 1
0.600479 0.589003 19824 0
0.302376 -0.384517 2.40333 1
0.612302 0.690412 19224 0
0.295131 -0.468559 2.23166 1
0.618043 0.749878 17848 0
0.280985 -0.497434 2.18182 1
0.614952 0.771337 17448 0
0.0894565 -0.49806 2.38766 1
0.533442 0.748257 19096 0
0.134028 -0.586682 2.08028 1
0.557508 0.83564 16640 0
0.0737409 -0.875643 2.06474 1
0.531878 1.00472 16512 0
0.0817783 -0.908925 1.98191 1
0.536831 1.04581 15848 0
0.246918 -0.486611 2.4294 1
0.590721 0.738383 19432 0
0.26886 -0.600609 2.08958 1
0.614848 0.842079 16712 0
0.290718 -0.893731 2.07554 1
0.625024 1.01247 16600 0
0.298225 -0.927798 1.99321 1
0.63355 1.05398 15944 0
40
0.161486 -0.427334 2.42247 1
0.559502 0.709943 19376 0
0.151506 -0.377743 2.47359 1
0.554671 0.681744 19784 0
0.125193 -0.0732939 2.48613 1
0.544948 0.535086 19888 0
0.133498 0.12697 2.47413 1
0.548162 0.438924 19792 0
-0.0116058 -0.172925 2.45332 1
0.495777 0.583887 19624 0
-0.0303506 -0.400262 2.36116 1
0.488526 0.701749 18888 0
0.0343109 -0.511484 2.22602 1
0.513758 0.773461 17808 0
0.0549064 -0.553645 2.18549 1
0.522425 0.801491 17480 0
0.279003 -0.185726 2.47735 1
0.600526 0.589223 19816 0
0.305588 -0.385162 2.40213 1
0.613552 0.690827 19216 0
0.294704 -0.468953 2.23131 1
0.617891 0.750128 17848 0
0.280871 -0.497744 2.18152 1
0.614921 0.771543 17448 0
0.0893968 -0.498224 2.38775 1
0.533418 0.748329 19096 0
0.134057 -0.586713 2.08033 1
0.557519 0.83565 16640 0
0.0735372 -0.875489 2.06517 1
0.531784 1.00453 16520 0
0.0815672 -0.90879 1.98235 1
0.536727 1.0456 15856 0
0.246895 -0.486728 2.42944 1
0.590711 0.738436 19432 0
0.27017 -0.600248 2.08984 1
0.615393 0.841831 16712 0
0.289419 -0.894563 2.07658 1
0.624403 1.01269 16608 0
0.297291 -0.928582 1.994 1
0.633079 1.05423 15952 0
40
0.161402 -0.42754 2.42249 1
0.55947 0.710043 19376 0
0.151457 -0.377802 2.47356 1
0.554654 0.681775 19784 0
0.12581 -0.0753818 2.48029 1
0.545276 0.536171 19840 0
0.133444 0.125506 2.47 1
0.548223 0.439527 19760 0
-0.0118418 -0.174182 2.44982 1
0.495685 0.584618 19592 0
-0.0314949 -0.40018 2.36176 1
0.488097 0.701656 18888 0
0.0370324 -0.505974 2.22439 1
0.51486 0.770714 17792 0
0.058757 -0.547225 2.18311 1
0.524024 0.798321 17464 0
0.279494 -0.186934 2.47444 1
0.600821 0.589909 19792 0
0.30989 -0.385579 2.40069 1
0.615219 0.691148 19200 0
0.294604 -0.469325 2.23103 1
0.617865 0.750358 17848 0
0.288534 -0.499815 2.18076 1
0.618098 0.772769 17440 0
0.0891218 -0.498711 2.38802 1
0.533312 0.748544 19104 0
0.134385 -0.586984 2.08062 1
0.557652 0.835758 16640 0
0.0731751 -0.875355 2.06576 1
0.531618 1.00431 16520 0
0.0812005 -0.90871 1.98298 1
0.536551 1.04538 15856 0
0.246759 -0.487115 2.42954 1
0.590657 0.738616 19432 0
0.270152 -0.574376 2.10578 1
0.614511 0.82462 16840 0
0.282291 -0.837801 2.07361 1
0.621513 0.980847 16584 0
0.279147 -0.869567 1.99926 1
0.624628 1.01764 15992 0
40
0.161304 -0.427876 2.42246 1
0.559435 0.71021 19376 0
0.151367 -0.377914 2.47339 1
0.554625 0.681842 19784 0
0.126768 -0.0774524 2.47105 1
0.545791 0.537303 19768 0
0.134402 0.123239 2.46096 1
0.548748 0.440401 19680 0
-0.0117445 -0.176721 2.43969 1
0.495703 0.586208 19512 0
-0.0338036 -0.399789 2.36304 1
0.487231 0.70135 18904 0
0.038183 -0.503435 2.22358 1
0.515327 0.769453 17784 0
0.0613133 -0.54295 2.18148 1
0.525088 0.796212 17448 0
0.28135 -0.188315 2.46773 1
0.601766 0.59082 19736 0
0.323944 -0.382853 2.39488 1
0.620737 0.690257 19152 0
0.294774 -0.470209 2.23085 1
0.617943 0.750849 17840 0
0.288845 -0.500033 2.18032 1
0.618249 0.772942 17440 0
0.0887941 -0.499465 2.38837 1
0.533185 0.748884 19104 0
0.134876 -0.587691 2.08111 1
0.557848 0.836083 16648 0
0.0726555 -0.875374 2.0669 1
0.531376 1.00404 16528 0
0.0807482 -0.908849 1.98421 1
0.536324 1.04513 15872 0
0.24663 -0.487668 2.42961 1
0.590607 0.73888 19432 0
0.274728 -0.599312 2.10137 1
0.616695 0.839424 16808 0
0.279266 -0.859604 2.08044 1
0.619816 0.99174 16640 0
0.279075 -0.892678 2.0046 1
0.624265 1.02998 16032 0
40
0.161206 -0.428504 2.42224 1
0.559404 0.710538 19376 0
0.151404 -0.378039 2.47211 1
0.554667 0.681996 19776 0
0.131384 -0.0819443 2.4415 1
0.548033 0.539944 19528 0
0.137074 0.118338 2.44218 1
0.550099 0.442331 19536 0
-0.0116772 -0.179918 2.42141 1
0.495696 0.58843 19368 0
-0.0370724 -0.399909 2.36337 1
0.485999 0.701383 18904 0
0.0421141 -0.503466 2.21107 1
0.517001 0.770994 17688 0
0.0670504 -0.541197 2.16931 1
0.527589 0.796911 17352 0
0.286284 -0.189075 2.44855 1
0.604362 0.591901 19584 0
0.344166 -0.380893 2.38376 1
0.628872 0.690166 19064 0
0.296643 -0.472519 2.22905 1
0.618787 0.752285 17832 0
0.288328 -0.484679 2.19296 1
0.617357 0.763037 17536 0
0.0883621 -0.500856 2.38896 1
0.533015 0.749515 19104 0
0.134107 -0.593522 2.08329 1
0.557459 0.839062 16664 0
0.0707063 -0.878476 2.07168 1
0.530464 1.00466 16568 0
0.0784882 -0.912968 1.98974 1
0.53521 1.04607 15912 0
0.246528 -0.488497 2.42962 1
0.590569 0.739285 19432 0
0.276282 -0.607505 2.09926 1
0.617474 0.844411 16792 0
0.278122 -0.8731 2.08508 1
0.61906 0.99835 16680 0
0.279772 -0.908298 2.00831 1
0.624345 1.03826 16064 0
40
0.161074 -0.429969 2.4214 1
0.559376 0.711331 19368 0
0.151574 -0.378734 2.46665 1
0.554849 0.682734 19728 0
0.136298 -0.0861184 2.41181 1
0.550443 0.542496 19288 0
0.141174 0.112527 2.41616 1
0.552153 0.444573 19328 0
-0.00968048 -0.183905 2.38944 1
0.496384 0.591599 19112 0
-0.0533759 -0.400468 2.3504 1
0.47973 0.702777 18800 0
0.0441736 -0.50312 2.20036 1
0.517919 0.772126 17600 0
0.0719501 -0.539529 2.1606 1
0.529724 0.797189 17280 0
0.28914 -0.187881 2.42279 1
0.606524 0.592291 19376 0
0.368863 -0.371884 2.37317 1
0.638736 0.686497 18984 0
0.299585 -0.473514 2.22883 1
0.619977 0.752842 17824 0
0.292047 -0.477614 2.20086 1
0.618444 0.758272 17600 0
0.0877894 -0.503063 2.3899 1
0.532788 0.750516 19112 0
0.133916 -0.603008 2.08697 1
0.557276 0.843875 16688 0
0.0686002 -0.884037 2.07765 1
0.529472 1.0064 16616 0
0.0764224 -0.920215 1.99678 1
0.534162 1.04847 15968 0
0.246387 -0.489676 2.42939 1
0.590526 0.739886 19432 0
0.276933 -0.614213 2.09765 1
0.617841 0.848481 16776 0
0.278583 -0.885819 2.08916 1
0.619024 1.00462 16712 0
0.282545 -0.923479 2.01175 1
0.625362 1.04632 16088 0
40
0.160679 -0.43234 2.41852 1
0.559301 0.712749 19344 0
0.151663 -0.379583 2.4527 1
0.555194 0.684185 19616 0
0.139525 -0.0896769 2.38104 1
0.552305 0.544824 19048 0
0.147493 0.106749 2.38779 1
0.555135 0.446794 19096 0
-0.00709787 -0.186203 2.3607 1
0.497316 0.593873 18880 0
-0.0801567 -0.393903 2.32939 1
0.469285 0.701252 18632 0
0.044887 -0.503308 2.19073 1
0.518289 0.773425 17520 0
0.0796907 -0.540242 2.14787 1
0.533117 0.799346 17176 0
0.295399 -0.187157 2.39582 1
0.610054 0.59297 19160 0
0.391644 -0.365061 2.36075 1
0.64808 0.684038 18880 0
0.308981 -0.47693 2.22789 1
0.623792 0.754774 17816 0
0.297567 -0.489631 2.19604 1
0.620948 0.765351 17568 0
0.087028 -0.50533 2.39051 1
0.532495 0.751581 19120 0
0.134137 -0.608664 2.08881 1
0.557319 0.846794 16704 0
0.0668908 -0.887895 2.0824 1
0.528672 1.00745 16656 0
0.0747286 -0.925669 2.00255 1
0.533309 1.05013 16016 0
0.246157 -0.491486 2.4283 1
0.590482 0.74088 19424 0
0.276104 -0.620221 2.0965 1
0.617552 0.852082 16768 0
0.280475 -0.897401 2.09303 1
0.619611 1.01027 16744 0
0.286491 -0.937444 2.01529 1
0.62689 1.05361 16120 0
40
0.159004 -0.437362 2.40994 1
0.558892 0.715986 19272 0
0.150975 -0.382293 2.42983 1
0.55546 0.687246 19432 0
0.142704 -0.0968642 2.34544 1
0.554308 0.549151 18760 0
0.153825 0.0992661 2.35227 1
0.558371 0.449777 18816 0
-0.00423167 -0.190132 2.32954 1
0.498379 0.597135 18632 0
-0.100572 -0.385637 2.31148 1
0.461163 0.698555 18488 0
0.044019 -0.504521 2.18154 1
0.518011 0.775238 17448 0
0.0843315 -0.543027 2.13838 1
0.535201 0.802224 17104 0
0.299957 -0.190859 2.35948 1
0.613474 0.596269 18872 0
0.410088 -0.361445 2.34686 1
0.655971 0.683293 18768 0
0.321946 -0.483073 2.22488 1
0.62916 0.758403 17792 0
0.306289 -0.509004 2.18993 1
0.62484 0.77662 17512 0
0.0854402 -0.508421 2.3902 1
0.531907 0.753153 19120 0
0.134589 -0.615893 2.08985 1
0.557484 0.850738 16712 0
0.0640504 -0.892536 2.08814 1
0.527379 1.0087 16704 0
0.0714933 -0.932393 2.00957 1
0.531755 1.05219 16072 0
0.244725 -0.495934 2.42345 1
0.590136 0.743547 19384 0
0.270288 -0.623934 2.09549 1
0.615132 0.85436 16760 0
0.283883 -0.904092 2.09701 1
0.620835 1.0131 16776 0
0.291234 -0.945849 2.0193 1
0.628735 1.05746 16152 0
40
0.158235 -0.441794 2.4004 1
0.55884 0.719043 19200 0
0.152015 -0.383962 2.40913 1
0.556322 0.68968 19272 0
0.149119 -0.103476 2.30673 1
0.557702 0.553387 18448 0
0.159889 0.0949306 2.32368 1
0.561418 0.451379 18584 0
-0.00125108 -0.192827 2.30293 1
0.499515 0.59965 18416 0
-0.11964 -0.375529 2.28766 1
0.453319 0.695364 18296 0
0.040509 -0.504201 2.14474 1
0.516859 0.779784 17152 0
0.0905462 -0.546185 2.09888 1
0.538507 0.809702 16784 0
0.306323 -0.194534 2.33065 1
0.617316 0.599337 18640 0
0.428456 -0.357657 2.32749 1
0.664313 0.682882 18616 0
0.342201 -0.493887 2.22142 1
0.6375 0.764599 17768 0
0.318066 -0.528954 2.18752 1
0.629783 0.787778 17496 0
0.0840102 -0.511439 2.38927 1
0.531385 0.754754 19112 0
0.123899 -0.628747 2.08898 1
0.55294 0.858207 16704 0
0.0653878 -0.90275 2.09818 1
0.527817 1.01206 16784 0
0.0729595 -0.946531 2.0219 1
0.532209 1.05715 16168 0
0.243802 -0.499913 2.4185 1
0.58998 0.746003 19344 0
0.265599 -0.626039 2.09495 1
0.613164 0.855648 16752 0
0.286665 -0.908618 2.10061 1
0.62181 1.01479 16800 0
0.294929 -0.952079 2.02334 1
0.630108 1.06001 16184 0
40
0.158632 -0.445947 2.38551 1
0.559356 0.722482 19080 0
0.154538 -0.385424 2.38623 1
0.557806 0.692229 19088 0
0.152136 -0.106062 2.28387 1
0.559459 0.555269 18264 0
0.167585 0.0912914 2.29393 1
0.565209 0.452637 18344 0
0.00211925 -0.194581 2.2757 1
0.500831 0.60176 18200 0
-0.13091 -0.369624 2.26627 1
0.44844 0.694108 18128 0
-0.016603 -0.511933 2.14713 1
0.493098 0.783757 17176 0
0.00639557 -0.560193 2.16221 1
0.50264 0.808342 17296 0
0.311948 -0.199214 2.29449 1
0.621353 0.60333 18352 0
0.442425 -0.3601 2.29696 1
0.671925 0.686579 18368 0
0.350949 -0.504309 2.21786 1
0.641242 0.770617 17736 0
0.326897 -0.551816 2.18456 1
0.633567 0.800623 17472 0
0.0829074 -0.514833 2.38585 1
0.531017 0.756812 19080 0
0.116197 -0.63308 2.08359 1
0.549778 0.861608 16664 0
0.0672741 -0.90615 2.10407 1
0.528539 1.01255 16832 0
0.0744289 -0.951458 2.02844 1
0.532752 1.05824 16224 0
0.243388 -0.504223 2.40935 1
0.590168 0.749067 19272 0
0.262586 -0.626581 2.09414 1
0.611923 0.856093 16752 0
0.288181 -0.911016 2.10443 1
0.622232 1.01521 16832 0
0.296555 -0.955589 2.02733 1
0.630567 1.06097 16216 0
40
0.161354 -0.447257 2.36425 1
0.560917 0.725142 18912 0
0.158554 -0.384319 2.35998 1
0.559968 0.69381 18872 0
0.15603 -0.105011 2.2542 1
0.561783 0.555441 18032 0
0.173857 0.0904999 2.26757 1
0.568436 0.452501 18136 0
0.00758073 -0.193696 2.24518 1
0.503014 0.602674 17960 0
-0.13604 -0.363543 2.24151 1
0.445828 0.693022 17928 0
-0.0271925 -0.507435 2.14054 1
0.488661 0.78213 17120 0
0.0109458 -0.550388 2.13423 1
0.504578 0.806916 17072 0
0.317793 -0.198364 2.26978 1
0.624973 0.604009 18152 0
0.45104 -0.360205 2.27623 1
0.676869 0.688333 18208 0
0.357604 -0.510352 2.21347 1
0.644205 0.774402 17704 0
0.331908 -0.562483 2.18343 1
0.635685 0.806594 17464 0
0.0830648 -0.517681 2.37753 1
0.531185 0.759137 19016 0
0.108699 -0.634756 2.07326 1
0.546798 0.864372 16584 0
0.0693761 -0.90847 2.10663 1
0.529395 1.01323 16848 0
0.0765698 -0.955028 2.03156 1
0.533642 1.05947 16248 0
0.245245 -0.50679 2.3901 1
0.591588 0.75235 19120 0
0.259511 -0.626194 2.08827 1
0.610923 0.856873 16704 0
0.289292 -0.911057 2.10947 1
0.62241 1.014 16872 0
0.297826 -0.956837 2.03274 1
0.630778 1.06021 16256 0
40
0.164508 -0.445521 2.34655 1
0.562576 0.725959 18768 0
0.16297 -0.381236 2.33948 1
0.562179 0.69394 18712 0
0.16248 -0.100813 2.22943 1
0.565052 0.553817 17832 0
0.177613 0.0933342 2.24451 1
0.570633 0.450511 17952 0
0.0117681 -0.190476 2.22274 1
0.504726 0.601987 17776 0
-0.137753 -0.358114 2.22493 1
0.444737 0.691557 17792 0
-0.0330688 -0.503765 2.13642 1
0.486184 0.78063 17088 0
0.00443501 -0.546165 2.12925 1
0.501859 0.805274 17032 0
0.323814 -0.193279 2.24226 1
0.628903 0.602586 17936 0
0.456082 -0.358691 2.25615 1
0.680439 0.689211 18048 0
0.362231 -0.512225 2.20036 1
0.646942 0.777051 17600 0
0.334021 -0.567448 2.17797 1
0.636891 0.810075 17416 0
0.0852273 -0.517733 2.36471 1
0.53217 0.760568 18912 0
0.10234 -0.633031 2.05978 1
0.544348 0.865761 16472 0
0.0714478 -0.909273 2.10788 1
0.530255 1.01338 16856 0
0.0780408 -0.956951 2.03335 1
0.534258 1.06011 16264 0
0.24659 -0.506344 2.37489 1
0.59268 0.753744 18992 0
0.257599 -0.625511 2.08075 1
0.610504 0.857772 16640 0
0.289742 -0.910422 2.11338 1
0.622373 1.01269 16904 0
0.297988 -0.957269 2.03706 1
0.630571 1.05927 16296 0
40
0.169358 -0.436965 2.32214 1
0.565098 0.72395 18576 0
0.168101 -0.37292 2.3149 1
0.564818 0.691724 18512 0
0.167158 -0.0922259 2.20725 1
0.567597 0.549727 17656 0
0.182193 0.0994562 2.22276 1
0.573163 0.446748 17776 0
0.0176674 -0.18156 2.19713 1
0.507177 0.598346 17576 0
-0.134402 -0.351432 2.20877 1
0.445687 0.689358 17664 0
-0.0384774 -0.501041 2.13246 1
0.483894 0.779631 17056 0
-0.00390798 -0.543558 2.12261 1
0.498357 0.804768 16976 0
0.328643 -0.182224 2.21721 1
0.632303 0.597812 17736 0
0.459165 -0.350908 2.23372 1
0.683482 0.686963 17864 0
0.365769 -0.50836 2.1875 1
0.649249 0.776576 17496 0
0.337846 -0.555622 2.15562 1
0.639895 0.806761 17240 0
0.0907783 -0.510444 2.3412 1
0.53461 0.759478 18728 0
0.0975927 -0.635194 2.04684 1
0.542558 0.86933 16368 0
0.0730194 -0.909913 2.10985 1
0.530892 1.01326 16872 0
0.0793568 -0.958368 2.03558 1
0.534798 1.06032 16280 0
0.249402 -0.4969 2.34761 1
0.594826 0.751904 18776 0
0.256749 -0.626522 2.0659 1
0.610931 0.860927 16520 0
0.289792 -0.909122 2.11716 1
0.622176 1.01105 16936 0
0.297802 -0.95682 2.04123 1
0.630224 1.05787 16328 0
40
0.17329 -0.427689 2.30546 1
0.567092 0.720782 18440 0
0.172335 -0.363334 2.29715 1
0.566963 0.688239 18376 0
0.171769 -0.0742321 2.18644 1
0.570123 0.540406 17488 0
0.185715 0.119695 2.19538 1
0.575508 0.435113 17560 0
0.0216262 -0.168871 2.17727 1
0.508866 0.592307 17416 0
-0.123544 -0.341637 2.19132 1
0.449677 0.685546 17528 0
-0.0422661 -0.499822 2.13003 1
0.482288 0.779269 17040 0
-0.0509347 -0.542185 2.13297 1
0.478685 0.80252 17056 0
0.331573 -0.170844 2.19771 1
0.634668 0.592517 17576 0
0.459375 -0.341223 2.21527 1
0.685095 0.683318 17720 0
0.368895 -0.501691 2.17489 1
0.651398 0.774531 17392 0
0.342045 -0.55093 2.14639 1
0.642242 0.805479 17168 0
0.0956969 -0.50138 2.32448 1
0.536747 0.756705 18592 0
0.0951741 -0.637248 2.03935 1
0.541656 0.871885 16312 0
0.0744469 -0.910506 2.11174 1
0.531467 1.01314 16888 0
0.0805043 -0.959578 2.03765 1
0.535265 1.06046 16296 0
0.251834 -0.487462 2.32949 1
0.596496 0.749042 18632 0
0.256097 -0.627182 2.05462 1
0.611257 0.863291 16432 0
0.289866 -0.907842 2.11978 1
0.622056 1.0097 16952 0
0.297569 -0.956233 2.04415 1
0.629936 1.05673 16352 0
40
0.177483 -0.409349 2.28884 1
0.569214 0.712849 18304 0
0.17618 -0.345782 2.27999 1
0.568973 0.680494 18232 0
0.172218 -0.0538426 2.17077 1
0.570814 0.529519 17360 0
0.187123 0.133651 2.17745 1
0.576707 0.426951 17416 0
0.0243216 -0.14931 2.16032 1
0.510049 0.582255 17280 0
-0.111798 -0.331719 2.17787 1
0.45418 0.681272 17416 0
-0.0386103 -0.493583 2.12551 1
0.483786 0.776369 17000 0
-0.0746095 -0.529004 2.12306 1
0.468632 0.796544 16984 0
0.334321 -0.150611 2.17531 1
0.637182 0.5824 17400 0
0.457076 -0.3304 2.19932 1
0.685504 0.67879 17592 0
0.36968 -0.488638 2.15468 1
0.653143 0.769897 17232 0
0.346485 -0.545791 2.13934 1
0.644563 0.803626 17112 0
0.102446 -0.482434 2.30773 1
0.539625 0.748797 18456 0
0.0936919 -0.638308 2.03519 1
0.541092 0.873266 16280 0
0.0763461 -0.911383 2.11325 1
0.532247 1.01327 16904 0
0.0818157 -0.960872 2.03923 1
0.535812 1.06078 16312 0
0.254518 -0.469916 2.31157 1
0.59828 0.741939 18488 0
0.25522 -0.626792 2.04639 1
0.611322 0.864525 16368 0
0.290031 -0.907204 2.12093 1
0.622059 1.00906 16960 0
0.29743 -0.956093 2.04552 1
0.629788 1.05627 16360 0
40
0.18107 -0.393026 2.27696 1
0.570981 0.705427 18208 0
0.179595 -0.32843 2.26624 1
0.570736 0.672476 18128 0
0.173092 -0.0252076 2.15144 1
0.571813 0.513944 17208 0
0.187957 0.159642 2.15609 1
0.577812 0.41188 17248 0
0.0258264 -0.129963 2.14815 1
0.510731 0.572002 17184 0
-0.0972584 -0.317129 2.16613 1
0.459923 0.674239 17328 0
-0.0269453 -0.47985 2.11967 1
0.488653 0.76942 16952 0
-0.0367265 -0.51642 2.0955 1
0.484356 0.793297 16760 0
0.335406 -0.129669 2.16087 1
0.638547 0.571417 17280 0
0.452753 -0.318696 2.18471 1
0.684979 0.673611 17472 0
0.369096 -0.476008 2.13605 1
0.654235 0.765213 17088 0
0.350885 -0.537857 2.13042 1
0.647012 0.800465 17040 0
0.10857 -0.463556 2.2955 1
0.542217 0.740335 18360 0
0.0927854 -0.638886 2.03239 1
0.54075 0.874119 16256 0
0.0781926 -0.912522 2.11389 1
0.533017 1.01375 16904 0
0.0832618 -0.962437 2.04004 1
0.53643 1.06147 16320 0
0.256748 -0.455555 2.29951 1
0.599661 0.735775 18392 0
0.254828 -0.627935 2.04242 1
0.611367 0.8659 16336 0
0.243985 -0.876148 2.11885 1
0.602782 0.992118 16944 0
0.274614 -0.843285 2.04506 1
0.619859 0.99075 16360 0
40
0.184532 -0.370131 2.26504 1
0.572719 0.694479 18120 0
0.182793 -0.306048 2.25332 1
0.572409 0.661643 18024 0
0.174343 -0.0040479 2.14084 1
0.57269 0.50225 17120 0
0.1866 0.181239 2.14207 1
0.577756 0.399304 17136 0
0.026151 -0.109315 2.13954 1
0.51091 0.560807 17112 0
-0.0839482 -0.302151 2.15831 1
0.465282 0.666611 17264 0
-0.0160521 -0.465862 2.11493 1
0.493225 0.762153 16912 0
-0.0312091 -0.509548 2.08871 1
0.486663 0.790335 16704 0
0.336223 -0.100057 2.14759 1
0.639743 0.555449 17176 0
0.446269 -0.301892 2.1693 1
0.683625 0.665624 17352 0
0.370044 -0.464364 2.123 1
0.655581 0.760316 16984 0
0.354751 -0.522528 2.11456 1
0.649747 0.794091 16912 0
0.113516 -0.441206 2.28437 1
0.544355 0.729861 18272 0
0.09266 -0.638602 2.0301 1
0.540741 0.874374 16240 0
0.0800278 -0.91358 2.11342 1
0.533799 1.01446 16904 0
0.0846125 -0.963764 2.03974 1
0.537027 1.06233 16312 0
0.259092 -0.433576 2.28646 1
0.601145 0.725681 18288 0
0.25466 -0.628883 2.0398 1
0.611437 0.866923 16312 0
0.226362 -0.863639 2.11938 1
0.595334 0.98497 16952 0
0.263601 -0.799714 2.04594 1
0.615003 0.965194 16360 0
40
0.18819 -0.337996 2.25386 1
0.574529 0.678475 18024 0
0.185722 -0.284147 2.2438 1
0.573881 0.650713 17944 0
0.175109 0.00537039 2.13549 1
0.573192 0.497007 17080 0
0.183833 0.212164 2.13166 1
0.576977 0.381547 17048 0
0.0243271 -0.0752732 2.13318 1
0.510179 0.541996 17064 0
-0.0748376 -0.290187 2.15413 1
0.46899 0.660324 17232 0
-0.00784756 -0.453645 2.11092 1
0.496682 0.755763 16880 0
-0.0169841 -0.500792 2.08072 1
0.492714 0.786442 16640 0
0.335918 -0.0779163 2.13868 1
0.640198 0.543359 17104 0
0.439074 -0.285715 2.15604 1
0.681775 0.657714 17248 0
0.371147 -0.454063 2.11307 1
0.656778 0.755738 16904 0
0.357373 -0.509949 2.10289 1
0.651691 0.788604 16816 0
0.11903 -0.40357 2.27564 1
0.546688 0.711061 18200 0
0.0934992 -0.637024 2.02782 1
0.541156 0.873869 16216 0
0.0834774 -0.916619 2.10157 1
0.535455 1.01908 16808 0
0.0868777 -0.967088 2.02799 1
0.538238 1.06753 16216 0
0.261367 -0.405592 2.27281 1
0.602646 0.712383 18176 0
0.254574 -0.62903 2.0377 1
0.611513 0.867386 16296 0
0.248228 -0.893868 2.09272 1
0.605875 1.00834 16736 0
0.274321 -0.903571 2.01258 1
0.621664 1.03432 16096 0
40
0.189935 -0.308981 2.24455 1
0.575532 0.663831 17952 0
0.18784 -0.244809 2.23057 1
0.575167 0.630618 17840 0
0.177467 0.0493843 2.12655 1
0.57449 0.472362 17008 0
0.180854 0.242455 2.12549 1
0.575949 0.364242 17000 0
0.0229213 -0.0483976 2.1301 1
0.509605 0.527041 17040 0
-0.065859 -0.275399 2.15169 1
0.472679 0.652326 17208 0
0.00388204 -0.436443 2.10832 1
0.501644 0.746368 16864 0
-0.0144211 -0.483665 2.07622 1
0.4938 0.777245 16608 0
0.33599 -0.0524024 2.13243 1
0.640639 0.529246 17056 0
0.433146 -0.273109 2.14619 1
0.680144 0.651447 17168 0
0.371179 -0.445041 2.10581 1
0.657332 0.75152 16840 0
0.358497 -0.494138 2.08631 1
0.653377 0.781879 16688 0
0.121175 -0.376273 2.2682 1
0.547686 0.697431 18144 0
0.0944589 -0.634829 2.02582 1
0.541619 0.872948 16200 0
0.0873404 -0.918844 2.08571 1
0.537378 1.0243 16680 0
0.0895566 -0.969446 2.01207 1
0.539729 1.07342 16096 0
0.262792 -0.377875 2.26134 1
0.603729 0.698873 18088 0
0.254665 -0.62889 2.03609 1
0.611642 0.867595 16288 0
0.234933 -0.897474 2.09985 1
0.599864 1.00866 16792 0
0.231753 -0.924821 2.03452 1
0.601676 1.04099 16272 0
40
0.190326 -0.286678 2.23732 1
0.575932 0.652496 17896 0
0.188562 -0.227536 2.2244 1
0.575665 0.621739 17792 0
0.1782 0.0636218 2.12377 1
0.574895 0.464347 16984 0
0.178751 0.26979 2.1225 1
0.575171 0.348724 16976 0
0.0214651 -0.0215633 2.12839 1
0.509002 0.512057 17024 0
-0.0575255 -0.257179 2.15089 1
0.476128 0.642302 17200 0
0.0122767 -0.420402 2.1074 1
0.5052 0.737417 16856 0
-0.0202143 -0.448763 2.07342 1
0.491298 0.757586 16584 0
0.334989 -0.0257243 2.12724 1
0.640562 0.514392 17016 0
0.426123 -0.254657 2.13717 1
0.677971 0.641811 17096 0
0.371989 -0.430971 2.10102 1
0.658035 0.744124 16808 0
0.36369 -0.474653 2.0728 1
0.656613 0.772527 16576 0
0.121723 -0.35332 2.26053 1
0.548064 0.686016 18080 0
0.095328 -0.631547 2.02385 1
0.542043 0.871381 16184 0
0.0908487 -0.91885 2.06929 1
0.539188 1.02846 16552 0
0.0919306 -0.969328 1.99532 1
0.541125 1.07816 15960 0
0.263193 -0.355502 2.25243 1
0.604298 0.687838 18016 0
0.255222 -0.627922 2.03445 1
0.611976 0.867326 16272 0
0.226424 -0.898365 2.10401 1
0.596057 1.00816 16832 0
0.217185 -0.939762 2.03925 1
0.595063 1.04845 16312 0
40
0.189996 -0.257495 2.22697 1
0.576153 0.637609 17808 0
0.188761 -0.202473 2.21569 1
0.576042 0.608756 17720 0
0.178862 0.0729674 2.12241 1
0.575222 0.459084 16976 0
0.175818 0.296343 2.12188 1
0.57396 0.333787 16968 0
0.0199235 0.00603578 2.12753 1
0.508359 0.496624 17016 0
-0.0501188 -0.232424 2.15074 1
0.4792 0.628613 17200 0
0.0175166 -0.410001 2.10628 1
0.507423 0.731665 16848 0
0.0174833 -0.447039 2.08386 1
0.507489 0.755311 16664 0
0.332536 0.00920342 2.12187 1
0.639885 0.494838 16968 0
0.416455 -0.225938 2.12806 1
0.674678 0.626357 17024 0
0.374237 -0.407086 2.09998 1
0.659069 0.730709 16792 0
0.368916 -0.450493 2.06533 1
0.659437 0.759591 16520 0
0.121037 -0.32654 2.24879 1
0.548042 0.672814 17984 0
0.0960136 -0.6255 2.02204 1
0.542383 0.868154 16176 0
0.0934558 -0.915843 2.05377 1
0.540617 1.03072 16424 0
0.0935309 -0.96579 1.97908 1
0.542184 1.08078 15832 0
0.26262 -0.323199 2.23994 1
0.604652 0.671723 17912 0
0.256763 -0.623102 2.03141 1
0.612821 0.865052 16248 0
0.220788 -0.897135 2.10452 1
0.593643 1.00734 16832 0
0.209547 -0.946507 2.03958 1
0.591706 1.0523 16312 0
40
0.188909 -0.234886 2.21853 1
0.576005 0.626004 17744 0
0.187923 -0.181846 2.20826 1
0.57596 0.598005 17664 0
0.178929 0.0836598 2.12287 1
0.575233 0.453099 16976 0
0.173978 0.319001 2.12199 1
0.573182 0.321087 16968 0
0.0179445 0.035009 2.12685 1
0.507531 0.48041 17008 0
-0.0422431 -0.195368 2.15536 1
0.482506 0.607876 17240 0
0.0221113 -0.399206 2.1037 1
0.509382 0.725843 16824 0
0.0376456 -0.445931 2.08475 1
0.516118 0.75457 16672 0
0.331996 0.0406578 2.11799 1
0.639915 0.477154 16936 0
0.40915 -0.196024 2.12269 1
0.672048 0.609904 16976 0
0.376346 -0.377364 2.09878 1
0.660057 0.713986 16784 0
0.372282 -0.426412 2.06361 1
0.661027 0.74592 16504 0
0.119475 -0.305723 2.23874 1
0.547635 0.662524 17904 0
0.0961941 -0.617104 2.02065 1
0.542492 0.863463 16160 0
0.0946695 -0.911064 2.04213 1
0.541379 1.03096 16336 0
0.0939399 -0.960183 1.96666 1
0.542636 1.08106 15728 0
0.26201 -0.30147 2.23125 1
0.604815 0.660801 17848 0
0.257138 -0.612491 2.02814 1
0.613168 0.859413 16224 0
0.239858 -0.895766 2.0748 1
0.603189 1.01382 16592 0
0.23346 -0.952056 2.00022 1
0.604181 1.06647 16000 0
40
0.186996 -0.208346 2.20786 1
0.575599 0.612307 17656 0
0.186017 -0.154955 2.1981 1
0.575537 0.583898 17584 0
0.178187 0.106376 2.12386 1
0.574887 0.440391 16984 0
0.171037 0.349635 2.12485 1
0.571848 0.30417 16992 0
0.0168981 0.0604257 2.12642 1
0.507093 0.466181 17008 0
-0.0367614 -0.172086 2.15736 1
0.48479 0.594933 17256 0
0.0161963 -0.359383 2.11082 1
0.506849 0.702627 16880 0
0.028073 -0.416095 2.10653 1
0.511895 0.735081 16848 0
0.331018 0.0658338 2.11568 1
0.639655 0.462967 16920 0
0.4039 -0.170232 2.11946 1
0.670099 0.595589 16952 0
0.377081 -0.350828 2.09751 1
0.660467 0.69906 16776 0
0.373161 -0.403575 2.06477 1
0.661316 0.732619 16512 0
0.116507 -0.272813 2.22299 1
0.546781 0.646056 17776 0
0.0963676 -0.605116 2.02019 1
0.542579 0.856483 16160 0
0.0944696 -0.900349 2.03029 1
0.541532 1.02777 16240 0
0.0929553 -0.94804 1.95392 1
0.542464 1.07745 15624 0
0.260627 -0.278315 2.22067 1
0.604758 0.649158 17760 0
0.257026 -0.601215 2.02586 1
0.613246 0.853194 16200 0
0.2516 -0.890671 2.05523 1
0.609271 1.01576 16440 0
0.247126 -0.948593 1.97673 1
0.61159 1.07112 15808 0
40
0.185587 -0.179531 2.19739 1
0.575387 0.597236 17576 0
0.18458 -0.126338 2.18882 1
0.575271 0.568694 17504 0
0.177314 0.136037 2.12689 1
0.574413 0.423879 17008 0
0.169133 0.377718 2.12741 1
0.570963 0.288695 17016 0
0.0183804 0.100616 2.12711 1
0.507713 0.443705 17016 0
-0.0291117 -0.13401 2.15975 1
0.487969 0.573846 17272 0
0.00840256 -0.319654 2.11859 1
0.50354 0.679567 16944 0
0.0235163 -0.379039 2.10987 1
0.509949 0.713807 16872 0
0.32995 0.0950156 2.11483 1
0.63926 0.44653 16912 0
0.396957 -0.141039 2.11788 1
0.6673 0.579256 16936 0
0.376191 -0.328323 2.09644 1
0.660169 0.686385 16768 0
0.371632 -0.381604 2.06557 1
0.660593 0.71987 16520 0
0.115299 -0.248988 2.21219 1
0.546522 0.633952 17696 0
0.0959136 -0.584761 2.02332 1
0.542313 0.843958 16184 0
0.0936831 -0.886973 2.02122 1
0.541371 1.02226 16168 0
0.0913969 -0.932878 1.94402 1
0.541965 1.07111 15552 0
0.258892 -0.243028 2.20547 1
0.604778 0.631144 17640 0
0.25431 -0.577301 2.02599 1
0.612042 0.839124 16200 0
0.260315 -0.878725 2.03942 1
0.613932 1.01279 16312 0
0.257336 -0.934266 1.95812 1
0.617305 1.06784 15664 0
40
0.183555 -0.153177 2.1875 1
0.574898 0.583337 17496 0
0.182291 -0.100035 2.1803 1
0.574628 0.554604 17440 0
0.174274 0.16389 2.12995 1
0.573033 0.408425 17032 0
0.168597 0.401337 2.12796 1
0.570719 0.275541 17016 0
0.0198913 0.132651 2.12895 1
0.50834 0.425845 17024 0
-0.0243064 -0.103281 2.16109 1
0.489961 0.556878 17288 0
0.000983238 -0.281147 2.12541 1
0.500413 0.657429 17000 0
0.0177359 -0.345836 2.11116 1
0.507499 0.694959 16888 0
0.329346 0.127328 2.11699 1
0.638864 0.428419 16928 0
0.388312 -0.110024 2.11953 1
0.663529 0.561779 16952 0
0.373922 -0.304787 2.09531 1
0.659289 0.673117 16760 0
0.367697 -0.364098 2.06483 1
0.658949 0.709858 16512 0
0.11393 -0.221509 2.19937 1
0.546237 0.619863 17592 0
0.094806 -0.565149 2.0263 1
0.541763 0.831935 16208 0
0.0922363 -0.868571 2.01488 1
0.540861 1.01304 16112 0
0.0895143 -0.912469 1.93695 1
0.54125 1.06065 15488 0
0.256969 -0.218776 2.19417 1
0.604536 0.618665 17552 0
0.251859 -0.56012 2.02728 1
0.610891 0.828821 16216 0
0.265766 -0.866354 2.0288 1
0.616927 1.00822 16224 0
0.263834 -0.917861 1.94595 1
0.621019 1.06136 15560 0
40
0.18194 -0.12452 2.17625 1
0.574623 0.568096 17408 0
0.180519 -0.0705326 2.17077 1
0.574227 0.538669 17360 0
0.171888 0.20323 2.13455 1
0.571877 0.386689 17072 0
0.167986 0.438152 2.13456 1
0.570246 0.255708 17072 0
0.0211837 0.169134 2.13351 1
0.508863 0.405653 17064 0
-0.0172876 -0.069653 2.16171 1
0.492862 0.538347 17288 0
-0.00198804 -0.263192 2.12774 1
0.499166 0.647213 17016 0
0.0141828 -0.327746 2.11061 1
0.505998 0.684809 16880 0
0.327475 0.16004 2.11944 1
0.637914 0.410133 16952 0
0.378823 -0.0780604 2.12293 1
0.659278 0.543761 16976 0
0.372139 -0.286111 2.09273 1
0.658725 0.66271 16736 0
0.367862 -0.341396 2.06225 1
0.65922 0.69702 16496 0
0.113276 -0.193324 2.18567 1
0.54626 0.605267 17480 0
0.0936765 -0.549297 2.02912 1
0.541207 0.822175 16232 0
0.0893691 -0.810125 2.01159 1
0.539655 0.979298 16088 0
0.0861611 -0.858149 1.93262 1
0.539794 1.02846 15456 0
0.254539 -0.187934 2.1782 1
0.604306 0.602683 17424 0
0.250518 -0.546903 2.02914 1
0.6102 0.820768 16232 0
0.26783 -0.811088 2.01736 1
0.618503 0.978494 16136 0
0.265537 -0.861017 1.93559 1
0.622452 1.02941 15480 0
40
0.180406 -0.0971049 2.16561 1
0.574357 0.553365 17320 0
0.17897 -0.0433475 2.16219 1
0.573882 0.52386 17296 0
0.170559 0.229483 2.1375 1
0.571223 0.372228 17096 0
0.167506 0.463401 2.1384 1
0.569919 0.242095 17104 0
0.0211679 0.195297 2.13729 1
0.50884 0.391251 17096 0
-0.0134215 -0.0452123 2.16139 1
0.494457 0.524895 17288 0
-0.00494427 -0.243111 2.12747 1
0.497926 0.635998 17016 0
0.00962365 -0.308118 2.10746 1
0.504076 0.674 16856 0
0.326449 0.190024 2.12309 1
0.637246 0.39348 16984 0
0.372164 -0.0497331 2.12585 1
0.656263 0.527842 17000 0
0.370945 -0.266408 2.08967 1
0.658448 0.651727 16712 0
0.367114 -0.321553 2.06265 1
0.658865 0.685532 16496 0
0.112292 -0.165989 2.1723 1
0.54614 0.590939 17376 0
0.0928675 -0.532872 2.0332 1
0.54077 0.811914 16264 0
0.0873938 -0.765473 2.01344 1
0.538743 0.952465 16104 0
0.0838503 -0.809464 1.93346 1
0.53871 0.998258 15464 0
0.252712 -0.163919 2.16582 1
0.60415 0.590074 17320 0
0.249884 -0.534881 2.03207 1
0.609762 0.813265 16256 0
0.266891 -0.770609 2.01509 1
0.618221 0.955127 16120 0
0.264242 -0.814104 1.93394 1
0.621958 1.00099 15464 0
40
0.179583 -0.0770692 2.1577 1
0.574289 0.542509 17256 0
0.178134 -0.0221705 2.1554 1
0.573769 0.512242 17240 0
0.16982 0.257655 2.13981 1
0.570838 0.356696 17112 0
0.167103 0.492043 2.14389 1
0.569572 0.226855 17144 0
0.020615 0.219735 2.14234 1
0.508589 0.377931 17136 0
-0.0106879 -0.0225316 2.16091 1
0.495585 0.512409 17280 0
-0.00969272 -0.205023 2.12336 1
0.495925 0.614914 16984 0
0.00426625 -0.28374 2.10439 1
0.50181 0.660468 16832 0
0.324925 0.213332 2.12615 1
0.636409 0.380586 17008 0
0.368625 -0.0264339 2.12939 1
0.654519 0.514774 17032 0
0.36985 -0.250121 2.08692 1
0.658188 0.642639 16688 0
0.365714 -0.308842 2.06234 1
0.658283 0.678225 16496 0
0.111699 -0.145838 2.16244 1
0.546106 0.580264 17296 0
0.0923875 -0.521878 2.03653 1
0.540493 0.804979 16288 0
0.0867006 -0.746842 2.01561 1
0.538394 0.940975 16120 0
0.0826784 -0.787957 1.93571 1
0.538125 0.984456 15480 0
0.251627 -0.143421 2.15515 1
0.604216 0.579201 17240 0
0.249697 -0.523697 2.03657 1
0.609438 0.806037 16288 0
0.26572 -0.751469 2.01629 1
0.617631 0.943557 16128 0
0.262072 -0.790506 1.9362 1
0.620816 0.985902 15488 0
40
0.178802 -0.0561626 2.14964 1
0.574244 0.531094 17192 0
0.17726 -0.00116142 2.14927 1
0.573616 0.500643 17192 0
0.168427 0.280377 2.14297 1
0.570154 0.344289 17136 0
0.166436 0.514562 2.14809 1
0.569159 0.214913 17184 0
0.0208663 0.249245 2.14851 1
0.508669 0.361936 17184 0
-0.00750429 0.00573916 2.1594 1
0.496898 0.496837 17272 0
-0.0114944 -0.186314 2.1212 1
0.495163 0.604534 16968 0
0.00148936 -0.261319 2.09884 1
0.500633 0.648178 16784 0
0.322959 0.241285 2.12985 1
0.635348 0.365174 17032 0
0.364164 0.000419848 2.13158 1
0.652493 0.499766 17048 0
0.368301 -0.240053 2.08433 1
0.657722 0.637067 16672 0
0.363567 -0.297609 2.06062 1
0.657485 0.671886 16480 0
0.11143 -0.123708 2.15159 1
0.546227 0.568427 17208 0
0.0924692 -0.514288 2.0395 1
0.540469 0.800107 16312 0
0.0867097 -0.736874 2.02037 1
0.538308 0.934064 16160 0
0.0822585 -0.776322 1.93961 1
0.537855 0.976344 15512 0
0.250551 -0.121479 2.14405 1
0.604307 0.567431 17152 0
0.250564 -0.511837 2.04387 1
0.609426 0.798037 16344 0
0.264514 -0.741243 2.01923 1
0.616928 0.936886 16152 0
0.260413 -0.778343 1.93906 1
0.619874 0.977718 15512 0
40
0.178325 -0.040503 2.14345 1
0.57426 0.522489 17144 0
0.176769 0.0140152 2.1451 1
0.573555 0.492224 17160 0
0.167706 0.294371 2.14529 1
0.569778 0.336695 17160 0
0.165648 0.52879 2.15158 1
0.56872 0.207505 17208 0
0.0212836 0.268488 2.15281 1
0.508825 0.351574 17216 0
-0.00546254 0.0244178 2.1574 1
0.49774 0.48653 17256 0
-0.0123391 -0.173816 2.11808 1
0.4948 0.597665 16944 0
0.000251273 -0.250257 2.09607 1
0.500107 0.642093 16768 0
0.321654 0.261353 2.13281 1
0.634614 0.354163 17056 0
0.361465 0.0197381 2.13224 1
0.651315 0.488983 17056 0
0.366562 -0.229028 2.08165 1
0.657179 0.63094 16648 0
0.362905 -0.285308 2.05877 1
0.65734 0.664929 16464 0
0.111451 -0.107468 2.14337 1
0.546413 0.559672 17144 0
0.0931787 -0.507364 2.044 1
0.54069 0.795414 16352 0
0.0870457 -0.738271 2.03171 1
0.538242 0.932462 16248 0
0.0821119 -0.775196 1.9496 1
0.537594 0.973215 15592 0
0.24967 -0.105301 2.13569 1
0.604348 0.558679 17080 0
0.251199 -0.502726 2.05072 1
0.609337 0.791755 16400 0
0.26235 -0.738194 2.02777 1
0.615482 0.933255 16216 0
0.257831 -0.773636 1.94694 1
0.618205 0.972907 15568 0
40
0.177656 -0.0281094 2.13842 1
0.574155 0.515644 17104 0
0.176246 0.0255129 2.14239 1
0.57343 0.485827 17136 0
0.167255 0.304405 2.1477 1
0.569512 0.331317 17176 0
0.165346 0.539349 2.15565 1
0.568465 0.202227 17240 0
0.0219442 0.283877 2.15632 1
0.509084 0.343322 17248 0
-0.00419436 0.0396331 2.15625 1
0.498264 0.478125 17248 0
-0.0126283 -0.164321 2.11381 1
0.494667 0.592517 16904 0
-0.00180079 -0.229122 2.08618 1
0.49923 0.630709 16688 0
0.320761 0.27509 2.13496 1
0.634106 0.346652 17072 0
0.359867 0.0331302 2.13207 1
0.650659 0.481507 17056 0
0.370321 -0.189409 2.07705 1
0.659142 0.608529 16616 0
0.364503 -0.261658 2.06014 1
0.657928 0.651158 16480 0
0.111222 -0.0940287 2.13637 1
0.54647 0.552381 17088 0
0.0946051 -0.501146 2.0496 1
0.5412 0.790997 16392 0
0.0878316 -0.74682 2.04514 1
0.538334 0.934596 16360 0
0.0825028 -0.781834 1.96233 1
0.537528 0.974172 15696 0
0.2483 -0.0923383 2.12857 1
0.604122 0.551628 17024 0
0.251436 -0.495071 2.05759 1
0.609074 0.786352 16456 0
0.260019 -0.74615 2.04758 1
0.613349 0.933688 16376 0
0.254957 -0.780322 1.96584 1
0.615764 0.972409 15720 0
40
0.176381 -0.0149558 2.13296 1
0.573811 0.508345 17056 0
0.175294 0.0372713 2.14043 1
0.5731 0.479276 17120 0
0.166555 0.313732 2.15099 1
0.569115 0.326414 17200 0
0.164708 0.549309 2.16091 1
0.568035 0.197468 17280 0
0.0226265 0.298867 2.16031 1
0.509349 0.335353 17280 0
-0.00396281 0.0545544 2.15503 1
0.498359 0.469872 17240 0
-0.0135809 -0.156113 2.10824 1
0.49425 0.588127 16864 0
-0.0049857 -0.216421 2.08163 1
0.497862 0.623734 16648 0
0.320228 0.289217 2.13798 1
0.633693 0.339004 17096 0
0.35888 0.046787 2.1322 1
0.650236 0.473885 17056 0
0.371704 -0.173902 2.0752 1
0.659879 0.599732 16600 0
0.366443 -0.245 2.06101 1
0.658701 0.641474 16488 0
0.110365 -0.0799869 2.12879 1
0.546276 0.544718 17024 0
0.0966165 -0.495648 2.05656 1
0.541934 0.78683 16448 0
0.0907267 -0.758653 2.06045 1
0.539303 0.9382 16480 0
0.085197 -0.792518 1.9774 1
0.538458 0.976989 15816 0
0.246291 -0.0791948 2.1211 1
0.603644 0.544435 16968 0
0.251517 -0.488845 2.06508 1
0.608714 0.781726 16520 0
0.259032 -0.756277 2.06348 1
0.612049 0.936188 16504 0
0.253653 -0.789752 1.9812 1
0.614278 0.97441 15848 0
40
0.175616 -0.0062903 2.129 1
0.573628 0.503516 17024 0
0.174808 0.0451365 2.13933 1
0.572935 0.47489 17112 0
0.166282 0.320387 2.15334 1
0.568926 0.322926 17224 0
0.164346 0.556403 2.16492 1
0.56776 0.194127 17312 0
0.0228489 0.308801 2.16341 1
0.509427 0.330124 17304 0
-0.00461147 0.0646181 2.15416 1
0.498089 0.4643 17232 0
-0.0169192 -0.139242 2.10008 1
0.492809 0.578909 16800 0
-0.0104449 -0.195698 2.07981 1
0.495517 0.611984 16632 0
0.318576 0.299157 2.14002 1
0.632877 0.33363 17120 0
0.358165 0.0567614 2.13214 1
0.649941 0.468317 17056 0
0.372467 -0.16486 2.07394 1
0.660305 0.594604 16584 0
0.367539 -0.235518 2.06133 1
0.659151 0.635978 16488 0
0.110036 -0.0707153 2.12341 1
0.546255 0.539634 16984 0
0.0989051 -0.491297 2.06515 1
0.542749 0.78313 16520 0
0.0923767 -0.766915 2.07014 1
0.539831 0.9409 16560 0
0.0864806 -0.800426 1.98718 1
0.538845 0.979376 15896 0
0.244646 -0.0695722 2.11531 1
0.603233 0.539143 16920 0
0.251296 -0.482566 2.07345 1
0.60818 0.776985 16584 0
0.257057 -0.761732 2.07282 1
0.610693 0.937354 16576 0
0.251191 -0.79508 1.99046 1
0.612643 0.975389 15920 0
40
0.174917 -1.13933e-005 2.1258 1
0.573445 0.500006 17000 0
0.174401 0.0507044 2.13872 1
0.572786 0.471785 17104 0
0.166138 0.325108 2.15513 1
0.56881 0.320466 17240 0
0.163877 0.561402 2.1681 1
0.567467 0.191833 17344 0
0.0229842 0.315327 2.16547 1
0.509474 0.326699 17320 0
-0.00569146 0.0715583 2.15366 1
0.497641 0.460457 17224 0
-0.0200145 -0.128698 2.09499 1
0.491473 0.573111 16752 0
-0.0146848 -0.18354 2.07786 1
0.493692 0.605125 16616 0
0.317402 0.306019 2.14181 1
0.632276 0.329956 17128 0
0.357771 0.0635698 2.13209 1
0.64978 0.464516 17056 0
0.372843 -0.158845 2.07303 1
0.660536 0.591193 16584 0
0.368396 -0.229273 2.06126 1
0.659528 0.632377 16488 0
0.109557 -0.0638478 2.11885 1
0.546152 0.535862 16944 0
0.100175 -0.487307 2.07406 1
0.543112 0.779624 16592 0
0.0931087 -0.772893 2.07749 1
0.540004 0.942765 16616 0
0.0871235 -0.806275 1.99464 1
0.538987 0.981072 15952 0
0.243335 -0.0629875 2.11108 1
0.602885 0.535509 16888 0
0.251034 -0.478568 2.08011 1
0.607721 0.77381 16640 0
0.254951 -0.765255 2.08202 1
0.609302 0.937436 16656 0
0.248923 -0.798512 1.99954 1
0.611119 0.975275 15992 0
40
0.174003 0.00495219 2.12281 1
0.573164 0.497224 16976 0
0.173932 0.0548498 2.13836 1
0.572603 0.469473 17104 0
0.166044 0.328401 2.15642 1
0.56873 0.318756 17248 0
0.163404 0.564822 2.17064 1
0.567194 0.190318 17360 0
0.0230553 0.319767 2.16681 1
0.509497 0.324367 17328 0
-0.00715073 0.0762975 2.15339 1
0.497036 0.457832 17224 0
-0.0230597 -0.12129 2.09145 1
0.490158 0.569019 16728 0
-0.0184502 -0.175217 2.07599 1
0.492067 0.600448 16600 0
0.316468 0.310969 2.14351 1
0.631783 0.327343 17144 0
0.357508 0.0683822 2.13206 1
0.649672 0.461829 17056 0
0.373115 -0.154485 2.07212 1
0.660725 0.588729 16576 0
0.369145 -0.224692 2.06088 1
0.659882 0.629756 16480 0
0.108711 -0.0585805 2.11472 1
0.545885 0.532968 16912 0
0.100153 -0.483532 2.08305 1
0.542916 0.77626 16664 0
0.0914723 -0.780363 2.08933 1
0.539078 0.944512 16712 0
0.0971657 -0.840842 2.05016 1
0.542304 0.988112 16400 0
0.241776 -0.0577822 2.1072 1
0.602415 0.532635 16856 0
0.253018 -0.437134 2.09502 1
0.6078 0.748324 16760 0
0.253602 -0.762961 2.08836 1
0.608393 0.9348 16704 0
0.247702 -0.796317 2.00563 1
0.610238 0.972529 16040 0
40
0.173057 0.00841836 2.12033 1
0.572851 0.495275 16960 0
0.173447 0.0577603 2.13824 1
0.572404 0.467851 17104 0
0.165958 0.330656 2.1575 1
0.568659 0.317603 17256 0
0.162936 0.566992 2.17303 1
0.566928 0.189469 17384 0
0.0230239 0.322804 2.16792 1
0.50948 0.322791 17336 0
-0.00909877 0.0792885 2.15326 1
0.496228 0.456177 17224 0
-0.0256634 -0.116525 2.08896 1
0.489034 0.566386 16704 0
-0.0219968 -0.169868 2.07441 1
0.490535 0.597457 16592 0
0.31566 0.314311 2.14513 1
0.631347 0.325619 17160 0
0.357302 0.0717172 2.13204 1
0.649587 0.459967 17056 0
0.373392 -0.151305 2.07096 1
0.660933 0.586951 16560 0
0.369923 -0.22165 2.05985 1
0.660298 0.628063 16472 0
0.107657 -0.05491 2.11114 1
0.545518 0.530955 16888 0
0.097202 -0.474762 2.09428 1
0.541428 0.769795 16752 0
0.0896342 -0.784461 2.09697 1
0.538154 0.945217 16768 0
0.0916366 -0.839353 2.04935 1
0.539912 0.98744 16392 0
0.240284 -0.0542265 2.10404 1
0.601935 0.530673 16832 0
0.253918 -0.419724 2.10133 1
0.607858 0.737718 16808 0
0.251429 -0.75863 2.09876 1
0.606932 0.93019 16784 0
0.245949 -0.792143 2.01576 1
0.608908 0.96769 16120 0
40
0.171832 0.0105965 2.11795 1
0.572417 0.494046 16936 0
0.172746 0.0596201 2.1384 1
0.572106 0.466818 17104 0
0.165777 0.331974 2.15862 1
0.568549 0.316971 17264 0
0.16237 0.568101 2.17525 1
0.566627 0.189179 17400 0
0.0228148 0.324439 2.16895 1
0.509389 0.321977 17344 0
-0.0116625 0.0807492 2.15309 1
0.495165 0.455366 17224 0
-0.0283889 -0.113301 2.08683 1
0.487857 0.564616 16688 0
-0.0256508 -0.166479 2.07264 1
0.488953 0.595594 16576 0
0.313795 0.315827 2.14723 1
0.630443 0.324949 17176 0
0.357223 0.0740276 2.13202 1
0.649556 0.458677 17056 0
0.373611 -0.149297 2.06968 1
0.661128 0.58585 16552 0
0.370813 -0.220179 2.05797 1
0.660831 0.62733 16456 0
0.106372 -0.0526077 2.10775 1
0.545047 0.529705 16856 0
0.0943855 -0.470933 2.10204 1
0.540079 0.766631 16816 0
0.0873689 -0.787291 2.10323 1
0.537079 0.945493 16824 0
0.104582 -0.857408 2.09152 1
0.544632 0.987887 16728 0
0.238262 -0.0519889 2.10094 1
0.601227 0.52945 16800 0
0.254346 -0.411475 2.10465 1
0.60787 0.732679 16832 0
0.245869 -0.750717 2.12217 1
0.603413 0.921006 16976 0
0.252529 -0.815939 2.07415 1
0.608674 0.968176 16592 0
40
0.16987 0.0114819 2.11534 1
0.571679 0.49354 16920 0
0.171388 0.0602368 2.1389 1
0.571523 0.466483 17104 0
0.165309 0.332124 2.16004 1
0.568311 0.317009 17280 0
0.161436 0.567948 2.17775 1
0.566168 0.189621 17416 0
0.0223253 0.324686 2.16996 1
0.509183 0.321924 17352 0
-0.0150379 0.0808115 2.15263 1
0.493765 0.455322 17216 0
-0.0341741 -0.116102 2.08111 1
0.485343 0.566395 16648 0
-0.0318483 -0.170389 2.06825 1
0.486255 0.598046 16544 0
0.310967 0.315482 2.14962 1
0.629124 0.325336 17192 0
0.357298 0.0752242 2.13195 1
0.649592 0.458007 17048 0
0.373815 -0.148214 2.06828 1
0.661325 0.585285 16544 0
0.371745 -0.219545 2.05571 1
0.661412 0.627102 16440 0
0.104501 -0.0515474 2.10433 1
0.544326 0.529153 16832 0
0.0919893 -0.468052 2.10741 1
0.538962 0.764325 16856 0
0.0853965 -0.789104 2.10759 1
0.536167 0.945595 16856 0
0.109353 -0.863269 2.1087 1
0.546288 0.987218 16864 0
0.235068 -0.0511569 2.09753 1
0.600032 0.529026 16776 0
0.254611 -0.405993 2.10694 1
0.607864 0.729329 16848 0
0.243621 -0.747409 2.13209 1
0.601992 0.917202 17056 0
0.256283 -0.831013 2.10841 1
0.608497 0.969079 16864 0
40
0.166991 0.0108451 2.11247 1
0.57056 0.49389 16896 0
0.169082 0.059211 2.13967 1
0.570535 0.467066 17112 0
0.164451 0.330769 2.16194 1
0.567897 0.317915 17288 0
0.160058 0.566309 2.18056 1
0.565518 0.190915 17440 0
0.0215549 0.323877 2.17096 1
0.508862 0.32245 17360 0
-0.0191742 0.0798684 2.15142 1
0.492045 0.455818 17208 0
-0.0397116 -0.120975 2.07583 1
0.482924 0.569358 16600 0
-0.0378969 -0.176652 2.06351 1
0.483607 0.601884 16504 0
0.306626 0.313122 2.15231 1
0.627162 0.326858 17216 0
0.357347 0.0751552 2.13181 1
0.649622 0.458043 17048 0
0.373953 -0.14789 2.06688 1
0.661494 0.585156 16528 0
0.372563 -0.219331 2.05344 1
0.661947 0.627119 16424 0
0.101981 -0.0517606 2.10079 1
0.54333 0.529323 16800 0
0.0900606 -0.466091 2.11103 1
0.53808 0.762766 16888 0
0.0840346 -0.790242 2.11048 1
0.535541 0.945628 16880 0
0.111606 -0.866634 2.11794 1
0.547036 0.986984 16936 0
0.230724 -0.0518143 2.09408 1
0.598345 0.529447 16752 0
0.254778 -0.403072 2.10796 1
0.607883 0.727569 16856 0
0.242478 -0.745735 2.13751 1
0.601255 0.915211 17096 0
0.257351 -0.836281 2.12143 1
0.608281 0.969155 16968 0
40
0.163831 0.00927585 2.10983 1
0.569311 0.494768 16872 0
0.166161 0.056861 2.14065 1
0.569285 0.468387 17120 0
0.1627 0.327383 2.16501 1
0.567078 0.320035 17320 0
0.158269 0.56301 2.18362 1
0.564695 0.193146 17464 0
0.0204717 0.322251 2.17197 1
0.508413 0.323423 17368 0
-0.0232046 0.0783571 2.15001 1
0.490366 0.456626 17200 0
-0.0445039 -0.126455 2.07137 1
0.480822 0.572656 16568 0
-0.0434541 -0.183368 2.05929 1
0.481165 0.605974 16472 0
0.301398 0.309849 2.15494 1
0.624842 0.328877 17232 0
0.356959 0.0741015 2.13161 1
0.649474 0.458627 17048 0
0.373912 -0.148194 2.06547 1
0.661586 0.58539 16520 0
0.373282 -0.220455 2.05035 1
0.662503 0.627963 16400 0
0.0993596 -0.0527424 2.09752 1
0.542282 0.529926 16776 0
0.0882808 -0.464705 2.11356 1
0.537283 0.761671 16904 0
0.082999 -0.790941 2.11243 1
0.535071 0.945609 16896 0
0.0875193 -0.836226 2.05975 1
0.537926 0.983172 16472 0
0.226375 -0.0531473 2.09117 1
0.596626 0.530247 16728 0
0.254492 -0.403052 2.10781 1
0.60777 0.727573 16856 0
0.241393 -0.744696 2.14076 1
0.600649 0.914004 17120 0
0.25799 -0.839648 2.12988 1
0.608119 0.969175 17032 0
40
0.160286 0.00680533 2.10738 1
0.56789 0.496157 16856 0
0.162639 0.0533786 2.14169 1
0.567783 0.470338 17128 0
0.160568 0.323341 2.16833 1
0.566098 0.322529 17344 0
0.15614 0.559123 2.1865 1
0.563741 0.195667 17488 0
0.0194831 0.320416 2.17277 1
0.508004 0.324493 17376 0
-0.0271521 0.0767514 2.14838 1
0.488719 0.457482 17184 0
-0.0483353 -0.131304 2.06816 1
0.479139 0.575559 16544 0
-0.0484576 -0.189199 2.05639 1
0.478967 0.609498 16448 0
0.296975 0.306745 2.1571 1
0.622886 0.330762 17256 0
0.35597 0.072113 2.13126 1
0.649084 0.459731 17048 0
0.37301 -0.150336 2.0632 1
0.661374 0.586719 16504 0
0.373779 -0.222132 2.04725 1
0.662966 0.629132 16376 0
0.0965793 -0.0543409 2.09446 1
0.541159 0.530878 16752 0
0.0854273 -0.465864 2.11542 1
0.536046 0.762093 16920 0
0.0821045 -0.791291 2.11372 1
0.534672 0.945535 16904 0
0.0779419 -0.824173 2.03731 1
0.534148 0.981454 16296 0
0.221875 -0.0551252 2.08875 1
0.594814 0.531409 16704 0
0.247096 -0.449239 2.10903 1
0.604577 0.753505 16872 0
0.23792 -0.756091 2.13982 1
0.599245 0.920523 17112 0
0.258842 -0.843891 2.13034 1
0.608453 0.971444 17040 0
40
0.156409 0.003456 2.10509 1
0.56632 0.498046 16840 0
0.158568 0.0489719 2.1426 1
0.566058 0.472798 17136 0
0.157911 0.319291 2.17136 1
0.564913 0.324996 17368 0
0.153953 0.555316 2.18897 1
0.562777 0.19808 17504 0
0.0184617 0.318353 2.17341 1
0.507582 0.325674 17384 0
-0.0308798 0.0750698 2.14673 1
0.48716 0.458382 17168 0
-0.0519634 -0.136769 2.06551 1
0.477544 0.578805 16520 0
-0.0532101 -0.19532 2.05421 1
0.476879 0.613161 16432 0
0.292484 0.303398 2.15916 1
0.620912 0.332768 17272 0
0.354442 0.0694199 2.13084 1
0.648473 0.461227 17040 0
0.371334 -0.15295 2.06084 1
0.660833 0.588328 16480 0
0.373933 -0.223648 2.04477 1
0.663231 0.630171 16352 0
0.0936798 -0.0565422 2.09159 1
0.539978 0.532173 16728 0
0.0826881 -0.467764 2.11638 1
0.534874 0.763042 16928 0
0.0813866 -0.79141 2.11449 1
0.534356 0.945438 16912 0
0.0729582 -0.817358 2.02406 1
0.532174 0.980597 16192 0
0.21754 -0.0575959 2.08679 1
0.593049 0.532848 16688 0
0.242679 -0.476898 2.10828 1
0.602744 0.769209 16864 0
0.234536 -0.766176 2.13467 1
0.598069 0.927159 17072 0
0.259947 -0.847548 2.12612 1
0.609132 0.974428 17008 0
40
0.152675 0.000454714 2.10328 1
0.564793 0.499743 16824 0
0.154645 0.0450998 2.14335 1
0.564402 0.474958 17144 0
0.155357 0.316023 2.17358 1
0.563798 0.326965 17384 0
0.151874 0.552166 2.19112 1
0.561869 0.200086 17528 0
0.0172787 0.316435 2.174 1
0.507094 0.326772 17384 0
-0.0342147 0.0736319 2.14532 1
0.485764 0.459152 17160 0
-0.0548153 -0.140745 2.06368 1
0.476291 0.581168 16504 0
-0.0564024 -0.199489 2.0529 1
0.475476 0.61565 16416 0
0.28879 0.300538 2.1607 1
0.6193 0.334462 17280 0
0.352543 0.0665124 2.13051 1
0.6477 0.462846 17040 0
0.369513 -0.155283 2.05883 1
0.660201 0.589763 16464 0
0.373734 -0.224607 2.04306 1
0.663281 0.630839 16344 0
0.09056 -0.0587279 2.08904 1
0.538694 0.533457 16712 0
0.0798669 -0.470146 2.11646 1
0.533683 0.764372 16928 0
0.0807872 -0.791307 2.11483 1
0.534097 0.945309 16912 0
0.070243 -0.813783 2.01728 1
0.531081 0.980104 16136 0
0.213396 -0.0599731 2.08539 1
0.591338 0.534226 16680 0
0.239909 -0.488965 2.10586 1
0.601688 0.776339 16840 0
0.231062 -0.775004 2.12386 1
0.597108 0.934281 16984 0
0.260616 -0.850518 2.121 1
0.609677 0.977239 16960 0
40
0.149355 -0.00201173 2.10198 1
0.563423 0.501139 16808 0
0.151217 0.0420045 2.14402 1
0.562954 0.476684 17152 0
0.153092 0.313602 2.17518 1
0.562822 0.328416 17400 0
0.149929 0.549778 2.1928 1
0.561029 0.201613 17536 0
0.0153758 0.314398 2.17452 1
0.506311 0.327928 17392 0
-0.0373394 0.0722233 2.14414 1
0.484456 0.459912 17152 0
-0.056939 -0.143551 2.0625 1
0.475358 0.582833 16496 0
-0.058891 -0.202434 2.05213 1
0.474385 0.6174 16416 0
0.284549 0.298011 2.16181 1
0.617488 0.335938 17288 0
0.349908 0.0638566 2.13045 1
0.646601 0.464328 17040 0
0.367411 -0.157603 2.0571 1
0.659423 0.591181 16456 0
0.372839 -0.225872 2.04138 1
0.663024 0.631683 16328 0
0.0877451 -0.0605697 2.08716 1
0.537525 0.534538 16696 0
0.0755989 -0.474748 2.11516 1
0.531903 0.767124 16920 0
0.0802736 -0.791095 2.11478 1
0.533881 0.945201 16912 0
0.0684139 -0.811405 2.01263 1
0.530341 0.979806 16096 0
0.209677 -0.061972 2.08445 1
0.589787 0.535383 16672 0
0.237129 -0.496735 2.10092 1
0.600746 0.781389 16800 0
0.230225 -0.779364 2.11466 1
0.597178 0.938624 16912 0
0.241704 -0.826072 2.05337 1
0.605068 0.978787 16424 0
40
0.146454 -0.00407527 2.1011 1
0.562217 0.502308 16808 0
0.148292 0.039559 2.14463 1
0.561719 0.478047 17152 0
0.151056 0.311915 2.17623 1
0.561957 0.329421 17408 0
0.148254 0.548129 2.19408 1
0.560312 0.202681 17552 0
0.0133097 0.312522 2.17485 1
0.505463 0.328981 17392 0
-0.0407071 0.0709417 2.14321 1
0.483047 0.460606 17144 0
-0.0585081 -0.145574 2.06173 1
0.47467 0.584032 16488 0
-0.0608184 -0.204523 2.05159 1
0.473539 0.618644 16408 0
0.280443 0.295978 2.16246 1
0.615758 0.337106 17296 0
0.346891 0.061535 2.1306 1
0.645327 0.465627 17040 0
0.365039 -0.159549 2.05575 1
0.658497 0.592367 16440 0
0.370872 -0.227271 2.03996 1
0.662277 0.632591 16312 0
0.0852564 -0.0621233 2.0858 1
0.536485 0.535447 16680 0
0.0714517 -0.478498 2.11431 1
0.530165 0.769342 16912 0
0.0799158 -0.790892 2.11462 1
0.533733 0.945121 16912 0
0.0679479 -0.810601 2.01042 1
0.530168 0.979859 16080 0
0.206448 -0.0636844 2.08398 1
0.588424 0.536369 16664 0
0.233356 -0.500706 2.09095 1
0.599616 0.784991 16720 0
0.228963 -0.781635 2.10731 1
0.596982 0.941436 16856 0
0.228548 -0.81187 2.01348 1
0.601318 0.979879 16104 0
40
0.144067 -0.00567438 2.10053 1
0.561219 0.503215 16800 0
0.145851 0.037709 2.14517 1
0.560688 0.479079 17160 0
0.148985 0.310637 2.17674 1
0.561093 0.33016 17408 0
0.146605 0.546896 2.19501 1
0.559616 0.203476 17560 0
0.0110951 0.310849 2.17494 1
0.504553 0.329904 17392 0
-0.0438971 0.0698302 2.14255 1
0.481712 0.461211 17136 0
-0.0601125 -0.147298 2.0614 1
0.473971 0.585041 16488 0
-0.0628009 -0.206275 2.05149 1
0.472676 0.619666 16408 0
0.277553 0.294632 2.1629 1
0.614542 0.33788 17296 0
0.343842 0.0596007 2.13083 1
0.644034 0.466711 17040 0
0.362301 -0.16106 2.05497 1
0.657369 0.593277 16432 0
0.366582 -0.229826 2.03902 1
0.660473 0.634144 16312 0
0.0830136 -0.0634731 2.08488 1
0.53554 0.536233 16672 0
0.0681051 -0.481363 2.11386 1
0.528758 0.771013 16904 0
0.0784713 -0.786603 2.11401 1
0.533133 0.942834 16912 0
0.0677115 -0.808054 2.01087 1
0.530056 0.978243 16080 0
0.203904 -0.0650378 2.08377 1
0.587343 0.537146 16664 0
0.230002 -0.501766 2.07985 1
0.598708 0.78712 16632 0
0.228813 -0.781722 2.0941 1
0.59753 0.94427 16752 0
0.223209 -0.804289 1.98838 1
0.6002 0.9814 15904 0
40
0.142104 -0.00695563 2.10017 1
0.560396 0.503942 16800 0
0.143796 0.0363042 2.14562 1
0.55982 0.479863 17160 0
0.146361 0.30979 2.17648 1
0.560024 0.330603 17408 0
0.14472 0.546079 2.19554 1
0.558836 0.20399 17560 0
0.00919809 0.309563 2.17479 1
0.503775 0.330596 17392 0
-0.046571 0.0690155 2.14213 1
0.480595 0.461656 17136 0
-0.0620409 -0.148773 2.06155 1
0.473138 0.585886 16488 0
-0.0647236 -0.207634 2.05167 1
0.471842 0.620444 16408 0
0.275404 0.293691 2.16316 1
0.613641 0.338417 17304 0
0.340898 0.0580174 2.13105 1
0.642786 0.467599 17048 0
0.359299 -0.162212 2.05472 1
0.656084 0.593956 16432 0
0.360995 -0.233374 2.03894 1
0.658034 0.63622 16304 0
0.0811521 -0.0646065 2.08433 1
0.534753 0.53689 16672 0
0.0655344 -0.483513 2.11367 1
0.527675 0.772248 16904 0
0.0779118 -0.785109 2.11372 1
0.532901 0.942055 16904 0
0.0684967 -0.807569 2.01274 1
0.530376 0.977511 16096 0
0.201909 -0.0661097 2.08372 1
0.586491 0.537759 16664 0
0.227752 -0.501219 2.07066 1
0.598176 0.788078 16560 0
0.22851 -0.780873 2.08385 1
0.597879 0.94597 16664 0
0.220351 -0.800581 1.97591 1
0.599541 0.982203 15800 0
40
0.140443 -0.0079796 2.09995 1
0.559696 0.504522 16792 0
0.141993 0.0352398 2.14602 1
0.559059 0.480457 17168 0
0.143536 0.309447 2.17571 1
0.558886 0.330731 17400 0
0.142733 0.545689 2.1958 1
0.558021 0.204236 17560 0
0.00719294 0.308426 2.17426 1
0.502953 0.331176 17392 0
-0.0488512 0.0683189 2.14182 1
0.479641 0.462038 17128 0
-0.0640371 -0.149939 2.0621 1
0.472281 0.586536 16496 0
-0.0664136 -0.208638 2.0521 1
0.471112 0.621 16416 0
0.273737 0.293036 2.16327 1
0.612947 0.338786 17304 0
0.337826 0.0566975 2.13114 1
0.641493 0.468338 17048 0
0.356331 -0.163139 2.05472 1
0.654794 0.594493 16432 0
0.354671 -0.2368 2.03927 1
0.65524 0.638197 16312 0
0.0794761 -0.0656095 2.08402 1
0.53404 0.537468 16672 0
0.0636292 -0.485141 2.11358 1
0.526872 0.773176 16904 0
0.0776252 -0.784444 2.11356 1
0.532783 0.941713 16904 0
0.0701897 -0.80894 2.01555 1
0.531084 0.977656 16120 0
0.200331 -0.0669573 2.08376 1
0.585813 0.538242 16664 0
0.225755 -0.49977 2.06372 1
0.597643 0.788212 16504 0
0.227581 -0.780452 2.07703 1
0.597802 0.947193 16616 0
0.179108 -0.817661 2.04978 1
0.577994 0.974743 16392 0
40
0.138745 -0.00894082 2.09976 1
0.55898 0.505068 16792 0
0.140208 0.0343661 2.14629 1
0.558309 0.480944 17168 0
0.140702 0.309537 2.17439 1
0.557759 0.330579 17392 0
0.1407 0.545672 2.19582 1
0.557194 0.204249 17560 0
0.00542499 0.307543 2.1735 1
0.502228 0.331601 17384 0
-0.0507204 0.0677994 2.14156 1
0.47886 0.462322 17128 0
-0.0660426 -0.150887 2.06293 1
0.471424 0.587049 16496 0
-0.0685146 -0.209942 2.05367 1
0.470221 0.621664 16424 0
0.27224 0.292581 2.16315 1
0.612336 0.339027 17304 0
0.33505 0.0557246 2.13111 1
0.640333 0.46888 17048 0
0.353547 -0.163867 2.05482 1
0.653577 0.59491 16432 0
0.349895 -0.238941 2.03966 1
0.65312 0.63942 16312 0
0.0777613 -0.0665859 2.08392 1
0.533307 0.538027 16664 0
0.062239 -0.486413 2.11357 1
0.526285 0.773893 16904 0
0.0778303 -0.78501 2.1128 1
0.532881 0.94219 16896 0
0.0730005 -0.813337 2.01825 1
0.532285 0.979608 16144 0
0.198738 -0.067766 2.08379 1
0.58513 0.538703 16664 0
0.223861 -0.498241 2.0592 1
0.597036 0.787961 16472 0
0.224283 -0.779092 2.07046 1
0.59669 0.947831 16560 0
0.161676 -0.824275 2.06812 1
0.569779 0.974339 16544 0
40
0.137155 -0.00972695 2.09956 1
0.558309 0.505514 16792 0
0.138581 0.0337168 2.14645 1
0.557628 0.481305 17168 0
0.138061 0.309871 2.17275 1
0.556717 0.330268 17376 0
0.138769 0.545878 2.19567 1
0.556413 0.204116 17560 0
0.00373723 0.306875 2.17261 1
0.501535 0.331898 17376 0
-0.0522269 0.0674078 2.14131 1
0.478229 0.462535 17128 0
-0.0681484 -0.151712 2.06409 1
0.47053 0.587475 16512 0
-0.0707349 -0.211638 2.05564 1
0.469286 0.622529 16440 0
0.270694 0.292263 2.16258 1
0.611727 0.33916 17296 0
0.332585 0.0549969 2.13089 1
0.639314 0.469284 17040 0
0.351396 -0.164381 2.05496 1
0.652633 0.595201 16432 0
0.346624 -0.240467 2.04 1
0.651664 0.640287 16312 0
0.0761371 -0.0674135 2.08387 1
0.532612 0.538501 16664 0
0.0615535 -0.487469 2.11315 1
0.526 0.774543 16904 0
0.0786105 -0.78618 2.11199 1
0.533223 0.94302 16888 0
0.0746816 -0.81568 2.01965 1
0.533006 0.980657 16152 0
0.197269 -0.0684557 2.08384 1
0.584499 0.539097 16664 0
0.221942 -0.496741 2.05654 1
0.596329 0.787465 16448 0
0.221334 -0.778079 2.06615 1
0.595618 0.948181 16528 0
0.153298 -0.829781 2.08047 1
0.56577 0.974673 16640 0
40
0.13571 -0.0103961 2.0993 1
0.557702 0.505894 16792 0
0.137154 0.0331888 2.14646 1
0.557035 0.481598 17168 0
0.135796 0.310164 2.17114 1
0.555828 0.329982 17368 0
0.136887 0.546115 2.19532 1
0.555657 0.203941 17560 0
0.00216817 0.306372 2.17152 1
0.500891 0.33209 17368 0
-0.0534473 0.0671049 2.14102 1
0.477718 0.462699 17128 0
-0.0701234 -0.15244 2.06545 1
0.469696 0.587837 16520 0
-0.073586 -0.215674 2.05899 1
0.4681 0.624662 16464 0
0.268625 0.29213 2.16113 1
0.610948 0.339125 17288 0
0.330586 0.0545893 2.13057 1
0.638497 0.469507 17040 0
0.34974 -0.164804 2.05505 1
0.651907 0.595442 16440 0
0.344448 -0.241476 2.04024 1
0.650694 0.64086 16320 0
0.0747982 -0.068071 2.08382 1
0.532039 0.538877 16664 0
0.0614799 -0.488465 2.11221 1
0.525981 0.775226 16896 0
0.0803323 -0.78807 2.11101 1
0.533967 0.944291 16888 0
0.0766301 -0.818131 2.02086 1
0.533847 0.981813 16160 0
0.195855 -0.0690527 2.08373 1
0.583897 0.539439 16664 0
0.219621 -0.494515 2.05553 1
0.595368 0.786317 16440 0
0.219032 -0.777323 2.06349 1
0.594745 0.948323 16504 0
0.148748 -0.833119 2.08727 1
0.56361 0.975029 16696 0
40
0.13437 -0.0109268 2.0989 1
0.557143 0.506196 16784 0
0.13595 0.0327822 2.14633 1
0.556538 0.481822 17168 0
0.133998 0.310356 2.1696 1
0.555128 0.329755 17352 0
0.135235 0.546295 2.19479 1
0.554998 0.203772 17552 0
0.000695474 0.306019 2.17031 1
0.500286 0.33219 17360 0
-0.0544847 0.066868 2.14063 1
0.477281 0.462823 17120 0
-0.071811 -0.153063 2.06675 1
0.468986 0.58814 16528 0
-0.0758943 -0.219337 2.06182 1
0.467144 0.626606 16488 0
0.265711 0.292401 2.15832 1
0.609887 0.338766 17264 0
0.328858 0.0545793 2.12998 1
0.637812 0.469504 17032 0
0.348531 -0.165078 2.05509 1
0.651379 0.595598 16440 0
0.343136 -0.242066 2.04037 1
0.650111 0.641195 16320 0
0.0736755 -0.0685564 2.0837 1
0.53156 0.539157 16664 0
0.0617458 -0.489228 2.11113 1
0.526106 0.775796 16888 0
0.0815567 -0.789591 2.11014 1
0.534499 0.945333 16880 0
0.0785695 -0.821113 2.02204 1
0.534683 0.983287 16176 0
0.194373 -0.0695201 2.0834 1
0.583275 0.539713 16664 0
0.216777 -0.490783 2.05712 1
0.594061 0.783938 16456 0
0.217233 -0.776701 2.06236 1
0.594019 0.948211 16496 0
0.149974 -0.837104 2.09194 1
0.563991 0.976236 16728 0
40
0.133072 -0.0113828 2.09819 1
0.556611 0.506456 16784 0
0.134977 0.0324534 2.14598 1
0.556142 0.482002 17160 0
0.132651 0.310574 2.16827 1
0.554607 0.329532 17344 0
0.133705 0.546544 2.19406 1
0.554394 0.203538 17552 0
-0.000558102 0.305835 2.16894 1
0.49977 0.332184 17344 0
-0.0554228 0.0667237 2.13985 1
0.476882 0.46289 17112 0
-0.0731994 -0.153508 2.06792 1
0.468404 0.588346 16536 0
-0.0775489 -0.221981 2.06403 1
0.466464 0.627995 16512 0
0.260563 0.293509 2.15254 1
0.608048 0.33772 17216 0
0.327218 0.055305 2.12898 1
0.637189 0.469084 17024 0
0.347682 -0.165272 2.05508 1
0.65101 0.595711 16440 0
0.342394 -0.24231 2.04055 1
0.649773 0.641324 16320 0
0.0727606 -0.0688902 2.08344 1
0.531172 0.539352 16664 0
0.0621639 -0.489721 2.11012 1
0.526296 0.776206 16880 0
0.0823894 -0.790833 2.10951 1
0.534861 0.946165 16872 0
0.0795145 -0.823268 2.02292 1
0.535085 0.984345 16176 0
0.192658 -0.0697788 2.08252 1
0.582576 0.539877 16656 0
0.214732 -0.486542 2.06112 1
0.592992 0.780937 16488 0
0.215302 -0.776317 2.06358 1
0.593128 0.947724 16504 0
0.187023 -0.819649 2.02785 1
0.582321 0.981044 16216 0
40
0.131828 -0.0117555 2.09704 1
0.556112 0.506672 16776 0
0.134065 0.0322121 2.14525 1
0.555782 0.48213 17160 0
0.131508 0.311003 2.16676 1
0.554174 0.329177 17328 0
0.132247 0.547034 2.19293 1
0.553829 0.20312 17536 0
-0.00165435 0.305806 2.16721 1
0.499319 0.332066 17336 0
-0.0562278 0.0666735 2.13845 1
0.47653 0.462894 17104 0
-0.0742858 -0.153814 2.06887 1
0.46795 0.588482 16544 0
-0.0787259 -0.22382 2.06571 1
0.465983 0.62895 16520 0
0.256313 0.29456 2.1473 1
0.606545 0.336742 17176 0
0.325923 0.056383 2.12752 1
0.63674 0.46846 17016 0
0.347122 -0.165189 2.05491 1
0.65078 0.595671 16432 0
0.343081 -0.241465 2.04066 1
0.650065 0.640824 16320 0
0.0719941 -0.0691143 2.08305 1
0.53085 0.539488 16664 0
0.0626829 -0.490008 2.10927 1
0.526526 0.77648 16872 0
0.0829947 -0.791777 2.1091 1
0.535124 0.946786 16872 0
0.0800853 -0.824484 2.02347 1
0.535327 0.98493 16184 0
0.190846 -0.0698052 2.08084 1
0.581865 0.539925 16640 0
0.213516 -0.444901 2.07889 1
0.591675 0.754697 16624 0
0.212665 -0.764718 2.07645 1
0.591417 0.938301 16608 0
0.203269 -0.797262 2.00942 1
0.590293 0.972197 16072 0
40
0.130706 -0.0119259 2.09536 1
0.555679 0.506774 16760 0
0.133229 0.0321106 2.144 1
0.555466 0.482176 17152 0
0.130595 0.311485 2.16511 1
0.553839 0.328782 17320 0
0.131032 0.547562 2.19163 1
0.553366 0.202657 17528 0
-0.0028116 0.305854 2.16488 1
0.498841 0.33186 17312 0
-0.0568944 0.0666133 2.13674 1
0.476233 0.462898 17088 0
-0.0751003 -0.15402 2.06957 1
0.46761 0.58857 16552 0
-0.0795182 -0.225061 2.06686 1
0.465659 0.629593 16528 0
0.253127 0.295493 2.14293 1
0.605435 0.335891 17136 0
0.324829 0.0579329 2.12467 1
0.636464 0.467549 16992 0
0.346787 -0.165013 2.05449 1
0.650665 0.595589 16432 0
0.345062 -0.239382 2.04048 1
0.650944 0.639621 16320 0
0.0712883 -0.0691218 2.08206 1
0.530562 0.539511 16656 0
0.0632677 -0.490013 2.10854 1
0.526783 0.776579 16864 0
0.0834554 -0.792527 2.1088 1
0.535324 0.947271 16864 0
0.107795 -0.849081 2.07427 1
0.546386 0.987166 16592 0
0.189265 -0.0695915 2.07877 1
0.581268 0.539842 16624 0
0.213391 -0.425372 2.08848 1
0.591201 0.7424 16704 0
0.211631 -0.758533 2.08469 1
0.590613 0.933038 16672 0
0.211728 -0.788202 1.9996 1
0.594512 0.969123 15992 0
40
0.129772 -0.0119547 2.09335 1
0.555334 0.506797 16744 0
0.132551 0.0321267 2.14237 1
0.555226 0.482153 17136 0
0.129895 0.312015 2.16312 1
0.5536 0.328332 17304 0
0.130015 0.548102 2.19019 1
0.552986 0.202167 17520 0
-0.00380167 0.305907 2.16223 1
0.498431 0.331624 17296 0
-0.0573742 0.0665263 2.13487 1
0.476012 0.462914 17072 0
-0.0756876 -0.154143 2.07007 1
0.467364 0.58862 16560 0
-0.0800276 -0.225879 2.06758 1
0.465451 0.630019 16536 0
0.250711 0.296294 2.1389 1
0.604625 0.335137 17104 0
0.324279 0.0596747 2.12094 1
0.636472 0.466515 16960 0
0.346905 -0.16437 2.05355 1
0.650785 0.59526 16424 0
0.347711 -0.237012 2.03977 1
0.652157 0.638287 16312 0
0.0707313 -0.0689622 2.08069 1
0.530343 0.539445 16640 0
0.0638895 -0.489843 2.10793 1
0.527054 0.776563 16856 0
0.0837574 -0.793011 2.10865 1
0.535455 0.947576 16864 0
0.126357 -0.862204 2.10524 1
0.553573 0.987416 16840 0
0.18794 -0.0692487 2.0765 1
0.580787 0.539689 16608 0
0.213595 -0.416516 2.09337 1
0.591075 0.736798 16744 0
0.211242 -0.754867 2.09063 1
0.590189 0.92972 16720 0
0.216462 -0.783306 1.99441 1
0.596877 0.967424 15952 0
40
0.129088 -0.0119328 2.09105 1
0.555103 0.506792 16728 0
0.132102 0.0322522 2.14028 1
0.555092 0.482066 17120 0
0.129468 0.312698 2.15963 1
0.55351 0.327679 17272 0
0.12903 0.54876 2.1878 1
0.552642 0.201484 17496 0
-0.00461141 0.305964 2.15972 1
0.498094 0.331397 17272 0
-0.0576629 0.0664241 2.13307 1
0.475871 0.462939 17064 0
-0.0760909 -0.154233 2.07039 1
0.467195 0.588658 16560 0
-0.08034 -0.226449 2.068 1
0.465323 0.63032 16536 0
0.249096 0.296867 2.13548 1
0.604118 0.334553 17080 0
0.324229 0.0611612 2.11725 1
0.636689 0.465621 16936 0
0.347437 -0.163608 2.05236 1
0.651105 0.594873 16416 0
0.351357 -0.234336 2.03798 1
0.653888 0.636846 16296 0
0.0703533 -0.0687437 2.07886 1
0.530207 0.539355 16624 0
0.0645294 -0.489601 2.10742 1
0.527331 0.776492 16856 0
0.0839871 -0.793391 2.10856 1
0.535553 0.94781 16864 0
0.133034 -0.866864 2.11606 1
0.556116 0.987545 16928 0
0.186981 -0.0689481 2.07435 1
0.580458 0.539558 16592 0
0.213753 -0.411014 2.09649 1
0.591007 0.733322 16768 0
0.211303 -0.752546 2.09489 1
0.590032 0.927527 16752 0
0.219188 -0.780044 1.99355 1
0.598139 0.965677 15944 0
40
0.128667 -0.0118762 2.08847 1
0.554991 0.506768 16704 0
0.131861 0.0324615 2.1378 1
0.555056 0.481928 17096 0
0.12946 0.313615 2.1555 1
0.553609 0.326843 17240 0
0.128258 0.549613 2.18499 1
0.552395 0.200636 17472 0
-0.00489178 0.306172 2.15618 1
0.497975 0.331005 17248 0
-0.0575934 0.0664286 2.13115 1
0.475878 0.462903 17048 0
-0.0763701 -0.154273 2.07056 1
0.467078 0.588674 16560 0
-0.0801027 -0.226652 2.06764 1
0.46542 0.63046 16536 0
0.247978 0.297283 2.13201 1
0.603819 0.334051 17056 0
0.324594 0.0624229 2.11366 1
0.637075 0.464852 16904 0
0.348418 -0.162816 2.05088 1
0.65164 0.594482 16400 0
0.355099 -0.231803 2.03563 1
0.655706 0.635523 16280 0
0.0702106 -0.0684594 2.07683 1
0.530176 0.539231 16608 0
0.0651263 -0.489294 2.107 1
0.52759 0.776374 16856 0
0.0841628 -0.793693 2.10851 1
0.535629 0.947992 16864 0
0.137339 -0.869824 2.12298 1
0.557743 0.987616 16976 0
0.18627 -0.0686067 2.07202 1
0.580242 0.539406 16576 0
0.214195 -0.407825 2.09878 1
0.591095 0.731259 16784 0
0.21184 -0.751043 2.09822 1
0.590118 0.925997 16784 0
0.195668 -0.810333 2.06692 1
0.584499 0.966587 16528 0
40
0.128507 -0.0117346 2.08595 1
0.554989 0.506695 16680 0
0.131788 0.0328141 2.13532 1
0.555089 0.481711 17080 0
0.12972 0.315006 2.15128 1
0.553823 0.325733 17208 0
0.127745 0.550953 2.18175 1
0.552263 0.19946 17448 0
-0.00461837 0.306417 2.15214 1
0.498085 0.330552 17216 0
-0.0571112 0.0664745 2.12889 1
0.476055 0.462838 17024 0
-0.0763802 -0.154095 2.07025 1
0.467068 0.588585 16560 0
-0.0776701 -0.223053 2.06436 1
0.466417 0.628592 16512 0
0.247576 0.297643 2.12915 1
0.60379 0.333627 17032 0
0.325394 0.0634956 2.11026 1
0.637635 0.46419 16880 0
0.350136 -0.161665 2.04872 1
0.652549 0.593913 16384 0
0.358561 -0.229608 2.03237 1
0.657476 0.634455 16256 0
0.0702421 -0.0681332 2.07478 1
0.530219 0.539082 16592 0
0.0658257 -0.488896 2.10662 1
0.527891 0.776199 16848 0
0.0843006 -0.793955 2.10848 1
0.535687 0.948145 16864 0
0.140083 -0.871339 2.12699 1
0.558786 0.987544 17008 0
0.185894 -0.0682504 2.06979 1
0.580166 0.539244 16552 0
0.215006 -0.407137 2.10025 1
0.591376 0.730708 16800 0
0.212472 -0.750142 2.10058 1
0.590285 0.925008 16800 0
0.185463 -0.822408 2.09783 1
0.578912 0.966563 16776 0
40
0.128586 -0.0112415 2.08358 1
0.555085 0.506421 16664 0
0.131867 0.0334574 2.13303 1
0.555182 0.481332 17064 0
0.129962 0.31635 2.14803 1
0.554004 0.324725 17184 0
0.127266 0.552458 2.1784 1
0.552147 0.198176 17424 0
-0.00444414 0.306681 2.14883 1
0.498154 0.330145 17184 0
-0.056268 0.0665184 2.1263 1
0.476379 0.462768 17008 0
-0.0759281 -0.153795 2.0693 1
0.467248 0.588453 16552 0
-0.072612 -0.224388 2.05818 1
0.46851 0.62975 16464 0
0.248749 0.298143 2.12652 1
0.604411 0.333141 17008 0
0.326487 0.0642408 2.10736 1
0.638287 0.46372 16856 0
0.352343 -0.160292 2.04573 1
0.653734 0.593251 16360 0
0.361601 -0.227396 2.02858 1
0.659108 0.633409 16224 0
0.0703438 -0.0676367 2.07264 1
0.530294 0.538837 16576 0
0.0666815 -0.488292 2.10624 1
0.528259 0.775908 16848 0
0.0843835 -0.79417 2.10847 1
0.535723 0.948269 16864 0
0.152997 -0.854638 2.12042 1
0.564404 0.979681 16960 0
0.185955 -0.0677869 2.06771 1
0.580274 0.539017 16536 0
0.215964 -0.408183 2.10095 1
0.591753 0.731224 16800 0
0.213083 -0.749597 2.10225 1
0.590473 0.924363 16816 0
0.179874 -0.828895 2.11353 1
0.575965 0.966749 16904 0
40
0.128867 -0.0105568 2.08138 1
0.555264 0.506036 16648 0
0.132094 0.0343401 2.13085 1
0.555333 0.48082 17040 0
0.130393 0.318018 2.14477 1
0.554266 0.323533 17152 0
0.127011 0.554293 2.17492 1
0.552126 0.196689 17392 0
-0.00436118 0.306936 2.14587 1
0.498186 0.329769 17160 0
-0.0549368 0.0665045 2.12296 1
0.476902 0.462718 16976 0
-0.074486 -0.153281 2.0674 1
0.467841 0.588238 16536 0
-0.0690548 -0.223368 2.05326 1
0.469981 0.62947 16424 0
0.250675 0.298636 2.12433 1
0.605328 0.332693 16992 0
0.327661 0.0647577 2.10485 1
0.63895 0.463385 16832 0
0.354828 -0.158581 2.04178 1
0.655118 0.592435 16328 0
0.364152 -0.225281 2.02369 1
0.660618 0.632487 16184 0
0.0704987 -0.067129 2.07068 1
0.530389 0.538582 16560 0
0.0676677 -0.487605 2.10588 1
0.528682 0.775567 16840 0
0.0844401 -0.794347 2.10847 1
0.535747 0.948368 16864 0
0.157959 -0.849388 2.11896 1
0.566539 0.977063 16944 0
0.186374 -0.0672612 2.06575 1
0.580531 0.538751 16520 0
0.216961 -0.410074 2.1011 1
0.59217 0.732278 16808 0
0.213498 -0.749251 2.10346 1
0.590597 0.923921 16824 0
0.176985 -0.832364 2.12241 1
0.574432 0.966741 16976 0
40
0.129283 -0.00986017 2.07943 1
0.555495 0.505643 16632 0
0.132412 0.0352587 2.12889 1
0.555517 0.480289 17024 0
0.130878 0.319772 2.14169 1
0.554546 0.322304 17128 0
0.12701 0.55625 2.17136 1
0.552211 0.195119 17368 0
-0.00423687 0.307161 2.14321 1
0.498235 0.329434 17144 0
-0.0531855 0.0664285 2.11911 1
0.477598 0.462693 16952 0
-0.0722668 -0.152629 2.06477 1
0.468759 0.587974 16512 0
-0.0660068 -0.2243 2.04947 1
0.471252 0.630251 16392 0
0.252977 0.299039 2.12255 1
0.606384 0.332327 16976 0
0.328934 0.0650765 2.10257 1
0.63964 0.463165 16816 0
0.357152 -0.156896 2.03725 1
0.656482 0.591656 16296 0
0.365537 -0.22376 2.01668 1
0.661789 0.632051 16128 0
0.0707104 -0.0666832 2.06895 1
0.530506 0.538358 16544 0
0.0685625 -0.486974 2.10558 1
0.529065 0.775249 16840 0
0.084472 -0.794503 2.10849 1
0.53576 0.948454 16864 0
0.161442 -0.843373 2.11581 1
0.568107 0.97439 16920 0
0.18707 -0.0667586 2.06394 1
0.580903 0.538495 16504 0
0.217908 -0.412105 2.10096 1
0.592578 0.733444 16800 0
0.213972 -0.749081 2.10434 1
0.59076 0.923648 16832 0
0.174698 -0.834413 2.12743 1
0.573297 0.966785 17016 0
