82 20
40
0.246275 -0.436373 2.48643 1
0.588409 0.708869 19888 0
0.24072 -0.381666 2.5319 1
0.584863 0.679403 20248 0
0.240621 -0.0702805 2.53037 1
0.58488 0.533055 20240 0
0.244767 0.13471 2.53778 1
0.58609 0.436826 20296 0
0.0811596 -0.186934 2.49176 1
0.529073 0.589284 19928 0
0.0384718 -0.40771 2.39894 1
0.514315 0.702267 19184 0
0.0912159 -0.552278 2.25577 1
0.536094 0.791377 18040 0
0.14125 -0.618913 2.26777 1
0.555596 0.824806 18136 0
0.405129 -0.197841 2.53022 1
0.642918 0.593057 20240 0
0.43968 -0.405156 2.46307 1
0.659336 0.695766 19704 0
0.36271 -0.536839 2.31841 1
0.639644 0.775579 18544 0
0.361046 -0.598087 2.3115 1
0.639419 0.807938 18488 0
0.163696 -0.506055 2.46459 1
0.559285 0.744369 19712 0
0.0944232 -0.615413 2.15096 1
0.539183 0.840508 17200 0
0.140091 -0.845927 2.13373 1
0.558604 0.97183 17064 0
0.150593 -0.877793 2.05114 1
0.565533 1.00932 16408 0
0.330424 -0.510866 2.48479 1
0.618696 0.744687 19872 0
0.406945 -0.601891 2.1672 1
0.667606 0.83053 17336 0
0.40532 -0.836322 2.12803 1
0.67001 0.967722 17024 0
0.415337 -0.869566 2.04445 1
0.681333 1.0062 16352 0
40
0.246289 -0.436373 2.48633 1
0.588418 0.708877 19888 0
0.24071 -0.381673 2.53182 1
0.584862 0.679412 20248 0
0.240558 -0.0703382 2.53032 1
0.584859 0.533083 20240 0
0.244722 0.134718 2.53771 1
0.586076 0.436821 20296 0
0.0811266 -0.186947 2.49172 1
0.529062 0.589292 19928 0
0.0384509 -0.407796 2.39891 1
0.514307 0.702312 19184 0
0.0914134 -0.552431 2.25585 1
0.53617 0.791447 18040 0
0.141411 -0.619057 2.26773 1
0.55566 0.824887 18136 0
0.40505 -0.197769 2.53012 1
0.642896 0.593027 20240 0
0.439672 -0.405163 2.46305 1
0.659334 0.695772 19704 0
0.362853 -0.537266 2.31865 1
0.639685 0.77577 18544 0
0.361303 -0.598526 2.31172 1
0.639505 0.808134 18488 0
0.16374 -0.506112 2.46449 1
0.559304 0.744406 19712 0
0.0943388 -0.615511 2.15096 1
0.539148 0.840562 17200 0
0.140279 -0.845918 2.13421 1
0.558669 0.971719 17072 0
0.150661 -0.877878 2.05141 1
0.565554 1.0093 16408 0
0.33049 -0.510843 2.48469 1
0.618724 0.744686 19872 0
0.406931 -0.601899 2.16716 1
0.667604 0.830541 17336 0
0.405381 -0.83628 2.12827 1
0.670016 0.967647 17024 0
0.415364 -0.869556 2.04469 1
0.681324 1.00613 16352 0
40
0.246303 -0.436375 2.48624 1
0.588426 0.708886 19888 0
0.240701 -0.381682 2.53176 1
0.584861 0.679421 20248 0
0.240502 -0.0703916 2.53028 1
0.584841 0.533109 20240 0
0.244686 0.134724 2.53766 1
0.586066 0.436816 20296 0
0.0810977 -0.186962 2.49168 1
0.529052 0.5893 19928 0
0.0384347 -0.40787 2.3989 1
0.514301 0.70235 19184 0
0.0916437 -0.552649 2.25604 1
0.536258 0.791538 18048 0
0.141589 -0.619233 2.26774 1
0.55573 0.824977 18136 0
0.404982 -0.197714 2.53004 1
0.642877 0.593004 20240 0
0.439662 -0.405189 2.46303 1
0.659332 0.695785 19704 0
0.362995 -0.537479 2.31867 1
0.639738 0.775877 18544 0
0.361524 -0.598791 2.31179 1
0.639586 0.808262 18488 0
0.163784 -0.506167 2.4644 1
0.559322 0.744442 19712 0
0.0942579 -0.615588 2.15096 1
0.539115 0.840604 17200 0
0.14048 -0.845866 2.13475 1
0.558738 0.971571 17072 0
0.150739 -0.87794 2.05173 1
0.565578 1.00926 16408 0
0.330552 -0.510825 2.48459 1
0.618751 0.744686 19872 0
0.406917 -0.601905 2.16712 1
0.667601 0.83055 17336 0
0.40543 -0.836241 2.12844 1
0.670023 0.967586 17024 0
0.41539 -0.869541 2.04488 1
0.681319 1.00608 16352 0
40
0.246316 -0.436377 2.48615 1
0.588434 0.708894 19888 0
0.240693 -0.381692 2.5317 1
0.58486 0.67943 20248 0
0.240456 -0.0704613 2.53024 1
0.584826 0.533142 20240 0
0.244653 0.134725 2.5376 1
0.586056 0.436815 20296 0
0.0810703 -0.18698 2.49165 1
0.529042 0.58931 19928 0
0.0384221 -0.407937 2.39889 1
0.514296 0.702384 19184 0
0.0918898 -0.552836 2.25622 1
0.536353 0.791613 18048 0
0.141781 -0.619394 2.26777 1
0.555805 0.825058 18136 0
0.404927 -0.19767 2.52998 1
0.642861 0.592986 20232 0
0.439653 -0.40523 2.46302 1
0.659329 0.695806 19704 0
0.363167 -0.537629 2.31861 1
0.639808 0.77596 18544 0
0.361733 -0.598993 2.3118 1
0.639666 0.808364 18488 0
0.163824 -0.506217 2.46431 1
0.559338 0.744475 19712 0
0.0941549 -0.615624 2.15096 1
0.539072 0.840624 17200 0
0.139055 -0.845877 2.13307 1
0.558188 0.971947 17064 0
0.15001 -0.878091 2.05098 1
0.565285 1.00953 16400 0
0.330608 -0.510811 2.4845 1
0.618776 0.744688 19872 0
0.406904 -0.60191 2.16709 1
0.667598 0.830558 17336 0
0.405479 -0.836192 2.12863 1
0.670029 0.967518 17024 0
0.415419 -0.869517 2.04507 1
0.681314 1.00601 16360 0
40
0.246332 -0.436382 2.48607 1
0.588443 0.708904 19888 0
0.240688 -0.381704 2.53164 1
0.584861 0.679439 20248 0
0.240405 -0.0705705 2.53017 1
0.58481 0.533195 20240 0
0.244628 0.134714 2.53744 1
0.586053 0.436816 20296 0
0.0810504 -0.186999 2.49162 1
0.529035 0.58932 19928 0
0.0384144 -0.407992 2.39889 1
0.514293 0.702412 19184 0
0.0920829 -0.552989 2.25637 1
0.536427 0.791674 18048 0
0.141944 -0.619533 2.26779 1
0.555869 0.825128 18136 0
0.404893 -0.197639 2.52993 1
0.642852 0.592973 20232 0
0.439651 -0.405279 2.46302 1
0.659329 0.69583 19704 0
0.363381 -0.537647 2.3184 1
0.639903 0.775995 18544 0
0.36193 -0.599108 2.31174 1
0.639746 0.808432 18488 0
0.163867 -0.506269 2.46423 1
0.559356 0.744508 19712 0
0.0940455 -0.615646 2.15097 1
0.539026 0.840635 17200 0
0.138694 -0.845816 2.13276 1
0.558046 0.971984 17056 0
0.149784 -0.878137 2.05084 1
0.565191 1.00959 16400 0
0.330665 -0.5108 2.48442 1
0.6188 0.744691 19872 0
0.406891 -0.601914 2.16706 1
0.667595 0.830565 17336 0
0.405521 -0.836147 2.12877 1
0.670036 0.967463 17024 0
0.415446 -0.869494 2.04523 1
0.681312 1.00596 16360 0
40
0.246355 -0.436391 2.48599 1
0.588454 0.708915 19880 0
0.240687 -0.38172 2.53157 1
0.584863 0.679451 20248 0
0.24037 -0.0707111 2.53006 1
0.584801 0.533262 20240 0
0.244638 0.134706 2.53718 1
0.586065 0.436813 20296 0
0.08104 -0.187013 2.49159 1
0.529032 0.589328 19928 0
0.0384091 -0.408043 2.39888 1
0.514292 0.702437 19184 0
0.0921733 -0.553144 2.2565 1
0.536461 0.79174 18048 0
0.14204 -0.619666 2.26781 1
0.555906 0.825195 18136 0
0.404866 -0.197616 2.52988 1
0.642845 0.592964 20232 0
0.43965 -0.405332 2.46302 1
0.659328 0.695855 19704 0
0.363522 -0.537648 2.31825 1
0.639967 0.776013 18544 0
0.362121 -0.599178 2.31164 1
0.639826 0.808481 18488 0
0.163918 -0.506324 2.46415 1
0.559376 0.744542 19712 0
0.0939312 -0.615652 2.15098 1
0.538979 0.840637 17200 0
0.138512 -0.845762 2.13262 1
0.557973 0.971985 17056 0
0.149673 -0.87816 2.05078 1
0.565145 1.00962 16400 0
0.330723 -0.510793 2.48434 1
0.618825 0.744696 19872 0
0.406872 -0.601919 2.16703 1
0.66759 0.830572 17336 0
0.405555 -0.836112 2.12886 1
0.670042 0.967423 17024 0
0.415473 -0.869473 2.04535 1
0.681313 1.00592 16360 0
40
0.246382 -0.436407 2.4859 1
0.588467 0.70893 19880 0
0.240694 -0.381739 2.5315 1
0.584868 0.679466 20248 0
0.240339 -0.0709679 2.52975 1
0.584801 0.533387 20232 0
0.244778 0.134603 2.5366 1
0.586134 0.436847 20288 0
0.0810449 -0.187035 2.49152 1
0.529035 0.589341 19928 0
0.0384064 -0.40809 2.39888 1
0.514291 0.70246 19184 0
0.0919304 -0.553496 2.25669 1
0.536361 0.7919 18048 0
0.141985 -0.619897 2.26785 1
0.555883 0.825311 18136 0
0.404848 -0.197616 2.52977 1
0.642845 0.592968 20232 0
0.439657 -0.405404 2.46301 1
0.659331 0.69589 19704 0
0.363675 -0.537453 2.31783 1
0.640051 0.775964 18536 0
0.362269 -0.599178 2.31148 1
0.639893 0.808502 18488 0
0.16397 -0.506382 2.46408 1
0.559397 0.744577 19712 0
0.0938201 -0.615646 2.15099 1
0.538932 0.840631 17200 0
0.138383 -0.845691 2.13252 1
0.557922 0.971966 17056 0
0.149588 -0.878173 2.05074 1
0.565109 1.00964 16400 0
0.330788 -0.510793 2.48426 1
0.618852 0.744704 19872 0
0.406847 -0.601929 2.16699 1
0.667582 0.830582 17328 0
0.405589 -0.83608 2.12894 1
0.67005 0.967387 17024 0
0.415499 -0.869456 2.04546 1
0.681314 1.00588 16360 0
40
0.24641 -0.436432 2.48581 1
0.58848 0.70895 19880 0
0.240705 -0.381758 2.5314 1
0.584875 0.679482 20248 0
0.240326 -0.0713746 2.52882 1
0.584828 0.533591 20224 0
0.245297 0.134303 2.53506 1
0.586369 0.436949 20280 0
0.0810875 -0.187043 2.49136 1
0.529052 0.589351 19928 0
0.0384068 -0.408126 2.39888 1
0.514291 0.702478 19184 0
0.0914588 -0.55392 2.2569 1
0.536172 0.792097 18048 0
0.141817 -0.620173 2.26789 1
0.555816 0.825449 18136 0
0.404857 -0.197673 2.52948 1
0.642865 0.593006 20232 0
0.439684 -0.4055 2.463 1
0.659342 0.695938 19704 0
0.363765 -0.537311 2.31753 1
0.640103 0.775926 18536 0
0.362399 -0.59913 2.31127 1
0.639955 0.808505 18488 0
0.164018 -0.506439 2.46401 1
0.559416 0.744612 19712 0
0.093717 -0.615633 2.15101 1
0.538889 0.840621 17208 0
0.138307 -0.845589 2.13251 1
0.55789 0.971912 17056 0
0.149521 -0.878176 2.05073 1
0.56508 1.00964 16400 0
0.330846 -0.510804 2.48418 1
0.618877 0.744717 19872 0
0.406808 -0.601942 2.16696 1
0.667569 0.830596 17328 0
0.405621 -0.836052 2.12901 1
0.670058 0.967357 17032 0
0.41552 -0.869445 2.04556 1
0.681315 1.00585 16360 0
40
0.246477 -0.436492 2.48567 1
0.588509 0.70899 19880 0
0.240762 -0.381793 2.53123 1
0.584901 0.679511 20248 0
0.240463 -0.0719924 2.52688 1
0.584941 0.533907 20208 0
0.246306 0.133743 2.53236 1
0.586817 0.437145 20256 0
0.0812673 -0.187131 2.49082 1
0.529122 0.589412 19920 0
0.0384122 -0.408168 2.39888 1
0.514293 0.702499 19184 0
0.0907986 -0.554439 2.25707 1
0.535908 0.792349 18056 0
0.141538 -0.620518 2.26793 1
0.555706 0.825625 18136 0
0.404902 -0.197849 2.52863 1
0.642928 0.59312 20224 0
0.439737 -0.405615 2.46297 1
0.659363 0.695996 19696 0
0.36386 -0.537172 2.31724 1
0.640157 0.775889 18536 0
0.362534 -0.599072 2.31104 1
0.640021 0.808506 18488 0
0.164106 -0.506531 2.46395 1
0.559449 0.744662 19704 0
0.0936236 -0.615618 2.15104 1
0.53885 0.840609 17208 0
0.137832 -0.845438 2.13183 1
0.55771 0.971979 17048 0
0.149166 -0.878199 2.05035 1
0.564937 1.00975 16400 0
0.330932 -0.510834 2.48409 1
0.618912 0.74474 19872 0
0.406761 -0.601957 2.16691 1
0.667553 0.830611 17328 0
0.405651 -0.836024 2.12904 1
0.670068 0.967334 17032 0
0.415536 -0.869437 2.04562 1
0.681317 1.00583 16360 0
40
0.246556 -0.43657 2.48551 1
0.588543 0.70904 19880 0
0.240865 -0.381824 2.53097 1
0.584945 0.679543 20240 0
0.24111 -0.0727692 2.52355 1
0.585282 0.534319 20184 0
0.247501 0.1331 2.52749 1
0.587406 0.437327 20216 0
0.0815698 -0.187227 2.48979 1
0.529243 0.589495 19912 0
0.038415 -0.408219 2.39885 1
0.514294 0.702526 19184 0
0.0901061 -0.554968 2.25717 1
0.535632 0.792615 18056 0
0.141209 -0.62089 2.26793 1
0.555576 0.825819 18136 0
0.405098 -0.19815 2.5268 1
0.643101 0.593329 20208 0
0.439799 -0.405742 2.46292 1
0.659389 0.696061 19696 0
0.353352 -0.524274 2.31215 1
0.63641 0.769858 18496 0
0.357652 -0.593022 2.30859 1
0.638282 0.805715 18464 0
0.164193 -0.506631 2.4639 1
0.559482 0.744716 19704 0
0.0935383 -0.6156 2.15107 1
0.538814 0.840594 17208 0
0.137728 -0.845332 2.13175 1
0.557669 0.971936 17048 0
0.149058 -0.878204 2.0503 1
0.564892 1.00976 16400 0
0.331021 -0.510874 2.484 1
0.618948 0.744768 19872 0
0.406692 -0.601976 2.16686 1
0.667529 0.830629 17328 0
0.40568 -0.835997 2.12907 1
0.670078 0.967314 17032 0
0.415546 -0.869433 2.04567 1
0.681317 1.00582 16360 0
40
0.24669 -0.436712 2.48525 1
0.588601 0.709131 19880 0
0.241114 -0.381885 2.53038 1
0.585053 0.679614 20240 0
0.242143 -0.0738718 2.51866 1
0.585814 0.534906 20144 0
0.248761 0.132373 2.52093 1
0.588079 0.437507 20160 0
0.0820794 -0.187456 2.48782 1
0.529449 0.589675 19896 0
0.0383869 -0.408321 2.39871 1
0.514284 0.702589 19184 0
0.0895312 -0.555511 2.25717 1
0.535405 0.792902 18056 0
0.140903 -0.621298 2.26789 1
0.555456 0.82604 18136 0
0.405519 -0.198649 2.52316 1
0.643456 0.593699 20184 0
0.439946 -0.406009 2.46275 1
0.659453 0.696204 19696 0
0.349599 -0.519866 2.31025 1
0.635072 0.767809 18480 0
0.353469 -0.588136 2.30646 1
0.636792 0.803476 18448 0
0.164297 -0.506765 2.46383 1
0.559521 0.744787 19704 0
0.0934454 -0.615568 2.15109 1
0.538775 0.840572 17208 0
0.13759 -0.845221 2.13163 1
0.557614 0.971902 17048 0
0.148875 -0.878206 2.05022 1
0.564815 1.00979 16400 0
0.331142 -0.510944 2.48389 1
0.618997 0.744813 19864 0
0.406583 -0.602012 2.16677 1
0.667491 0.830663 17328 0
0.405702 -0.835979 2.12909 1
0.670085 0.967299 17032 0
0.415546 -0.869439 2.04572 1
0.681312 1.00581 16360 0
40
0.246928 -0.436896 2.48479 1
0.588702 0.709257 19872 0
0.241638 -0.381905 2.52914 1
0.58528 0.679711 20232 0
0.243602 -0.0751134 2.51236 1
0.586547 0.535582 20096 0
0.250065 0.131548 2.51307 1
0.588818 0.437702 20104 0
0.0827785 -0.187693 2.48494 1
0.529734 0.589893 19872 0
0.0383189 -0.408436 2.39846 1
0.51426 0.702668 19184 0
0.0888434 -0.556099 2.25709 1
0.535134 0.793222 18056 0
0.140504 -0.621756 2.2678 1
0.555302 0.826293 18136 0
0.406328 -0.199183 2.51827 1
0.644022 0.594133 20144 0
0.440295 -0.406571 2.4623 1
0.659609 0.696511 19696 0
0.373129 -0.538409 2.31137 1
0.644093 0.777227 18488 0
0.362745 -0.594768 2.30619 1
0.640398 0.806935 18448 0
0.164417 -0.506915 2.46376 1
0.559566 0.744867 19704 0
0.0933624 -0.615533 2.15111 1
0.53874 0.840551 17208 0
0.137312 -0.845095 2.13153 1
0.5575 0.971854 17048 0
0.148506 -0.878234 2.05015 1
0.564656 1.00982 16400 0
0.33134 -0.511044 2.4837 1
0.619077 0.74488 19864 0
0.406445 -0.60206 2.16661 1
0.667446 0.830713 17328 0
0.405732 -0.83596 2.12911 1
0.670097 0.967284 17032 0
0.415543 -0.869454 2.04578 1
0.681305 1.0058 16360 0
40
0.247376 -0.437155 2.48398 1
0.588892 0.70945 19864 0
0.242628 -0.381809 2.52666 1
0.585713 0.679843 20208 0
0.245435 -0.0762903 2.50356 1
0.587505 0.536266 20024 0
0.251768 0.131209 2.50461 1
0.589725 0.437653 20032 0
0.083683 -0.18797 2.4802 1
0.530116 0.590197 19840 0
0.0381759 -0.408744 2.39768 1
0.514212 0.702887 19176 0
0.0883522 -0.556661 2.2566 1
0.534948 0.793582 18048 0
0.140195 -0.622218 2.26747 1
0.555188 0.826583 18136 0
0.407503 -0.199634 2.51191 1
0.644804 0.594585 20088 0
0.440924 -0.407538 2.46132 1
0.6599 0.697057 19688 0
0.379467 -0.543938 2.31135 1
0.646542 0.780077 18488 0
0.369978 -0.600954 2.30592 1
0.643214 0.810162 18440 0
0.164608 -0.507126 2.46362 1
0.559639 0.744983 19704 0
0.0932555 -0.615479 2.1511 1
0.538696 0.840522 17208 0
0.136596 -0.844884 2.13087 1
0.557218 0.971881 17040 0
0.147808 -0.878308 2.04974 1
0.564365 1.00996 16392 0
0.331692 -0.511198 2.48339 1
0.619219 0.744984 19864 0
0.406264 -0.602148 2.16635 1
0.667392 0.830801 17328 0
0.405758 -0.835951 2.12913 1
0.670106 0.967274 17032 0
0.415532 -0.8695 2.04586 1
0.681294 1.00581 16360 0
40
0.248164 -0.437521 2.48258 1
0.589226 0.709744 19856 0
0.244134 -0.38158 2.52222 1
0.586397 0.68005 20176 0
0.247615 -0.0776134 2.4923 1
0.588681 0.537062 19936 0
0.253286 0.130432 2.49192 1
0.590726 0.437706 19928 0
0.0854474 -0.189183 2.46933 1
0.530887 0.591179 19752 0
0.0376254 -0.409557 2.39545 1
0.51402 0.70348 19160 0
0.0869194 -0.557618 2.25408 1
0.534419 0.794416 18032 0
0.139333 -0.622973 2.26604 1
0.554883 0.827186 18128 0
0.40937 -0.200085 2.5035 1
0.645956 0.595117 20024 0
0.442272 -0.409212 2.45935 1
0.660518 0.698025 19672 0
0.384989 -0.550543 2.3112 1
0.648684 0.783495 18488 0
0.374996 -0.606173 2.30554 1
0.64518 0.812908 18440 0
0.16496 -0.507475 2.4633 1
0.559774 0.745182 19704 0
0.0930599 -0.615404 2.15103 1
0.538616 0.840492 17208 0
0.134468 -0.844744 2.13076 1
0.55633 0.971829 17040 0
0.146329 -0.878551 2.0497 1
0.563723 1.01012 16392 0
0.33228 -0.511425 2.4829 1
0.619454 0.745141 19856 0
0.405986 -0.60233 2.1659 1
0.667311 0.83097 17320 0
0.405791 -0.835962 2.12916 1
0.670117 0.967273 17032 0
0.415552 -0.869623 2.04599 1
0.681291 1.00585 16360 0
40
0.24928 -0.438096 2.4804 1
0.589706 0.710204 19840 0
0.246021 -0.381362 2.51511 1
0.587311 0.680457 20120 0
0.249079 -0.08002 2.47646 1
0.589776 0.538456 19808 0
0.25513 0.128109 2.47538 1
0.591997 0.438407 19800 0
0.087909 -0.191543 2.45185 1
0.532003 0.592975 19608 0
0.0367241 -0.411041 2.39149 1
0.513707 0.704555 19128 0
0.0810839 -0.560099 2.24773 1
0.532199 0.79656 17976 0
0.135907 -0.624745 2.26233 1
0.553622 0.828655 18096 0
0.411742 -0.200931 2.49193 1
0.647483 0.595963 19928 0
0.446018 -0.413947 2.45437 1
0.662206 0.700723 19632 0
0.386911 -0.55579 2.31025 1
0.649488 0.786315 18480 0
0.377605 -0.610721 2.30466 1
0.646246 0.815376 18432 0
0.165555 -0.508082 2.46266 1
0.560006 0.74554 19696 0
0.0927326 -0.615338 2.1508 1
0.538485 0.840492 17200 0
0.13317 -0.844611 2.13107 1
0.555778 0.971684 17048 0
0.172505 -0.851253 2.1485 1
0.571667 0.971536 17184 0
0.333093 -0.511753 2.48223 1
0.619778 0.745364 19856 0
0.40561 -0.602626 2.16525 1
0.667207 0.831232 17320 0
0.405844 -0.836021 2.12925 1
0.670132 0.967286 17032 0
0.415634 -0.869907 2.04627 1
0.681302 1.00594 16368 0
40
0.250817 -0.438737 2.4772 1
0.590375 0.710783 19816 0
0.248578 -0.380943 2.50535 1
0.588562 0.68096 20040 0
0.250735 -0.0819549 2.45931 1
0.591003 0.53966 19672 0
0.257367 0.126755 2.45704 1
0.593496 0.438603 19656 0
0.0905801 -0.19285 2.43557 1
0.533196 0.594235 19480 0
0.0347653 -0.414295 2.38367 1
0.513018 0.70685 19064 0
0.0792659 -0.563432 2.24224 1
0.531554 0.799055 17936 0
0.134292 -0.627287 2.25841 1
0.553077 0.830565 18064 0
0.415532 -0.201656 2.47537 1
0.649837 0.596953 19800 0
0.449583 -0.418187 2.44925 1
0.663844 0.703203 19592 0
0.388247 -0.559023 2.30955 1
0.650049 0.788068 18472 0
0.379589 -0.614933 2.30363 1
0.647081 0.817693 18424 0
0.166401 -0.508886 2.46158 1
0.560339 0.746036 19688 0
0.0922099 -0.615308 2.15034 1
0.538276 0.840548 17200 0
0.131977 -0.844535 2.13134 1
0.555272 0.971583 17048 0
0.184509 -0.838192 2.18727 1
0.575296 0.956073 17496 0
0.334243 -0.51212 2.48128 1
0.620237 0.745634 19848 0
0.405199 -0.603019 2.16436 1
0.667106 0.831585 17312 0
0.405817 -0.836107 2.12933 1
0.670115 0.967317 17032 0
0.415554 -0.87032 2.04658 1
0.681239 1.00611 16368 0
40
0.252788 -0.439216 2.47193 1
0.591279 0.711463 19768 0
0.251435 -0.379985 2.49216 1
0.590054 0.68146 19936 0
0.253138 -0.0832186 2.43835 1
0.592665 0.540618 19504 0
0.25965 0.126492 2.43604 1
0.595139 0.438203 19488 0
0.092072 -0.194408 2.4186 1
0.53398 0.595663 19344 0
0.0323055 -0.417069 2.37204 1
0.512156 0.709256 18976 0
0.0793606 -0.568228 2.23863 1
0.531643 0.802088 17904 0
0.133748 -0.630905 2.25533 1
0.552934 0.832925 18040 0
0.419202 -0.202534 2.45749 1
0.65226 0.598084 19656 0
0.452676 -0.421985 2.44378 1
0.66534 0.705507 19544 0
0.389853 -0.562619 2.30825 1
0.650755 0.790085 18464 0
0.382627 -0.620287 2.30174 1
0.64838 0.820723 18408 0
0.167366 -0.509839 2.45989 1
0.56073 0.746666 19672 0
0.0913252 -0.615363 2.14942 1
0.537925 0.840724 17192 0
0.131358 -0.844475 2.13139 1
0.555011 0.971537 17048 0
0.161156 -0.860339 2.12521 1
0.567686 0.981794 17000 0
0.335989 -0.512414 2.4793 1
0.620962 0.745971 19832 0
0.40464 -0.603826 2.1625 1
0.667019 0.832314 17296 0
0.405319 -0.836501 2.12969 1
0.669877 0.967458 17032 0
0.415037 -0.871221 2.04726 1
0.680954 1.00646 16376 0
40
0.255017 -0.439292 2.46539 1
0.592329 0.712061 19720 0
0.25418 -0.378823 2.47885 1
0.591526 0.681877 19824 0
0.25561 -0.0851588 2.4188 1
0.594326 0.541901 19344 0
0.263164 0.120736 2.40098 1
0.597835 0.440153 19200 0
0.093896 -0.195354 2.40232 1
0.534888 0.59678 19216 0
0.0306077 -0.418448 2.36061 1
0.511573 0.710965 18880 0
0.0798298 -0.573094 2.23597 1
0.531868 0.805036 17880 0
0.133463 -0.634871 2.25264 1
0.552884 0.835419 18016 0
0.42251 -0.203068 2.44043 1
0.654534 0.59903 19520 0
0.457695 -0.425555 2.43568 1
0.667729 0.707935 19480 0
0.391356 -0.565813 2.30593 1
0.651489 0.792025 18440 0
0.385558 -0.624929 2.29879 1
0.649707 0.823537 18384 0
0.168471 -0.510631 2.45784 1
0.561182 0.747256 19656 0
0.0902683 -0.615506 2.1483 1
0.537505 0.840981 17184 0
0.130645 -0.844464 2.13146 1
0.55471 0.971516 17048 0
0.147007 -0.873598 2.09068 1
0.562763 0.997298 16720 0
0.33831 -0.512513 2.47596 1
0.621962 0.74635 19800 0
0.404021 -0.605148 2.15944 1
0.667 0.833512 17272 0
0.403458 -0.837433 2.13031 1
0.669048 0.967843 17040 0
0.413581 -0.87275 2.04824 1
0.680233 1.00711 16384 0
40
0.258579 -0.438679 2.4564 1
0.593961 0.71254 19648 0
0.258027 -0.377386 2.4638 1
0.593479 0.682294 19704 0
0.260056 -0.0907791 2.39258 1
0.597018 0.545156 19136 0
0.265774 0.116785 2.37461 1
0.599902 0.441469 18992 0
0.0950537 -0.196161 2.37646 1
0.535702 0.598237 19008 0
0.0307092 -0.420384 2.34771 1
0.511676 0.713105 18776 0
0.0807652 -0.577982 2.22696 1
0.532372 0.808883 17808 0
0.133319 -0.639308 2.24539 1
0.552997 0.838852 17960 0
0.4268 -0.202364 2.4175 1
0.657583 0.599623 19336 0
0.462951 -0.428588 2.42711 1
0.670255 0.710157 19416 0
0.392663 -0.568684 2.30254 1
0.652218 0.793939 18416 0
0.388142 -0.628924 2.29501 1
0.650959 0.826142 18360 0
0.170681 -0.511387 2.45406 1
0.562081 0.748004 19632 0
0.0890418 -0.616343 2.14659 1
0.537025 0.841716 17168 0
0.13115 -0.844624 2.13641 1
0.554795 0.970513 17088 0
0.172986 -0.844898 2.09631 1
0.573656 0.979669 16768 0
0.341925 -0.512168 2.47117 1
0.623505 0.746663 19768 0
0.403219 -0.607334 2.1553 1
0.666989 0.835361 17240 0
0.40011 -0.839253 2.13045 1
0.667634 0.968828 17040 0
0.411201 -0.875279 2.04913 1
0.679118 1.00836 16392 0
40
0.262243 -0.438246 2.44664 1
0.595672 0.713177 19568 0
0.261781 -0.376688 2.44888 1
0.595417 0.683065 19584 0
0.262701 -0.0960178 2.36787 1
0.599028 0.54826 18936 0
0.267741 0.110765 2.33866 1
0.602189 0.443632 18704 0
0.0957238 -0.197006 2.35603 1
0.536265 0.599516 18848 0
0.032206 -0.423174 2.33524 1
0.51231 0.715665 18680 0
0.087362 -0.577584 2.2026 1
0.535403 0.812085 17616 0
0.136323 -0.64129 2.22852 1
0.554602 0.842477 17824 0
0.430216 -0.200582 2.39255 1
0.660502 0.599776 19136 0
0.468301 -0.43043 2.41633 1
0.672991 0.712002 19328 0
0.393379 -0.570858 2.29711 1
0.652857 0.79576 18376 0
0.39 -0.631941 2.28964 1
0.652038 0.828475 18312 0
0.173719 -0.512266 2.4489 1
0.563318 0.748952 19584 0
0.0876105 -0.617843 2.14418 1
0.536471 0.842934 17152 0
0.131207 -0.845271 2.1404 1
0.554716 0.969995 17120 0
0.187989 -0.818246 2.10745 1
0.579621 0.962081 16856 0
0.345709 -0.511782 2.46567 1
0.62515 0.747026 19720 0
0.402528 -0.610105 2.15047 1
0.667077 0.837648 17200 0
0.39633 -0.841558 2.1304 1
0.666054 0.970127 17040 0
0.407953 -0.878672 2.05005 1
0.677623 1.0101 16400 0
40
0.266564 -0.436749 2.43283 1
0.597801 0.713655 19456 0
0.265646 -0.375583 2.43144 1
0.59752 0.683838 19448 0
0.264647 -0.099274 2.34805 1
0.600604 0.550318 18784 0
0.269849 0.106469 2.31205 1
0.604178 0.445195 18496 0
0.0970511 -0.197141 2.33258 1
0.537138 0.600585 18656 0
0.0342346 -0.425405 2.31916 1
0.513176 0.718305 18552 0
0.0771253 -0.578388 2.12238 1
0.532436 0.824332 16976 0
0.126086 -0.64478 2.14112 1
0.552563 0.858397 17128 0
0.433998 -0.197623 2.36673 1
0.663679 0.599376 18928 0
0.475183 -0.429687 2.39466 1
0.677121 0.71355 19152 0
0.392977 -0.573447 2.29119 1
0.653095 0.797869 18328 0
0.390596 -0.635159 2.28399 1
0.652646 0.830963 18264 0
0.178302 -0.512418 2.43959 1
0.565237 0.749977 19512 0
0.0855659 -0.621008 2.13969 1
0.535695 0.845413 17112 0
0.129457 -0.847885 2.13875 1
0.554028 0.971812 17104 0
0.159468 -0.859712 2.0722 1
0.56869 0.993757 16576 0
0.350539 -0.510359 2.4562 1
0.627387 0.747289 19648 0
0.402324 -0.61465 2.14286 1
0.667585 0.841371 17136 0
0.392582 -0.844939 2.12874 1
0.664612 0.972384 17024 0
0.404711 -0.882808 2.04984 1
0.67623 1.01255 16392 0
40
0.273553 -0.433719 2.41428 1
0.601136 0.713803 19312 0
0.271955 -0.373446 2.40986 1
0.60073 0.684429 19272 0
0.269428 -0.102211 2.32052 1
0.603636 0.552421 18560 0
0.272742 0.103802 2.28824 1
0.606391 0.446012 18304 0
0.0991631 -0.195785 2.30513 1
0.538398 0.601082 18440 0
0.036903 -0.42583 2.30246 1
0.514306 0.720108 18416 0
0.0695304 -0.578395 2.07354 1
0.529931 0.831975 16584 0
0.12108 -0.646229 2.10094 1
0.551441 0.866071 16800 0
0.437609 -0.195318 2.34234 1
0.66676 0.59924 18736 0
0.478387 -0.428317 2.37715 1
0.679629 0.714437 19016 0
0.391763 -0.57528 2.28173 1
0.653254 0.80006 18248 0
0.390326 -0.63754 2.27504 1
0.653141 0.833512 18200 0
0.185791 -0.511442 2.42495 1
0.568387 0.751007 19392 0
0.082901 -0.625945 2.13328 1
0.534687 0.849205 17064 0
0.127399 -0.851825 2.13586 1
0.553241 0.974647 17080 0
0.14445 -0.884243 2.05479 1
0.562749 1.01215 16432 0
0.359286 -0.506424 2.44057 1
0.631402 0.746954 19520 0
0.402153 -0.621642 2.13185 1
0.668379 0.847038 17048 0
0.388772 -0.850285 2.12505 1
0.663297 0.976198 17000 0
0.401397 -0.888627 2.04845 1
0.674905 1.01628 16384 0
40
0.279329 -0.429812 2.39812 1
0.603968 0.713304 19184 0
0.277127 -0.37031 2.39155 1
0.603432 0.68428 19128 0
0.272274 -0.101545 2.29937 1
0.605694 0.552559 18392 0
0.27545 0.103822 2.26111 1
0.608736 0.445354 18088 0
0.100611 -0.192774 2.28488 1
0.539304 0.60041 18272 0
0.0395461 -0.424589 2.28636 1
0.515439 0.721013 18288 0
0.067297 -0.578565 2.0561 1
0.529215 0.834889 16448 0
0.118799 -0.646916 2.08197 1
0.550932 0.869799 16648 0
0.440731 -0.190707 2.32005 1
0.669563 0.597828 18560 0
0.47943 -0.423771 2.35817 1
0.68147 0.713869 18864 0
0.389885 -0.574879 2.26802 1
0.653442 0.801662 18144 0
0.389226 -0.637609 2.26184 1
0.653601 0.835495 18088 0
0.192369 -0.509232 2.41169 1
0.571198 0.751297 19288 0
0.0811141 -0.631575 2.12736 1
0.534034 0.853326 17016 0
0.126408 -0.855407 2.13515 1
0.552844 0.9768 17080 0
0.144496 -0.822338 2.11912 1
0.560863 0.961836 16952 0
0.366994 -0.501107 2.42498 1
0.635084 0.745931 19392 0
0.402587 -0.628172 2.12154 1
0.66938 0.852387 16968 0
0.384814 -0.856626 2.11834 1
0.662147 0.981269 16944 0
0.397663 -0.895304 2.045 1
0.673571 1.02104 16352 0
40
0.283951 -0.423341 2.38204 1
0.606402 0.711512 19056 0
0.2812 -0.364674 2.37362 1
0.605745 0.682847 18984 0
0.274067 -0.0975975 2.27798 1
0.607389 0.55099 18216 0
0.278073 0.106988 2.24149 1
0.610733 0.443194 17928 0
0.102332 -0.187278 2.26456 1
0.540335 0.598423 18112 0
0.0453303 -0.415869 2.2587 1
0.517914 0.719124 18064 0
0.0672068 -0.596988 2.04058 1
0.529398 0.84818 16320 0
0.118097 -0.657632 2.06429 1
0.551065 0.879145 16512 0
0.443416 -0.183961 2.29844 1
0.672199 0.595254 18384 0
0.478522 -0.414769 2.33559 1
0.682877 0.71135 18680 0
0.387441 -0.570349 2.2478 1
0.653852 0.801978 17976 0
0.387321 -0.633393 2.24192 1
0.654207 0.836236 17928 0
0.198574 -0.502984 2.39724 1
0.573937 0.749709 19176 0
0.0797151 -0.636352 2.12255 1
0.533522 0.856806 16976 0
0.123452 -0.859686 2.1358 1
0.551593 0.979039 17080 0
0.134925 -0.806068 2.12251 1
0.556741 0.951975 16976 0
0.372536 -0.494291 2.41006 1
0.637973 0.744088 19280 0
0.403428 -0.633904 2.11288 1
0.67043 0.85706 16896 0
0.381878 -0.862464 2.11184 1
0.661405 0.98604 16888 0
0.394385 -0.90204 2.04096 1
0.67248 1.026 16320 0
40
0.287204 -0.415884 2.36766 1
0.608274 0.709047 18936 0
0.284205 -0.357501 2.35737 1
0.607611 0.680486 18856 0
0.275789 -0.0888328 2.25777 1
0.609031 0.546826 18056 0
0.2819 0.116539 2.21679 1
0.613508 0.437434 17728 0
0.103396 -0.181016 2.24804 1
0.541054 0.595831 17984 0
0.0488961 -0.409038 2.24152 1
0.519471 0.717177 17928 0
0.0675033 -0.607327 2.03369 1
0.529627 0.855411 16264 0
0.117866 -0.664955 2.05368 1
0.551228 0.885347 16424 0
0.44639 -0.175566 2.28 1
0.674757 0.591643 18232 0
0.477979 -0.40357 2.31487 1
0.684305 0.707484 18512 0
0.385628 -0.566646 2.23523 1
0.653992 0.801704 17880 0
0.385775 -0.62981 2.22943 1
0.654452 0.836208 17832 0
0.20303 -0.495901 2.38413 1
0.576012 0.747547 19072 0
0.0788424 -0.640254 2.118 1
0.533227 0.859766 16936 0
0.119556 -0.863527 2.13705 1
0.549936 0.980899 17096 0
0.132913 -0.796459 2.12918 1
0.555719 0.945188 17032 0
0.376178 -0.486837 2.39671 1
0.640098 0.741747 19168 0
0.404298 -0.63919 2.10631 1
0.67133 0.86116 16848 0
0.379227 -0.86935 2.10255 1
0.660993 0.992087 16816 0
0.391103 -0.909718 2.03464 1
0.671576 1.03212 16272 0
40
0.288488 -0.407841 2.35502 1
0.609342 0.706105 18840 0
0.285419 -0.349436 2.34308 1
0.60873 0.677489 18744 0
0.276829 -0.0774829 2.24032 1
0.610295 0.541161 17920 0
0.284913 0.131137 2.19259 1
0.615987 0.428819 17536 0
0.104806 -0.170492 2.23098 1
0.541932 0.59095 17840 0
0.052046 -0.400842 2.22691 1
0.520861 0.714222 17808 0
0.0679973 -0.612524 2.03027 1
0.529895 0.859056 16240 0
0.117826 -0.669158 2.04677 1
0.551384 0.889093 16368 0
0.449061 -0.161759 2.26256 1
0.677158 0.585087 18096 0
0.47682 -0.381909 2.29044 1
0.685818 0.698442 18320 0
0.384428 -0.559763 2.22435 1
0.654265 0.799498 17792 0
0.384681 -0.622881 2.21851 1
0.654772 0.834146 17744 0
0.205938 -0.487325 2.37168 1
0.577506 0.744543 18968 0
0.0784005 -0.64331 2.11385 1
0.533105 0.862193 16904 0
0.116566 -0.866214 2.13816 1
0.548661 0.982145 17104 0
0.131482 -0.790729 2.1332 1
0.555016 0.941153 17064 0
0.376494 -0.478416 2.38411 1
0.640957 0.738821 19072 0
0.405489 -0.644632 2.10178 1
0.672205 0.865021 16808 0
0.37813 -0.874086 2.0968 1
0.660968 0.996124 16768 0
0.389055 -0.917843 2.02762 1
0.671268 1.03873 16216 0
40
0.288834 -0.395319 2.3417 1
0.610096 0.700914 18728 0
0.285903 -0.336666 2.3282 1
0.60961 0.672096 18624 0
0.277721 -0.0603034 2.22292 1
0.611517 0.532286 17776 0
0.286758 0.14469 2.17285 1
0.617799 0.420749 17376 0
0.106913 -0.158428 2.21792 1
0.543027 0.585011 17736 0
0.0554482 -0.393706 2.21558 1
0.522339 0.711484 17720 0
0.0691802 -0.614782 2.03 1
0.530419 0.860427 16232 0
0.118099 -0.67188 2.04226 1
0.551617 0.891537 16336 0
0.452204 -0.144835 2.24766 1
0.67958 0.57669 17976 0
0.47637 -0.360767 2.26986 1
0.687327 0.689156 18152 0
0.38154 -0.537321 2.1986 1
0.654899 0.790857 17584 0
0.381648 -0.600155 2.19257 1
0.655368 0.825763 17536 0
0.208263 -0.473895 2.35891 1
0.578805 0.739091 18864 0
0.078836 -0.645144 2.11071 1
0.533339 0.863765 16880 0
0.111736 -0.868357 2.13919 1
0.546623 0.983105 17112 0
0.133424 -0.78999 2.13504 1
0.55578 0.94036 17080 0
0.374883 -0.46565 2.37044 1
0.641163 0.733788 18960 0
0.406419 -0.64849 2.099 1
0.672829 0.867691 16792 0
0.377428 -0.877478 2.09305 1
0.660957 0.998942 16744 0
0.387637 -0.923665 2.02307 1
0.671028 1.04337 16184 0
40
0.289216 -0.38245 2.33052 1
0.61077 0.695305 18640 0
0.286422 -0.323489 2.31572 1
0.610401 0.666252 18520 0
0.278421 -0.0432547 2.20878 1
0.612513 0.523306 17664 0
0.288604 0.159818 2.15659 1
0.619451 0.411804 17248 0
0.110805 -0.139229 2.20336 1
0.544888 0.575203 17624 0
0.0605111 -0.382944 2.20347 1
0.524512 0.706833 17624 0
0.071273 -0.613638 2.03196 1
0.531309 0.85941 16248 0
0.118879 -0.673323 2.03973 1
0.552022 0.892865 16312 0
0.454172 -0.129692 2.23581 1
0.681318 0.569035 17880 0
0.475627 -0.345188 2.2543 1
0.688326 0.682237 18032 0
0.380024 -0.524126 2.18496 1
0.655246 0.785486 17472 0
0.380034 -0.586823 2.17887 1
0.655685 0.820531 17424 0
0.2102 -0.460054 2.34831 1
0.579897 0.733155 18784 0
0.0798258 -0.645965 2.10817 1
0.533798 0.864666 16864 0
0.108304 -0.869175 2.14011 1
0.545171 0.983353 17120 0
0.138339 -0.793383 2.13393 1
0.557865 0.942481 17064 0
0.373598 -0.451248 2.35814 1
0.641413 0.72774 18864 0
0.406864 -0.65179 2.09775 1
0.67312 0.869782 16776 0
0.376894 -0.880305 2.09021 1
0.660947 1.00123 16720 0
0.386563 -0.928395 2.01962 1
0.670846 1.04709 16152 0
40
0.289831 -0.368484 2.31989 1
0.611514 0.689035 18552 0
0.287314 -0.308937 2.30391 1
0.611313 0.659587 18424 0
0.280081 -0.0236707 2.19585 1
0.61385 0.512829 17560 0
0.289689 0.176923 2.14233 1
0.620698 0.401714 17136 0
0.114549 -0.122335 2.19276 1
0.546629 0.566398 17536 0
0.0659812 -0.365788 2.18997 1
0.526893 0.698785 17512 0
0.0732751 -0.608228 2.03487 1
0.532142 0.855731 16272 0
0.119948 -0.672871 2.03885 1
0.552512 0.892771 16304 0
0.455753 -0.114736 2.22561 1
0.682782 0.561354 17800 0
0.474017 -0.334411 2.24307 1
0.688627 0.677431 17944 0
0.379032 -0.515492 2.18223 1
0.655035 0.781135 17456 0
0.37915 -0.580176 2.17449 1
0.655635 0.817537 17392 0
0.211966 -0.444596 2.33784 1
0.580929 0.726331 18696 0
0.0809958 -0.646309 2.10654 1
0.53432 0.865143 16848 0
0.108608 -0.869716 2.13879 1
0.545326 0.983951 17104 0
0.140661 -0.792746 2.13264 1
0.558872 0.942394 17056 0
0.372735 -0.436744 2.34691 1
0.641761 0.721474 18768 0
0.406919 -0.653995 2.0971 1
0.673198 0.871149 16776 0
0.376449 -0.882387 2.08773 1
0.660948 1.00301 16696 0
0.385625 -0.931799 2.01658 1
0.670688 1.04992 16128 0
40
0.290024 -0.355138 2.31099 1
0.612019 0.682891 18480 0
0.287789 -0.294518 2.29391 1
0.611983 0.652802 18344 0
0.281471 -0.000683575 2.18455 1
0.615007 0.500372 17472 0
0.291379 0.197527 2.1299 1
0.622111 0.389628 17032 0
0.118881 -0.103349 2.18306 1
0.548607 0.556342 17464 0
0.0722536 -0.348025 2.17785 1
0.529613 0.690185 17416 0
0.0747802 -0.597795 2.03847 1
0.532744 0.849012 16304 0
0.121279 -0.669213 2.03983 1
0.55307 0.890447 16312 0
0.456305 -0.0940518 2.2142 1
0.683947 0.550553 17712 0
0.471059 -0.320179 2.23079 1
0.688482 0.670815 17840 0
0.378692 -0.502572 2.18941 1
0.654388 0.77319 17512 0
0.378595 -0.571317 2.17646 1
0.655266 0.812405 17408 0
0.213045 -0.429123 2.32874 1
0.581659 0.719307 18624 0
0.0828803 -0.646109 2.10602 1
0.535127 0.86512 16848 0
0.144679 -0.890822 2.145 1
0.560205 0.994261 17160 0
0.171411 -0.895512 2.09922 1
0.572884 1.0077 16792 0
0.371475 -0.422848 2.33714 1
0.641872 0.715323 18696 0
0.406631 -0.654606 2.09629 1
0.673142 0.871638 16768 0
0.376082 -0.883331 2.086 1
0.660924 1.00397 16688 0
0.384904 -0.93347 2.01456 1
0.67054 1.05146 16112 0
40
0.290121 -0.331739 2.29842 1
0.612669 0.671775 18384 0
0.288568 -0.270463 2.28104 1
0.612919 0.641113 18248 0
0.284731 0.0275882 2.17489 1
0.616856 0.484903 17392 0
0.293995 0.22393 2.11847 1
0.623871 0.374199 16944 0
0.124398 -0.0810764 2.17493 1
0.551053 0.544365 17392 0
0.0808147 -0.325169 2.16541 1
0.533312 0.678715 17320 0
0.0762209 -0.584721 2.0425 1
0.533309 0.840705 16336 0
0.123031 -0.661911 2.04278 1
0.553759 0.885631 16336 0
0.456927 -0.0630103 2.20254 1
0.685173 0.534047 17616 0
0.466369 -0.29861 2.21509 1
0.687928 0.660437 17720 0
0.378745 -0.492393 2.19065 1
0.654322 0.767505 17520 0
0.378614 -0.559366 2.17871 1
0.655114 0.805555 17424 0
0.214158 -0.401091 2.31318 1
0.582638 0.70636 18504 0
0.0872115 -0.643913 2.10819 1
0.536925 0.863504 16864 0
0.163681 -0.90295 2.15092 1
0.567925 0.999611 17200 0
0.189801 -0.960526 2.08299 1
0.581333 1.0488 16656 0
0.369109 -0.400684 2.32506 1
0.641701 0.705097 18600 0
0.404423 -0.652089 2.09758 1
0.672096 0.869982 16776 0
0.375612 -0.882374 2.08523 1
0.660783 1.00361 16680 0
0.38423 -0.933967 2.01338 1
0.670341 1.05208 16104 0
40
0.290233 -0.313972 2.28882 1
0.613185 0.663257 18304 0
0.289208 -0.252202 2.27137 1
0.613652 0.632146 18168 0
0.287325 0.0498188 2.16826 1
0.618281 0.472655 17344 0
0.295836 0.246345 2.1121 1
0.625024 0.361189 16896 0
0.12922 -0.0564931 2.16944 1
0.553166 0.530991 17352 0
0.0883761 -0.302053 2.15366 1
0.536628 0.666916 17224 0
0.0779097 -0.567994 2.04717 1
0.53397 0.830204 16376 0
0.125315 -0.649626 2.04768 1
0.554626 0.877566 16376 0
0.45759 -0.0406016 2.1951 1
0.686069 0.522013 17560 0
0.461718 -0.28176 2.20314 1
0.687064 0.652205 17624 0
0.377638 -0.481236 2.18876 1
0.654004 0.76167 17504 0
0.377294 -0.546676 2.17752 1
0.654658 0.798786 17416 0
0.214882 -0.384479 2.30378 1
0.583256 0.69862 18424 0
0.0930401 -0.64054 2.11073 1
0.539345 0.861165 16880 0
0.173345 -0.910192 2.15379 1
0.571839 1.00295 17224 0
0.195806 -0.985075 2.07638 1
0.584173 1.06462 16608 0
0.367201 -0.381656 2.31413 1
0.641635 0.696281 18512 0
0.400181 -0.647346 2.10012 1
0.670085 0.866848 16800 0
0.360444 -0.916124 2.12839 1
0.651161 1.01227 17024 0
0.365904 -0.957331 2.05722 1
0.658759 1.05383 16456 0
40
0.290868 -0.29335 2.27717 1
0.614013 0.653315 18216 0
0.290134 -0.230692 2.26 1
0.614589 0.621483 18080 0
0.288829 0.0782667 2.16159 1
0.619267 0.456908 17288 0
0.296707 0.270474 2.10835 1
0.625614 0.347323 16864 0
0.134099 -0.0252007 2.1653 1
0.555279 0.513851 17320 0
0.0957755 -0.281061 2.14418 1
0.53987 0.656003 17152 0
0.0800683 -0.54982 2.05149 1
0.534837 0.818966 16408 0
0.106452 -0.615452 2.05089 1
0.54633 0.857145 16400 0
0.458511 -0.0170506 2.18909 1
0.686956 0.50927 17512 0
0.456458 -0.266109 2.19345 1
0.685749 0.644386 17544 0
0.36858 -0.451028 2.16952 1
0.651643 0.747419 17352 0
0.372216 -0.527569 2.16851 1
0.65321 0.789541 17344 0
0.216331 -0.365459 2.29203 1
0.584247 0.689763 18336 0
0.0999913 -0.635139 2.11506 1
0.542198 0.857386 16920 0
0.179218 -0.915049 2.15507 1
0.574229 1.00533 17240 0
0.199628 -1.00018 2.07195 1
0.586 1.0745 16568 0
0.366317 -0.359176 2.30012 1
0.642155 0.685845 18400 0
0.393783 -0.639697 2.10426 1
0.667036 0.861799 16832 0
0.355699 -0.928296 2.14561 1
0.647974 1.01491 17160 0
0.359272 -0.968208 2.0781 1
0.654316 1.05449 16624 0
40
0.291063 -0.26858 2.26405 1
0.61475 0.641182 18112 0
0.290741 -0.20606 2.24798 1
0.615443 0.609092 17976 0
0.290611 0.1029 2.15666 1
0.620277 0.443216 17248 0
0.29623 0.30188 2.10576 1
0.625567 0.329385 16840 0
0.13746 0.00330158 2.16134 1
0.556769 0.498182 17288 0
0.105908 -0.251942 2.13301 1
0.544319 0.640572 17064 0
0.0896475 -0.521248 2.05397 1
0.538958 0.802025 16424 0
0.0972458 -0.593257 2.05539 1
0.542231 0.843511 16440 0
0.458771 0.00640423 2.18408 1
0.687492 0.49651 17472 0
0.450116 -0.238679 2.18081 1
0.68423 0.630253 17440 0
0.375518 -0.428006 2.16105 1
0.655103 0.73571 17288 0
0.375548 -0.508416 2.16244 1
0.655015 0.779812 17296 0
0.216871 -0.339541 2.2774 1
0.584999 0.677437 18216 0
0.10878 -0.624602 2.12088 1
0.545781 0.850493 16960 0
0.182492 -0.918264 2.15545 1
0.575572 1.00702 17240 0
0.198318 -1.00744 2.06781 1
0.585606 1.07983 16536 0
0.365244 -0.335419 2.28557 1
0.64264 0.674656 18280 0
0.386511 -0.628571 2.10998 1
0.663507 0.854542 16872 0
0.353462 -0.933581 2.1524 1
0.64658 1.0162 17216 0
0.356216 -0.97318 2.08675 1
0.65237 1.05503 16688 0
40
0.291171 -0.235067 2.249 1
0.615561 0.624393 17984 0
0.290763 -0.172631 2.23448 1
0.616149 0.591946 17872 0
0.289814 0.137387 2.15284 1
0.62016 0.424051 17216 0
0.295081 0.327381 2.10577 1
0.625079 0.314973 16840 0
0.139223 0.0386701 2.15668 1
0.557621 0.478661 17248 0
0.114046 -0.22919 2.12533 1
0.547897 0.62834 17000 0
0.127158 -0.450238 2.07721 1
0.554641 0.757962 16616 0
0.118599 -0.515959 2.08518 1
0.550768 0.794485 16680 0
0.457118 0.049794 2.17672 1
0.687448 0.472775 17408 0
0.444707 -0.20496 2.16761 1
0.683125 0.612533 17336 0
0.384356 -0.395053 2.14148 1
0.660204 0.71955 17128 0
0.380876 -0.479055 2.14724 1
0.658327 0.76552 17176 0
0.217571 -0.307973 2.26182 1
0.585861 0.662049 18088 0
0.11651 -0.612872 2.1229 1
0.548988 0.843585 16976 0
0.180925 -0.918211 2.15301 1
0.575008 1.00756 17224 0
0.187406 -0.998293 2.06224 1
0.581115 1.07612 16496 0
0.365012 -0.300182 2.267 1
0.643718 0.657589 18128 0
0.378327 -0.608371 2.1215 1
0.659176 0.841285 16968 0
0.35251 -0.934914 2.15593 1
0.645946 1.0161 17240 0
0.354776 -0.975752 2.09061 1
0.651473 1.05547 16720 0
40
0.290211 -0.213215 2.23785 1
0.615754 0.613391 17896 0
0.289835 -0.150465 2.22427 1
0.61631 0.580508 17792 0
0.288884 0.161479 2.14936 1
0.619969 0.410587 17192 0
0.293218 0.356571 2.1066 1
0.62424 0.298555 16848 0
0.139867 0.0592735 2.15347 1
0.557973 0.467242 17224 0
0.119955 -0.206484 2.11772 1
0.550559 0.616041 16936 0
0.151055 -0.395872 2.09251 1
0.564435 0.725154 16736 0
0.131748 -0.467631 2.10127 1
0.555965 0.764858 16808 0
0.45629 0.0698745 2.17362 1
0.687375 0.461741 17384 0
0.441947 -0.189249 2.16089 1
0.682554 0.60423 17280 0
0.388337 -0.381354 2.13449 1
0.662394 0.712631 17072 0
0.384781 -0.461671 2.13901 1
0.660566 0.756869 17112 0
0.216656 -0.284582 2.24896 1
0.585989 0.650598 17984 0
0.127578 -0.588613 2.11961 1
0.553725 0.830496 16952 0
0.173693 -0.911432 2.14842 1
0.572163 1.00489 17184 0
0.172316 -0.976308 2.05791 1
0.57474 1.06462 16456 0
0.363893 -0.279808 2.25455 1
0.644068 0.647704 18032 0
0.372483 -0.594664 2.1287 1
0.656188 0.832468 17024 0
0.353649 -0.930858 2.15498 1
0.646482 1.01408 17232 0
0.355853 -0.975035 2.08923 1
0.652033 1.05543 16712 0
40
0.290354 -0.19102 2.23043 1
0.616197 0.601926 17840 0
0.290021 -0.128159 2.21733 1
0.616749 0.568787 17736 0
0.289223 0.18327 2.1469 1
0.620247 0.398405 17168 0
0.292088 0.380217 2.10757 1
0.623704 0.285295 16856 0
0.14009 0.0823377 2.14953 1
0.558172 0.454412 17192 0
0.124363 -0.178099 2.11049 1
0.552597 0.600432 16880 0
0.162072 -0.357401 2.09497 1
0.569053 0.703035 16752 0
0.139563 -0.434124 2.10664 1
0.559134 0.745255 16848 0
0.456057 0.0891644 2.17108 1
0.687498 0.451123 17368 0
0.440928 -0.174878 2.15585 1
0.682559 0.596541 17240 0
0.391335 -0.365558 2.1229 1
0.664541 0.704937 16976 0
0.387879 -0.442183 2.12636 1
0.662822 0.747491 17008 0
0.216665 -0.264822 2.2413 1
0.586286 0.64062 17928 0
0.135143 -0.563201 2.11671 1
0.556988 0.816661 16928 0
0.149177 -0.840786 2.12632 1
0.562622 0.970598 17008 0
0.14845 -0.889641 2.04284 1
0.564863 1.01829 16336 0
0.364076 -0.257469 2.24624 1
0.644673 0.636414 17968 0
0.367507 -0.576294 2.136 1
0.653575 0.821097 17080 0
0.357609 -0.915529 2.14735 1
0.648648 1.00741 17176 0
0.360732 -0.964038 2.0787 1
0.654898 1.05194 16624 0
40
0.292695 -0.165634 2.22638 1
0.617346 0.588541 17808 0
0.292276 -0.102582 2.21324 1
0.617874 0.555161 17704 0
0.29112 0.209609 2.14458 1
0.621167 0.383678 17152 0
0.291887 0.402888 2.10909 1
0.623531 0.272656 16872 0
0.139895 0.105332 2.14568 1
0.558196 0.441576 17160 0
0.125879 -0.151845 2.10554 1
0.553364 0.585828 16840 0
0.16955 -0.329458 2.09001 1
0.572411 0.687605 16720 0
0.147452 -0.406375 2.10532 1
0.562516 0.729722 16840 0
0.455856 0.113037 2.16897 1
0.687598 0.437976 17344 0
0.442139 -0.150371 2.14904 1
0.68364 0.583275 17192 0
0.397358 -0.345899 2.11968 1
0.667327 0.69421 16952 0
0.393183 -0.421199 2.12036 1
0.665516 0.736413 16960 0
0.219182 -0.238704 2.237 1
0.587457 0.626995 17888 0
0.140424 -0.545295 2.11424 1
0.559284 0.806952 16912 0
0.133617 -0.796538 2.11498 1
0.556391 0.948221 16912 0
0.134841 -0.839576 2.03632 1
0.559106 0.99069 16288 0
0.366607 -0.232919 2.24211 1
0.645948 0.623635 17936 0
0.365595 -0.552137 2.14022 1
0.652474 0.80703 17120 0
0.365088 -0.832467 2.12766 1
0.653161 0.965647 17016 0
0.370836 -0.878143 2.05288 1
0.66124 1.00909 16416 0
40
0.293756 -0.138505 2.22387 1
0.617905 0.574122 17784 0
0.293298 -0.0743376 2.21064 1
0.618425 0.54002 17680 0
0.292145 0.244725 2.14362 1
0.621648 0.36413 17144 0
0.292635 0.439219 2.11339 1
0.623595 0.25266 16904 0
0.140036 0.132673 2.14193 1
0.558356 0.426283 17128 0
0.124801 -0.121148 2.10075 1
0.553027 0.568633 16800 0
0.170842 -0.301426 2.07701 1
0.573419 0.672717 16616 0
0.176246 -0.362089 2.06875 1
0.576044 0.708304 16544 0
0.455766 0.138851 2.16839 1
0.687611 0.423791 17344 0
0.448203 -0.106464 2.14258 1
0.68672 0.559137 17136 0
0.408757 -0.30475 2.12186 1
0.671951 0.670931 16968 0
0.402905 -0.38385 2.1176 1
0.669829 0.71573 16936 0
0.21929 -0.211112 2.23398 1
0.587618 0.612467 17864 0
0.143281 -0.535543 2.11299 1
0.560526 0.80164 16896 0
0.128784 -0.780438 2.11308 1
0.5544 0.939557 16904 0
0.130878 -0.819646 2.03672 1
0.557357 0.978948 16288 0
0.368758 -0.205945 2.23959 1
0.646969 0.60944 17912 0
0.365036 -0.535466 2.1428 1
0.652057 0.797401 17136 0
0.368118 -0.786254 2.1179 1
0.655144 0.941826 16936 0
0.375311 -0.833914 2.04082 1
0.66415 0.986306 16320 0
40
0.29497 -0.113343 2.22237 1
0.618472 0.560697 17776 0
0.294406 -0.0493126 2.20918 1
0.618952 0.526566 17672 0
0.292919 0.269109 2.14381 1
0.62196 0.350605 17144 0
0.292525 0.465936 2.11789 1
0.623286 0.238173 16936 0
0.140406 0.15478 2.13988 1
0.558567 0.413917 17112 0
0.121218 -0.0981065 2.09673 1
0.551603 0.555686 16768 0
0.169574 -0.27691 2.05626 1
0.573609 0.66027 16448 0
0.194086 -0.343433 2.03827 1
0.584994 0.700527 16304 0
0.455753 0.170211 2.16962 1
0.687499 0.406633 17352 0
0.453806 -0.0810759 2.14017 1
0.689267 0.545085 17120 0
0.409079 -0.269622 2.10279 1
0.673646 0.6526 16816 0
0.407805 -0.337924 2.0914 1
0.674048 0.692298 16728 0
0.219852 -0.185625 2.23106 1
0.587957 0.599019 17848 0
0.145167 -0.529452 2.11237 1
0.561341 0.798297 16896 0
0.12854 -0.773413 2.11761 1
0.554181 0.934668 16936 0
0.135489 -0.816396 2.04601 1
0.559108 0.974882 16368 0
0.370822 -0.181039 2.23876 1
0.647847 0.596241 17904 0
0.364963 -0.525088 2.14427 1
0.651923 0.791437 17152 0
0.369119 -0.76961 2.11526 1
0.655761 0.933012 16920 0
0.377025 -0.816873 2.0371 1
0.665201 0.977238 16296 0
40
0.295992 -0.0916229 2.22126 1
0.618942 0.54909 17768 0
0.295365 -0.0273723 2.20834 1
0.619384 0.514752 17664 0
0.293605 0.292918 2.14585 1
0.622129 0.337543 17160 0
0.291989 0.48804 2.12274 1
0.622779 0.226377 16976 0
0.139816 0.177212 2.1391 1
0.558342 0.401405 17112 0
0.114713 -0.0719421 2.09163 1
0.548953 0.540935 16728 0
0.16463 -0.253551 2.03853 1
0.572085 0.648027 16304 0
0.199909 -0.325708 2.01756 1
0.588442 0.69213 16136 0
0.456084 0.192007 2.17091 1
0.687524 0.394739 17360 0
0.459721 -0.0623702 2.139 1
0.691839 0.534702 17112 0
0.411429 -0.250905 2.09572 1
0.675233 0.642485 16760 0
0.41081 -0.312117 2.08138 1
0.676175 0.678467 16648 0
0.220488 -0.164815 2.22882 1
0.5883 0.588007 17824 0
0.14664 -0.5232 2.11308 1
0.561943 0.794676 16904 0
0.132944 -0.77601 2.1271 1
0.555787 0.934182 17016 0
0.14043 -0.81589 2.05431 1
0.561016 0.97267 16432 0
0.37232 -0.160674 2.23781 1
0.648507 0.585451 17896 0
0.365441 -0.516852 2.14519 1
0.652056 0.786743 17160 0
0.3692 -0.761646 2.1164 1
0.65571 0.9283 16928 0
0.377798 -0.807486 2.03696 1
0.66555 0.971785 16288 0
40
0.296935 -0.0735253 2.21989 1
0.619394 0.539418 17752 0
0.296371 -0.00838036 2.20756 1
0.619833 0.504518 17656 0
0.295257 0.319542 2.151 1
0.622522 0.323201 17200 0
0.291183 0.511972 2.13121 1
0.621953 0.214101 17048 0
0.139404 0.198119 2.1395 1
0.558159 0.389794 17112 0
0.109988 -0.0521153 2.08784 1
0.547022 0.529707 16696 0
0.159796 -0.236774 2.02322 1
0.570498 0.639278 16184 0
0.199938 -0.311145 1.99741 1
0.589347 0.68539 15976 0
0.456907 0.212425 2.17344 1
0.687644 0.383681 17384 0
0.469712 -0.0389321 2.13918 1
0.695992 0.52166 17112 0
0.417938 -0.22949 2.09049 1
0.67845 0.630649 16720 0
0.416238 -0.288271 2.07899 1
0.678708 0.665022 16624 0
0.221245 -0.147062 2.22604 1
0.588715 0.578625 17808 0
0.147797 -0.518242 2.11468 1
0.562384 0.791662 16912 0
0.137843 -0.782799 2.13564 1
0.557611 0.936229 17080 0
0.146932 -0.823325 2.06215 1
0.563599 0.975164 16496 0
0.373417 -0.142973 2.23605 1
0.649061 0.576096 17888 0
0.366346 -0.510123 2.14618 1
0.652363 0.78288 17168 0
0.368225 -0.766146 2.12316 1
0.654804 0.929458 16984 0
0.377442 -0.810201 2.04318 1
0.664891 0.97193 16344 0
40
0.298037 -0.0586356 2.21787 1
0.619946 0.531464 17736 0
0.29739 0.0070783 2.2064 1
0.620308 0.496182 17648 0
0.295778 0.339836 2.15619 1
0.622443 0.312425 17248 0
0.291176 0.534558 2.14262 1
0.621301 0.203078 17136 0
0.13912 0.21776 2.14107 1
0.557998 0.378957 17128 0
0.106739 -0.0338138 2.08475 1
0.545701 0.519303 16672 0
0.154652 -0.223456 2.00998 1
0.568678 0.63231 16072 0
0.195424 -0.297796 1.97838 1
0.58817 0.679143 15824 0
0.457971 0.233518 2.17814 1
0.687675 0.372407 17424 0
0.477981 -0.0185626 2.14042 1
0.699327 0.510321 17120 0
0.425737 -0.214285 2.08629 1
0.682146 0.622239 16688 0
0.4179 -0.277598 2.07234 1
0.679998 0.659422 16576 0
0.222392 -0.132602 2.2225 1
0.589317 0.571007 17776 0
0.148435 -0.514945 2.11635 1
0.562604 0.789578 16928 0
0.141788 -0.78993 2.14212 1
0.559081 0.938871 17136 0
0.151953 -0.830537 2.0675 1
0.565602 0.978087 16536 0
0.374788 -0.127576 2.23296 1
0.649816 0.567995 17856 0
0.367051 -0.505793 2.1469 1
0.652605 0.780384 17168 0
0.367007 -0.780243 2.13478 1
0.653453 0.93498 17072 0
0.377 -0.82202 2.05463 1
0.66378 0.976147 16432 0
40
0.29968 -0.0444279 2.21479 1
0.620775 0.523874 17712 0
0.298845 0.0222987 2.20457 1
0.620997 0.487962 17632 0
0.295646 0.364764 2.1644 1
0.621924 0.299429 17312 0
0.292352 0.564652 2.162 1
0.620699 0.189174 17296 0
0.139011 0.239079 2.14487 1
0.55785 0.367342 17152 0
0.103956 -0.0168718 2.08192 1
0.54457 0.509645 16648 0
0.149 -0.210367 1.99598 1
0.566632 0.625434 15960 0
0.185952 -0.28319 1.95777 1
0.58478 0.672151 15656 0
0.459567 0.252488 2.18345 1
0.687871 0.362377 17464 0
0.484486 -0.00437335 2.14152 1
0.701936 0.50243 17128 0
0.435644 -0.203921 2.08208 1
0.686762 0.616562 16656 0
0.420942 -0.271219 2.06595 1
0.681868 0.65624 16520 0
0.224526 -0.118291 2.21702 1
0.590397 0.5635 17736 0
0.14883 -0.512687 2.11805 1
0.562721 0.788078 16944 0
0.14585 -0.797702 2.14965 1
0.560561 0.941637 17192 0
0.156283 -0.837475 2.0733 1
0.567283 0.980732 16584 0
0.376652 -0.113541 2.22855 1
0.650859 0.560635 17824 0
0.368179 -0.502502 2.14745 1
0.653035 0.778489 17176 0
0.366078 -0.790417 2.14316 1
0.652466 0.93893 17144 0
0.376358 -0.830514 2.06285 1
0.66285 0.979151 16496 0
40
0.301802 -0.0317992 2.21104 1
0.621837 0.517116 17688 0
0.300541 0.0354367 2.20256 1
0.621795 0.480852 17616 0
0.29502 0.384289 2.17312 1
0.621177 0.289541 17384 0
0.291602 0.582025 2.17467 1
0.619688 0.181477 17392 0
0.138483 0.25686 2.14903 1
0.557519 0.357752 17192 0
0.101814 -0.00228973 2.07983 1
0.543695 0.50131 16632 0
0.140429 -0.190229 1.98186 1
0.563247 0.614234 15848 0
0.161088 -0.25042 1.94043 1
0.5741 0.65359 15520 0
0.46118 0.266699 2.1888 1
0.688069 0.354987 17504 0
0.489128 0.00446701 2.14221 1
0.703805 0.497518 17136 0
0.461286 -0.189464 2.07384 1
0.69854 0.608729 16584 0
0.435508 -0.264773 2.05684 1
0.688995 0.653203 16448 0
0.227646 -0.105106 2.20988 1
0.591949 0.556605 17672 0
0.14987 -0.510413 2.12081 1
0.563076 0.786425 16960 0
0.148246 -0.802595 2.15422 1
0.561425 0.943403 17232 0
0.158867 -0.841535 2.07666 1
0.568284 0.98228 16608 0
0.379038 -0.101523 2.22324 1
0.652178 0.554347 17784 0
0.369559 -0.500338 2.14789 1
0.653577 0.777232 17176 0
0.366032 -0.797791 2.14928 1
0.652013 0.941763 17192 0
0.37651 -0.836525 2.06876 1
0.66245 0.98124 16544 0
40
0.30407 -0.021795 2.20724 1
0.622964 0.511752 17656 0
0.302329 0.0458747 2.20056 1
0.622631 0.47519 17600 0
0.294558 0.40003 2.18162 1
0.620516 0.281774 17448 0
0.290349 0.598545 2.19017 1
0.61833 0.174754 17520 0
0.13799 0.270829 2.15391 1
0.557184 0.350356 17224 0
0.0995616 0.0104879 2.07805 1
0.542765 0.493993 16624 0
0.135177 -0.177534 1.97388 1
0.561127 0.607042 15784 0
0.15118 -0.237409 1.9327 1
0.56982 0.646192 15456 0
0.462643 0.277215 2.19337 1
0.688273 0.349583 17544 0
0.494791 0.0117804 2.1427 1
0.706117 0.493457 17136 0
0.479971 -0.182354 2.067 1
0.707266 0.604995 16536 0
0.460184 -0.263392 2.04687 1
0.700675 0.653145 16368 0
0.231006 -0.0947213 2.20285 1
0.593604 0.551175 17616 0
0.152862 -0.506986 2.12428 1
0.564231 0.784039 16992 0
0.149909 -0.805683 2.1569 1
0.562037 0.944557 17248 0
0.160536 -0.843935 2.07855 1
0.568939 0.983216 16624 0
0.381737 -0.0917808 2.21733 1
0.65367 0.549262 17736 0
0.371622 -0.499345 2.14857 1
0.654385 0.776594 17184 0
0.36626 -0.802767 2.15388 1
0.651783 0.943568 17224 0
0.37669 -0.840455 2.07312 1
0.662186 0.982483 16584 0
40
0.305947 -0.0142166 2.20348 1
0.623934 0.507679 17624 0
0.303439 0.0521486 2.19934 1
0.623149 0.471781 17592 0
0.295576 0.400375 2.1915 1
0.620387 0.282571 17528 0
0.28984 0.610447 2.20274 1
0.617449 0.17018 17616 0
0.137644 0.283597 2.15972 1
0.556887 0.343723 17272 0
0.097898 0.0238083 2.07725 1
0.542067 0.486359 16616 0
0.13018 -0.167087 1.96772 1
0.559052 0.601058 15736 0
0.145031 -0.229566 1.92643 1
0.567199 0.641823 15408 0
0.464206 0.285081 2.19744 1
0.68856 0.345601 17576 0
0.501273 0.0177008 2.14328 1
0.708761 0.490171 17144 0
0.494397 -0.17987 2.06324 1
0.713885 0.603754 16504 0
0.483107 -0.264935 2.03956 1
0.711427 0.654595 16312 0
0.2338 -0.0867687 2.19586 1
0.595037 0.547028 17560 0
0.156021 -0.504059 2.1271 1
0.565471 0.782025 17016 0
0.151366 -0.808012 2.15866 1
0.562589 0.945478 17264 0
0.161855 -0.845613 2.07971 1
0.569467 0.983906 16632 0
0.383909 -0.0844095 2.2109 1
0.654993 0.545438 17680 0
0.373728 -0.499285 2.1494 1
0.6552 0.776454 17192 0
0.36607 -0.804296 2.15647 1
0.651522 0.94388 17248 0
0.376408 -0.841249 2.07565 1
0.661867 0.98235 16600 0
40
0.30739 -0.00732736 2.19876 1
0.624786 0.503966 17584 0
0.304258 0.0568651 2.19825 1
0.623543 0.469213 17584 0
0.296644 0.396559 2.19907 1
0.620406 0.285385 17592 0
0.289952 0.621171 2.21573 1
0.616805 0.166353 17720 0
0.137895 0.292538 2.16425 1
0.556871 0.339133 17312 0
0.0957324 0.0344538 2.07656 1
0.54115 0.480254 16608 0
0.124545 -0.157395 1.96207 1
0.556659 0.59547 15696 0
0.139372 -0.223044 1.92113 1
0.564755 0.638174 15368 0
0.466158 0.291719 2.20159 1
0.688996 0.342303 17608 0
0.509505 0.0240348 2.14435 1
0.712083 0.486661 17152 0
0.517986 -0.171477 2.06565 1
0.723828 0.598797 16520 0
0.523335 -0.251462 2.03046 1
0.730059 0.647391 16240 0
0.235772 -0.0794593 2.18738 1
0.59621 0.543233 17496 0
0.159487 -0.501751 2.12934 1
0.566855 0.780438 17032 0
0.152595 -0.809586 2.15986 1
0.563062 0.946097 17272 0
0.162969 -0.846717 2.08047 1
0.56992 0.984362 16640 0
0.385254 -0.0774224 2.20235 1
0.65614 0.541838 17616 0
0.37571 -0.499879 2.15031 1
0.655957 0.776666 17200 0
0.365868 -0.806087 2.15891 1
0.651267 0.944364 17264 0
0.376147 -0.842446 2.07792 1
0.661578 0.982511 16616 0
40
0.308402 -0.00100319 2.19352 1
0.625496 0.500544 17544 0
0.304885 0.0607015 2.19723 1
0.623855 0.467121 17576 0
0.297551 0.391779 2.20472 1
0.620465 0.288515 17632 0
0.291625 0.627882 2.22584 1
0.616946 0.16428 17800 0
0.138015 0.299368 2.16864 1
0.556806 0.33571 17344 0
0.0926937 0.0452885 2.07741 1
0.539827 0.474055 16616 0
0.112433 -0.136548 1.95925 1
0.551222 0.582945 15672 0
0.130396 -0.2098 1.91929 1
0.560642 0.630094 15352 0
0.468712 0.298248 2.20657 1
0.689602 0.339138 17648 0
0.521315 0.032964 2.14642 1
0.71679 0.481722 17168 0
0.533006 -0.165508 2.06701 1
0.730168 0.595295 16536 0
0.542724 -0.243716 2.02658 1
0.739039 0.643124 16208 0
0.236839 -0.073582 2.17954 1
0.596994 0.540179 17432 0
0.162234 -0.50021 2.13084 1
0.567959 0.779379 17040 0
0.154584 -0.810805 2.16107 1
0.563848 0.946519 17288 0
0.164655 -0.847421 2.08114 1
0.57062 0.984609 16648 0
0.386081 -0.07128 2.19339 1
0.657114 0.538676 17544 0
0.377503 -0.500886 2.15129 1
0.65663 0.777097 17208 0
0.365447 -0.806633 2.16136 1
0.650922 0.944163 17288 0
0.375574 -0.842408 2.08029 1
0.661148 0.981939 16640 0
40
0.309101 0.00407554 2.18871 1
0.626057 0.497784 17504 0
0.305378 0.0636512 2.19646 1
0.624099 0.465511 17568 0
0.298747 0.387456 2.20904 1
0.620713 0.291257 17672 0
0.293379 0.631641 2.23356 1
0.617243 0.163438 17864 0
0.137977 0.304519 2.17306 1
0.556674 0.333223 17384 0
0.0895189 0.0548184 2.08041 1
0.538408 0.46864 16640 0
0.105166 -0.12428 1.95879 1
0.547923 0.575511 15664 0
0.123522 -0.199812 1.91875 1
0.557462 0.623935 15344 0
0.47073 0.303057 2.21035 1
0.690092 0.336824 17680 0
0.53172 0.0401483 2.14848 1
0.720905 0.47776 17184 0
0.546244 -0.159913 2.06675 1
0.735913 0.592084 16528 0
0.555316 -0.238455 2.02459 1
0.744825 0.640172 16192 0
0.237346 -0.0693673 2.17349 1
0.597471 0.537983 17384 0
0.164849 -0.499047 2.13164 1
0.569028 0.778625 17048 0
0.156418 -0.81143 2.16226 1
0.56457 0.946618 17296 0
0.166083 -0.847618 2.08181 1
0.571209 0.984565 16648 0
0.386498 -0.0661586 2.18447 1
0.657927 0.536044 17472 0
0.378974 -0.501567 2.15227 1
0.657169 0.777349 17216 0
0.365223 -0.810981 2.16721 1
0.650422 0.945351 17336 0
0.374892 -0.84584 2.08559 1
0.660447 0.982672 16680 0
40
0.309639 0.00779203 2.18457 1
0.626516 0.495755 17472 0
0.305769 0.0658384 2.19593 1
0.624287 0.464318 17560 0
0.299801 0.384761 2.21218 1
0.620967 0.293004 17696 0
0.295103 0.633867 2.23981 1
0.617602 0.163194 17912 0
0.138058 0.308044 2.17706 1
0.556604 0.331603 17416 0
0.0864677 0.0613651 2.08512 1
0.537015 0.464975 16680 0
0.100391 -0.116736 1.95903 1
0.545741 0.570918 15672 0
0.118561 -0.192904 1.91857 1
0.555159 0.619662 15344 0
0.47216 0.306296 2.21295 1
0.690446 0.335274 17696 0
0.542411 0.046181 2.15109 1
0.725074 0.47445 17208 0
0.559132 -0.154256 2.0653 1
0.741649 0.588889 16520 0
0.568035 -0.232869 2.02309 1
0.750619 0.63699 16184 0
0.237608 -0.0664021 2.16877 1
0.597792 0.536439 17344 0
0.167258 -0.498246 2.13171 1
0.570035 0.778168 17048 0
0.157797 -0.811707 2.16318 1
0.565112 0.94658 17304 0
0.167113 -0.847534 2.08232 1
0.571633 0.984397 16656 0
0.386895 -0.0624866 2.17672 1
0.658652 0.534165 17408 0
0.380214 -0.501947 2.15324 1
0.657612 0.777433 17224 0
0.365193 -0.814172 2.17171 1
0.650098 0.946176 17368 0
0.374367 -0.848372 2.08969 1
0.659908 0.983167 16712 0
40
0.310061 0.0105253 2.18103 1
0.626893 0.494257 17448 0
0.306093 0.0674641 2.19558 1
0.62444 0.463431 17560 0
0.300764 0.382847 2.21446 1
0.62123 0.294245 17712 0
0.296845 0.634815 2.24508 1
0.618019 0.163483 17960 0
0.138573 0.310828 2.18226 1
0.55668 0.330485 17456 0
0.0839037 0.0656502 2.09148 1
0.535808 0.462643 16728 0
0.0965772 -0.111605 1.96037 1
0.543973 0.567754 15680 0
0.114346 -0.187872 1.9192 1
0.553181 0.616503 15352 0
0.473269 0.308573 2.21477 1
0.690736 0.334186 17712 0
0.55309 0.0515611 2.15406 1
0.729188 0.471512 17232 0
0.572866 -0.149559 2.06233 1
0.747941 0.586307 16496 0
0.578174 -0.228855 2.02157 1
0.755284 0.63473 16168 0
0.237751 -0.0643533 2.16539 1
0.598003 0.535369 17320 0
0.169958 -0.497719 2.13079 1
0.571196 0.777995 17040 0
0.158924 -0.811696 2.16388 1
0.565556 0.94643 17304 0
0.167823 -0.84719 2.08268 1
0.571926 0.984119 16656 0
0.387205 -0.0597573 2.16943 1
0.659312 0.532782 17352 0
0.381308 -0.502054 2.1542 1
0.657995 0.777368 17232 0
0.364656 -0.813309 2.17494 1
0.649654 0.945042 17392 0
0.373042 -0.846907 2.09283 1
0.659103 0.981608 16736 0
40
0.310407 0.0123497 2.17825 1
0.627197 0.493253 17424 0
0.306358 0.0686331 2.19537 1
0.624559 0.462793 17560 0
0.301701 0.381399 2.21623 1
0.621511 0.295187 17728 0
0.298524 0.634821 2.24969 1
0.618443 0.164169 17992 0
0.139313 0.312402 2.187 1
0.556858 0.329997 17496 0
0.0812701 0.0670089 2.10281 1
0.534497 0.462075 16816 0
0.0919788 -0.106998 1.96696 1
0.541739 0.56474 15728 0
0.109075 -0.182343 1.92358 1
0.550614 0.612816 15384 0
0.474061 0.310147 2.216 1
0.690949 0.333432 17728 0
0.56139 0.0550865 2.1567 1
0.732342 0.469602 17248 0
0.583656 -0.146215 2.06027 1
0.752864 0.584462 16480 0
0.585608 -0.226013 2.02092 1
0.75865 0.6331 16160 0
0.23785 -0.0629739 2.16299 1
0.598153 0.53465 17296 0
0.172848 -0.496912 2.12794 1
0.572503 0.777915 17016 0
0.159666 -0.811096 2.164 1
0.565858 0.946075 17304 0
0.167976 -0.845911 2.08234 1
0.572003 0.983465 16656 0
0.387458 -0.0580842 2.16376 1
0.659834 0.531948 17304 0
0.382404 -0.502064 2.15521 1
0.658375 0.777244 17240 0
0.364147 -0.81158 2.17745 1
0.649273 0.943583 17416 0
0.371659 -0.84468 2.09524 1
0.658331 0.979791 16760 0
40
0.310793 0.0136157 2.17591 1
0.627492 0.492553 17400 0
0.306696 0.0694939 2.1953 1
0.624701 0.462326 17560 0
0.302789 0.380243 2.2177 1
0.621868 0.295943 17736 0
0.299984 0.634352 2.25343 1
0.618825 0.164974 18024 0
0.140377 0.312829 2.1915 1
0.557175 0.330114 17528 0
0.0800754 0.0676102 2.11708 1
0.533761 0.461993 16936 0
0.0879993 -0.105016 1.97792 1
0.539712 0.563189 15816 0
0.103304 -0.179093 1.93241 1
0.547717 0.610299 15456 0
0.474716 0.311353 2.21683 1
0.691142 0.332847 17728 0
0.56869 0.0577028 2.15917 1
0.735094 0.468195 17272 0
0.591474 -0.144316 2.0591 1
0.756396 0.583412 16472 0
0.593364 -0.224185 2.02131 1
0.762025 0.631998 16168 0
0.237966 -0.0620078 2.16122 1
0.598281 0.534146 17288 0
0.175726 -0.495721 2.12238 1
0.573904 0.777975 16976 0
0.159911 -0.809435 2.16259 1
0.566002 0.945452 17296 0
0.167056 -0.843318 2.08014 1
0.571684 0.982493 16640 0
0.387797 -0.0569336 2.159 1
0.660327 0.531384 17272 0
0.38344 -0.501877 2.15616 1
0.658735 0.777019 17248 0
0.364936 -0.811849 2.18062 1
0.649379 0.943085 17440 0
0.371531 -0.84468 2.09801 1
0.658067 0.979157 16784 0
40
0.311161 0.0144329 2.17403 1
0.627754 0.492099 17392 0
0.307192 0.0700694 2.19542 1
0.624896 0.462016 17560 0
0.304216 0.379314 2.21884 1
0.62238 0.296547 17744 0
0.301269 0.633737 2.25614 1
0.61919 0.165701 18048 0
0.142127 0.312557 2.19667 1
0.557752 0.330661 17568 0
0.0810462 0.0660487 2.13042 1
0.533956 0.463103 17040 0
0.0836478 -0.108128 1.99708 1
0.537386 0.564437 15976 0
0.0957343 -0.182302 1.95373 1
0.543738 0.61105 15624 0
0.47542 0.312189 2.21717 1
0.691395 0.332425 17736 0
0.574045 0.0592625 2.16097 1
0.73711 0.467362 17280 0
0.597552 -0.143358 2.05862 1
0.759092 0.582878 16464 0
0.599637 -0.223378 2.02236 1
0.764657 0.631454 16176 0
0.23806 -0.0613519 2.15994 1
0.598378 0.533805 17272 0
0.178213 -0.494369 2.11372 1
0.575257 0.778353 16904 0
0.160163 -0.807014 2.16003 1
0.566184 0.944646 17280 0
0.165748 -0.840139 2.0769 1
0.571234 0.981425 16608 0
0.388082 -0.0562534 2.15531 1
0.660719 0.531062 17240 0
0.384501 -0.501609 2.15712 1
0.659102 0.776747 17256 0
0.36565 -0.812404 2.18302 1
0.649507 0.942901 17464 0
0.371283 -0.845009 2.1001 1
0.657804 0.978866 16800 0
40
0.311519 0.0149331 2.17251 1
0.62799 0.491819 17376 0
0.307914 0.0703953 2.19574 1
0.62517 0.461845 17560 0
0.306441 0.378586 2.21969 1
0.623228 0.297014 17752 0
0.302834 0.632913 2.25841 1
0.61969 0.166471 18064 0
0.14442 0.311973 2.20155 1
0.558554 0.331352 17608 0
0.0853523 0.0604605 2.14662 1
0.535491 0.46648 17168 0
0.081911 -0.125054 2.027 1
0.53607 0.573424 16208 0
0.0899271 -0.200297 1.98642 1
0.540409 0.620004 15888 0
0.476576 0.312737 2.21652 1
0.691918 0.332081 17728 0
0.577932 0.0601093 2.16218 1
0.738583 0.466914 17296 0
0.602316 -0.143201 2.05869 1
0.761148 0.582785 16464 0
0.606013 -0.224221 2.02573 1
0.767027 0.631731 16200 0
0.238137 -0.0609237 2.15902 1
0.598452 0.533583 17272 0
0.180227 -0.492174 2.10145 1
0.576552 0.778735 16808 0
0.160424 -0.803156 2.15581 1
0.566422 0.943386 17240 0
0.164008 -0.835763 2.07224 1
0.570645 0.979993 16576 0
0.3883 -0.0559013 2.15237 1
0.661029 0.53091 17216 0
0.3855 -0.501317 2.15799 1
0.659452 0.776475 17256 0
0.366264 -0.81303 2.18485 1
0.649633 0.942871 17472 0
0.370923 -0.845492 2.10175 1
0.657528 0.978763 16808 0
40
0.311933 0.0151164 2.17117 1
0.628239 0.491714 17368 0
0.308946 0.0704287 2.19624 1
0.625562 0.461835 17568 0
0.309449 0.378035 2.22012 1
0.624413 0.29735 17760 0
0.304468 0.632005 2.26013 1
0.620244 0.167203 18080 0
0.148284 0.311161 2.20593 1
0.560001 0.332125 17640 0
0.0922664 0.0531081 2.16335 1
0.538069 0.470784 17304 0
0.0842136 -0.14137 2.05413 1
0.536594 0.581907 16432 0
0.0876659 -0.216328 2.02024 1
0.538733 0.627439 16160 0
0.478165 0.313109 2.21461 1
0.692723 0.331736 17712 0
0.58106 0.0606764 2.16284 1
0.739801 0.466612 17296 0
0.606647 -0.145211 2.0601 1
0.762846 0.583889 16480 0
0.612011 -0.228721 2.03307 1
0.768695 0.633889 16264 0
0.238245 -0.0606933 2.15838 1
0.598526 0.533466 17264 0
0.181178 -0.48849 2.0878 1
0.577459 0.778457 16696 0
0.16054 -0.79685 2.1441 1
0.566833 0.942307 17152 0
0.161359 -0.829304 2.06047 1
0.5699 0.979004 16480 0
0.388468 -0.0558573 2.14989 1
0.661284 0.530921 17192 0
0.38647 -0.501063 2.1588 1
0.659792 0.776231 17264 0
0.366768 -0.813724 2.18623 1
0.649744 0.942969 17488 0
0.370443 -0.846157 2.10307 1
0.657225 0.97884 16824 0
40
0.312351 0.0151152 2.17004 1
0.628478 0.49171 17360 0
0.310181 0.0702837 2.19684 1
0.626029 0.461924 17568 0
0.312749 0.377657 2.22004 1
0.625745 0.297544 17760 0
0.306415 0.631024 2.26138 1
0.620946 0.167903 18088 0
0.152253 0.310443 2.20952 1
0.561507 0.332785 17672 0
0.0983857 0.0471253 2.17702 1
0.540339 0.474238 17416 0
0.0891369 -0.159923 2.08831 1
0.538099 0.59114 16704 0
0.0879024 -0.2355 2.05671 1
0.538149 0.636273 16448 0
0.480402 0.313469 2.2112 1
0.693923 0.331283 17688 0
0.583476 0.0609983 2.16307 1
0.740772 0.466439 17304 0
0.609729 -0.148117 2.06237 1
0.763891 0.585473 16496 0
0.615955 -0.233761 2.04108 1
0.769366 0.636303 16328 0
0.238375 -0.0606048 2.15798 1
0.598598 0.533424 17256 0
0.181702 -0.485725 2.078 1
0.578049 0.778187 16616 0
0.160818 -0.792131 2.13121 1
0.567354 0.942348 17048 0
0.159106 -0.824656 2.04782 1
0.56935 0.979263 16376 0
0.388567 -0.056005 2.14778 1
0.661484 0.531033 17176 0
0.38736 -0.500834 2.15956 1
0.660104 0.776007 17272 0
0.367014 -0.812951 2.18706 1
0.649788 0.942382 17496 0
0.369406 -0.845225 2.10387 1
0.656725 0.978129 16824 0
40
0.312832 0.0149422 2.16899 1
0.628739 0.491801 17344 0
0.311609 0.0700128 2.19743 1
0.626575 0.462081 17576 0
0.316109 0.377524 2.21932 1
0.627137 0.297551 17752 0
0.308353 0.630186 2.262 1
0.621677 0.168435 18088 0
0.156064 0.309865 2.21209 1
0.562973 0.33329 17696 0
0.105304 0.0416276 2.18873 1
0.542944 0.477365 17504 0
0.0949773 -0.173754 2.11629 1
0.540059 0.597713 16928 0
0.0931528 -0.247282 2.09967 1
0.5396 0.640164 16792 0
0.482754 0.313864 2.20658 1
0.695281 0.330717 17648 0
0.585317 0.0611348 2.16292 1
0.741548 0.466361 17296 0
0.611623 -0.152073 2.06541 1
0.764321 0.587627 16520 0
0.617883 -0.239127 2.04887 1
0.769182 0.638902 16384 0
0.23858 -0.0606203 2.15779 1
0.598691 0.533435 17256 0
0.181987 -0.482378 2.06996 1
0.578475 0.777344 16552 0
0.160443 -0.787228 2.11226 1
0.5678 0.943553 16896 0
0.156216 -0.819975 2.02925 1
0.568714 0.980904 16232 0
0.38864 -0.0562974 2.14592 1
0.661655 0.531223 17160 0
0.388197 -0.500635 2.16028 1
0.660396 0.775805 17280 0
0.36717 -0.810927 2.18754 1
0.649818 0.941182 17496 0
0.367879 -0.843111 2.10438 1
0.65604 0.976819 16832 0
40
0.313388 0.0146671 2.16799 1
0.629026 0.491948 17336 0
0.313159 0.0696864 2.19797 1
0.627174 0.462267 17576 0
0.319116 0.37754 2.21819 1
0.628411 0.297439 17744 0
0.31099 0.629377 2.26165 1
0.622737 0.16881 18088 0
0.159055 0.309435 2.21384 1
0.564129 0.333653 17704 0
0.111542 0.0378938 2.19815 1
0.545293 0.479483 17584 0
0.100755 -0.182325 2.14376 1
0.541951 0.601219 17144 0
0.0968352 -0.252915 2.12727 1
0.540632 0.641496 17016 0
0.484937 0.314228 2.20157 1
0.69661 0.330135 17608 0
0.586639 0.0610375 2.16233 1
0.74216 0.466406 17296 0
0.612192 -0.15621 2.06885 1
0.764126 0.589861 16544 0
0.617674 -0.243873 2.05564 1
0.768204 0.641192 16440 0
0.238885 -0.0607087 2.15777 1
0.598818 0.533484 17256 0
0.182388 -0.480024 2.06468 1
0.578849 0.776696 16512 0
0.16065 -0.784866 2.0929 1
0.568515 0.946314 16736 0
0.15448 -0.817835 2.01022 1
0.568594 0.984189 16080 0
0.388732 -0.0566501 2.14433 1
0.661813 0.531441 17152 0
0.388985 -0.500464 2.16093 1
0.660674 0.775628 17280 0
0.36715 -0.808701 2.18769 1
0.6498 0.939942 17496 0
0.366154 -0.840823 2.10455 1
0.655295 0.975487 16832 0
40
0.313975 0.0143259 2.16703 1
0.629326 0.492132 17336 0
0.314705 0.0693667 2.19837 1
0.627778 0.462447 17584 0
0.322 0.377763 2.21628 1
0.629683 0.297145 17728 0
0.314051 0.628769 2.26048 1
0.624009 0.168958 18080 0
0.16177 0.309174 2.21493 1
0.565192 0.333875 17712 0
0.117557 0.0356327 2.20641 1
0.547557 0.48078 17648 0
0.107157 -0.183379 2.17672 1
0.543941 0.600263 17408 0
0.105387 -0.256526 2.16516 1
0.543446 0.641004 17320 0
0.487153 0.31435 2.19593 1
0.698016 0.329633 17560 0
0.587249 0.0603052 2.16058 1
0.742608 0.466782 17280 0
0.610378 -0.161162 2.07264 1
0.762862 0.59254 16576 0
0.613613 -0.249483 2.06308 1
0.76548 0.643918 16504 0
0.239237 -0.0608377 2.15787 1
0.598959 0.533554 17256 0
0.182846 -0.478407 2.06119 1
0.579181 0.776231 16488 0
0.162607 -0.783302 2.07505 1
0.569946 0.949255 16600 0
0.154956 -0.816503 1.9927 1
0.569409 0.98765 15936 0
0.388817 -0.0570484 2.14292 1
0.661955 0.531683 17136 0
0.389664 -0.500335 2.16148 1
0.660914 0.775488 17288 0
0.367217 -0.808166 2.18795 1
0.649809 0.939597 17496 0
0.365173 -0.84027 2.10483 1
0.654859 0.975111 16832 0
40
0.314628 0.0139394 2.16597 1
0.629658 0.492341 17320 0
0.316279 0.0690799 2.19855 1
0.628407 0.462605 17584 0
0.324792 0.378127 2.21338 1
0.63098 0.296683 17704 0
0.318002 0.628353 2.25775 1
0.625721 0.168777 18056 0
0.164008 0.309035 2.2155 1
0.566077 0.333992 17720 0
0.123813 0.0345119 2.21447 1
0.549906 0.481452 17712 0
0.112879 -0.182674 2.19927 1
0.545813 0.598853 17592 0
0.110978 -0.254141 2.19585 1
0.545112 0.637742 17560 0
0.488952 0.314601 2.18966 1
0.699317 0.329008 17512 0
0.586361 0.0590108 2.15693 1
0.742651 0.46744 17248 0
0.60249 -0.168435 2.07872 1
0.758706 0.596434 16624 0
0.604419 -0.25583 2.0694 1
0.760704 0.647129 16552 0
0.239638 -0.0609689 2.15801 1
0.599119 0.533624 17264 0
0.183367 -0.477247 2.05889 1
0.579495 0.775869 16464 0
0.164554 -0.780991 2.06001 1
0.571301 0.951201 16480 0
0.155676 -0.814428 1.97792 1
0.570253 0.990046 15816 0
0.388898 -0.0574747 2.14155 1
0.662091 0.53194 17128 0
0.390267 -0.500231 2.16189 1
0.661132 0.775378 17288 0
0.367292 -0.808098 2.1881 1
0.649829 0.93953 17504 0
0.364008 -0.840598 2.10502 1
0.654351 0.975254 16840 0
40
0.315382 0.0134904 2.16464 1
0.630048 0.492583 17312 0
0.3179 0.0688094 2.19841 1
0.629073 0.462749 17584 0
0.327404 0.37861 2.20963 1
0.632257 0.296078 17672 0
0.321703 0.628196 2.25408 1
0.627391 0.168321 18032 0
0.165967 0.308981 2.21551 1
0.566865 0.334022 17720 0
0.129497 0.0344714 2.22231 1
0.552013 0.481539 17776 0
0.118465 -0.177412 2.21994 1
0.547633 0.595112 17752 0
0.117793 -0.242023 2.22593 1
0.547235 0.629401 17800 0
0.490029 0.314613 2.18288 1
0.700376 0.32847 17456 0
0.584122 0.0572096 2.15239 1
0.742235 0.468367 17216 0
0.594078 -0.173275 2.08289 1
0.754584 0.599006 16656 0
0.594504 -0.25993 2.07319 1
0.755958 0.649214 16584 0
0.240079 -0.0610793 2.15814 1
0.599296 0.533683 17264 0
0.184435 -0.476281 2.058 1
0.579993 0.77543 16456 0
0.166837 -0.776497 2.04571 1
0.572795 0.951738 16360 0
0.156881 -0.810187 1.96385 1
0.571304 0.990986 15704 0
0.388969 -0.0579608 2.14002 1
0.662237 0.532234 17120 0
0.390777 -0.500154 2.1622 1
0.66132 0.775296 17296 0
0.367399 -0.808696 2.18818 1
0.649868 0.939839 17504 0
0.362712 -0.841737 2.1052 1
0.653788 0.975856 16840 0
40
0.316287 0.0129905 2.16281 1
0.630532 0.492852 17296 0
0.31956 0.0685817 2.19779 1
0.629784 0.462862 17576 0
0.3294 0.379144 2.20438 1
0.63338 0.295303 17632 0
0.324668 0.628172 2.24998 1
0.628799 0.167729 17992 0
0.167705 0.30904 2.21499 1
0.567581 0.333951 17712 0
0.134443 0.0354874 2.23022 1
0.553808 0.481063 17840 0
0.122173 -0.172127 2.23672 1
0.548755 0.591586 17888 0
0.121565 -0.235075 2.24324 1
0.548371 0.624717 17944 0
0.490633 0.31455 2.1768 1
0.701183 0.328025 17408 0
0.580877 0.0552197 2.14763 1
0.741423 0.4694 17176 0
0.581624 -0.177955 2.0858 1
0.748899 0.601538 16680 0
0.578104 -0.263922 2.07465 1
0.748723 0.651399 16592 0
0.240649 -0.0611456 2.15812 1
0.599532 0.53372 17264 0
0.189268 -0.475983 2.06374 1
0.581861 0.774492 16504 0
0.168317 -0.773481 2.03664 1
0.573768 0.95199 16288 0
0.157661 -0.807363 1.9549 1
0.571987 0.991514 15632 0
0.389084 -0.0584867 2.13834 1
0.662413 0.532552 17104 0
0.39122 -0.500107 2.16241 1
0.661486 0.775244 17296 0
0.36756 -0.809829 2.18823 1
0.64993 0.940445 17504 0
0.361513 -0.8434 2.10541 1
0.653265 0.976749 16840 0
40
0.317292 0.0124028 2.15998 1
0.631118 0.493166 17272 0
0.32133 0.0683627 2.19624 1
0.630595 0.462955 17568 0
0.330622 0.379641 2.19707 1
0.63432 0.294353 17576 0
0.326429 0.628244 2.24404 1
0.629841 0.166812 17952 0
0.169036 0.309201 2.21404 1
0.568147 0.333794 17712 0
0.137533 0.036593 2.23574 1
0.554909 0.480521 17880 0
0.124474 -0.168467 2.24759 1
0.549433 0.589205 17976 0
0.124609 -0.228823 2.25913 1
0.549233 0.620545 18072 0
0.490362 0.31441 2.17064 1
0.701643 0.327615 17360 0
0.577077 0.0533964 2.14296 1
0.740366 0.470346 17136 0
0.572218 -0.180341 2.08676 1
0.744761 0.602852 16688 0
0.56333 -0.265464 2.07372 1
0.742474 0.652352 16584 0
0.241416 -0.0611713 2.1577 1
0.599869 0.53374 17256 0
0.195116 -0.475998 2.07192 1
0.584057 0.773417 16568 0
0.169411 -0.771586 2.03097 1
0.574455 0.952141 16240 0
0.158198 -0.805635 1.94936 1
0.572437 0.991857 15592 0
0.389203 -0.059085 2.13623 1
0.662623 0.532917 17088 0
0.391616 -0.500085 2.16254 1
0.66164 0.775215 17296 0
0.367718 -0.811192 2.18826 1
0.649992 0.941181 17504 0
0.360362 -0.845257 2.10561 1
0.652761 0.977752 16840 0
40
0.318159 0.0117109 2.15572 1
0.631736 0.493535 17240 0
0.322952 0.0681248 2.19326 1
0.631432 0.463034 17544 0
0.330362 0.380018 2.18797 1
0.634773 0.293293 17496 0
0.327312 0.628317 2.23744 1
0.630576 0.16579 17896 0
0.169667 0.30949 2.21199 1
0.568465 0.333484 17688 0
0.139526 0.0377734 2.23969 1
0.555606 0.479928 17912 0
0.125889 -0.165693 2.25482 1
0.549835 0.587455 18032 0
0.12627 -0.225498 2.2679 1
0.549697 0.618334 18136 0
0.488806 0.313936 2.16399 1
0.701621 0.327345 17304 0
0.571858 0.0513084 2.13768 1
0.73878 0.471435 17096 0
0.561433 -0.181166 2.08488 1
0.740365 0.603416 16672 0
0.548377 -0.265301 2.06994 1
0.73647 0.652536 16552 0
0.242452 -0.0611723 2.15616 1
0.600369 0.533765 17248 0
0.201577 -0.477131 2.08109 1
0.586458 0.77286 16648 0
0.170683 -0.769941 2.0272 1
0.575153 0.952015 16216 0
0.158989 -0.804169 1.94566 1
0.572938 0.991894 15560 0
0.38925 -0.0597812 2.13337 1
0.662861 0.53335 17064 0
0.391924 -0.500086 2.16257 1
0.661765 0.775212 17296 0
0.367919 -0.813073 2.18828 1
0.650073 0.942201 17504 0
0.359334 -0.847549 2.10583 1
0.65231 0.978997 16840 0
40
0.318545 0.0110345 2.15059 1
0.632211 0.493894 17200 0
0.3239 0.0678529 2.18922 1
0.632061 0.463113 17512 0
0.328864 0.379912 2.17912 1
0.634707 0.292511 17432 0
0.326237 0.628111 2.22957 1
0.630607 0.16472 17832 0
0.168747 0.309818 2.20734 1
0.568237 0.332956 17656 0
0.140769 0.0387763 2.24237 1
0.556034 0.47942 17936 0
0.126754 -0.163545 2.25968 1
0.550069 0.586136 18072 0
0.127345 -0.223072 2.27369 1
0.549993 0.616763 18184 0
0.486888 0.313419 2.15826 1
0.701362 0.327172 17264 0
0.566962 0.0495475 2.13299 1
0.737257 0.472354 17056 0
0.549949 -0.180491 2.08028 1
0.735968 0.603258 16640 0
0.535019 -0.263922 2.0641 1
0.731363 0.652173 16512 0
0.243358 -0.0612373 2.15368 1
0.60086 0.53384 17224 0
0.206564 -0.478989 2.08759 1
0.588321 0.773069 16696 0
0.17264 -0.768511 2.02527 1
0.576087 0.951606 16200 0
0.160843 -0.802848 1.94379 1
0.57386 0.991561 15544 0
0.389027 -0.0606367 2.12921 1
0.663085 0.533893 17032 0
0.392169 -0.50013 2.16242 1
0.661878 0.775256 17296 0
0.368111 -0.814809 2.18824 1
0.650154 0.943152 17504 0
0.358703 -0.849518 2.10596 1
0.652034 0.980082 16840 0
40
0.318176 0.0102084 2.14418 1
0.632452 0.494334 17152 0
0.323941 0.0673902 2.18386 1
0.632402 0.463275 17464 0
0.326373 0.379814 2.17153 1
0.634154 0.29184 17368 0
0.323763 0.62804 2.22145 1
0.63009 0.163532 17768 0
0.166744 0.310137 2.20067 1
0.567631 0.332277 17600 0
0.141259 0.0401246 2.24415 1
0.556185 0.478721 17952 0
0.127152 -0.161198 2.26228 1
0.550168 0.584802 18096 0
0.1278 -0.220537 2.27604 1
0.550119 0.615317 18208 0
0.483598 0.312705 2.15202 1
0.700582 0.327066 17216 0
0.56076 0.0479092 2.12773 1
0.735242 0.473202 17016 0
0.539703 -0.17891 2.07405 1
0.732268 0.602661 16592 0
0.524184 -0.261881 2.05687 1
0.727473 0.651527 16448 0
0.243969 -0.0614267 2.14928 1
0.60132 0.534014 17192 0
0.209997 -0.480726 2.09169 1
0.589613 0.773523 16728 0
0.175569 -0.767391 2.02519 1
0.577381 0.950966 16200 0
0.163873 -0.801805 1.94375 1
0.575252 0.990931 15544 0
0.388218 -0.0615478 2.12349 1
0.663185 0.534495 16984 0
0.392371 -0.500227 2.1618 1
0.662007 0.775388 17288 0
0.368209 -0.816958 2.18816 1
0.6502 0.944338 17504 0
0.358142 -0.851779 2.10601 1
0.651792 0.981348 16848 0
40
0.316301 0.00977067 2.13623 1
0.632162 0.494557 17088 0
0.322317 0.0671632 2.17668 1
0.632173 0.463278 17408 0
0.3226 0.379882 2.16406 1
0.63306 0.291084 17312 0
0.318664 0.628286 2.21212 1
0.628581 0.161981 17696 0
0.162758 0.310921 2.19304 1
0.566244 0.331269 17544 0
0.139177 0.0429064 2.24409 1
0.555358 0.477245 17952 0
0.126802 -0.158109 2.26214 1
0.550033 0.583182 18096 0
0.125642 -0.217179 2.2718 1
0.549365 0.613773 18168 0
0.479246 0.31207 2.14578 1
0.699355 0.326915 17160 0
0.553712 0.0470863 2.12249 1
0.732859 0.473598 16976 0
0.530453 -0.175619 2.06703 1
0.729063 0.601115 16536 0
0.513871 -0.257841 2.04824 1
0.723938 0.649818 16384 0
0.243294 -0.0615006 2.14298 1
0.601336 0.534155 17136 0
0.212093 -0.481944 2.09398 1
0.590408 0.773915 16744 0
0.178407 -0.766516 2.0261 1
0.578597 0.950249 16208 0
0.166887 -0.80097 1.94468 1
0.5766 0.990187 15552 0
0.385876 -0.0621562 2.11499 1
0.662852 0.534976 16912 0
0.392392 -0.500186 2.16045 1
0.662118 0.775537 17280 0
0.36829 -0.818833 2.18802 1
0.650242 0.945385 17504 0
0.357764 -0.853666 2.10598 1
0.651634 0.982422 16840 0
40
0.312696 0.00970095 2.12741 1
0.631198 0.494573 17016 0
0.318841 0.067122 2.16842 1
0.631245 0.463161 17344 0
0.317585 0.37994 2.15692 1
0.631426 0.29036 17248 0
0.309808 0.628574 2.20189 1
0.625589 0.160254 17608 0
0.156461 0.311647 2.18482 1
0.563921 0.330238 17472 0
0.13048 0.0502131 2.2364 1
0.552077 0.473279 17888 0
0.122332 -0.152728 2.25076 1
0.548514 0.580758 18000 0
0.119826 -0.212873 2.25619 1
0.547405 0.612289 18048 0
0.472877 0.311544 2.13877 1
0.697351 0.32664 17104 0
0.546512 0.0477546 2.11731 1
0.730393 0.473157 16936 0
0.523317 -0.172703 2.06036 1
0.726712 0.599758 16480 0
0.505977 -0.254304 2.04009 1
0.721378 0.648353 16320 0
0.240295 -0.0614304 2.13366 1
0.600525 0.534265 17064 0
0.213173 -0.482736 2.09475 1
0.590835 0.774265 16752 0
0.180486 -0.765665 2.02714 1
0.579472 0.949519 16216 0
0.169055 -0.800129 1.94568 1
0.577555 0.98942 15560 0
0.382354 -0.0622934 2.1064 1
0.662024 0.535196 16848 0
0.392089 -0.499937 2.15839 1
0.662147 0.775662 17264 0
0.368335 -0.820472 2.18781 1
0.650276 0.946321 17496 0
0.357464 -0.855259 2.10584 1
0.651517 0.983354 16840 0
40
0.30717 0.00978398 2.11779 1
0.629464 0.494502 16936 0
0.312787 0.0671007 2.15909 1
0.62931 0.463013 17272 0
0.310651 0.379885 2.14938 1
0.629007 0.289656 17192 0
0.301266 0.628715 2.1933 1
0.622604 0.158847 17544 0
0.147347 0.311621 2.17334 1
0.560516 0.329356 17384 0
0.119624 0.0551629 2.22482 1
0.547993 0.470492 17792 0
0.107832 -0.149476 2.22101 1
0.543336 0.580096 17768 0
0.105115 -0.211547 2.21809 1
0.5423 0.613506 17744 0
0.467071 0.311232 2.13322 1
0.695435 0.326363 17064 0
0.539074 0.0485591 2.11167 1
0.727864 0.472632 16888 0
0.516155 -0.170003 2.0526 1
0.724455 0.59857 16416 0
0.499292 -0.251599 2.0322 1
0.719301 0.647345 16256 0
0.234816 -0.061288 2.12228 1
0.59876 0.534369 16976 0
0.2115 -0.483861 2.09165 1
0.590256 0.775311 16728 0
0.181506 -0.764554 2.02747 1
0.579908 0.948792 16216 0
0.170415 -0.798949 1.94598 1
0.578167 0.988622 15560 0
0.377431 -0.0623049 2.09757 1
0.660611 0.535351 16776 0
0.391084 -0.499585 2.15501 1
0.661985 0.7759 17240 0
0.368341 -0.821842 2.18751 1
0.650299 0.947128 17496 0
0.357445 -0.856583 2.10557 1
0.651528 0.984163 16840 0
40
0.299758 0.00959131 2.10719 1
0.626976 0.494583 16856 0
0.305296 0.066644 2.14921 1
0.626794 0.463096 17192 0
0.303851 0.379727 2.14288 1
0.626566 0.289105 17136 0
0.291151 0.628707 2.18429 1
0.618976 0.157445 17472 0
0.138567 0.311347 2.1638 1
0.557161 0.328754 17304 0
0.104288 0.0555037 2.20685 1
0.542181 0.470068 17648 0
0.0926405 -0.154001 2.18516 1
0.537842 0.583875 17480 0
0.0913982 -0.217456 2.18179 1
0.537392 0.618618 17448 0
0.457379 0.310484 2.12588 1
0.69204 0.326182 17000 0
0.531082 0.049006 2.10541 1
0.725153 0.472298 16840 0
0.509551 -0.167749 2.04481 1
0.722427 0.597634 16352 0
0.493188 -0.249366 2.02436 1
0.71746 0.646602 16192 0
0.227395 -0.0613146 2.10979 1
0.596205 0.534587 16872 0
0.205127 -0.482321 2.08181 1
0.58795 0.775732 16648 0
0.181766 -0.762767 2.02745 1
0.580023 0.947748 16216 0
0.170973 -0.797092 1.94586 1
0.578428 0.987517 15560 0
0.369974 -0.0625374 2.08681 1
0.658249 0.535666 16688 0
0.388969 -0.499247 2.14999 1
0.661485 0.776358 17192 0
0.368289 -0.822945 2.18704 1
0.650309 0.947823 17496 0
0.357385 -0.857598 2.10514 1
0.651534 0.984837 16840 0
40
0.292598 0.00939385 2.0975 1
0.624515 0.49467 16776 0
0.297784 0.0660892 2.14012 1
0.624198 0.463248 17120 0
0.296821 0.379372 2.13691 1
0.623983 0.288713 17088 0
0.282688 0.628479 2.17741 1
0.615883 0.156486 17416 0
0.13098 0.311159 2.1558 1
0.554231 0.328223 17240 0
0.0854118 0.0478547 2.17631 1
0.535031 0.47383 17408 0
0.0757761 -0.164114 2.14171 1
0.531581 0.591197 17128 0
0.0751763 -0.227989 2.13381 1
0.531447 0.62716 17064 0
0.449719 0.31013 2.12066 1
0.689289 0.325954 16960 0
0.521676 0.0490993 2.09781 1
0.721967 0.472145 16776 0
0.502727 -0.166316 2.03578 1
0.720422 0.597229 16280 0
0.487055 -0.248002 2.01546 1
0.715704 0.646445 16120 0
0.219967 -0.0614014 2.0975 1
0.593607 0.534839 16776 0
0.197363 -0.479728 2.07025 1
0.585093 0.775781 16560 0
0.181368 -0.760692 2.02728 1
0.579855 0.946569 16216 0
0.171054 -0.794975 1.94555 1
0.578478 0.9863 15560 0
0.363183 -0.0625492 2.07769 1
0.656026 0.535829 16616 0
0.384452 -0.498973 2.14155 1
0.660239 0.777295 17128 0
0.368194 -0.823817 2.18635 1
0.650318 0.948439 17488 0
0.357444 -0.858384 2.10442 1
0.651611 0.985447 16832 0
40
0.285127 0.00931118 2.08857 1
0.621855 0.494694 16704 0
0.289321 0.065539 2.13153 1
0.621155 0.463407 17048 0
0.28768 0.378398 2.13048 1
0.620528 0.28862 17040 0
0.274519 0.627781 2.17095 1
0.612869 0.155848 17360 0
0.123129 0.311367 2.14704 1
0.551189 0.327407 17176 0
0.0723558 0.0444656 2.15443 1
0.529978 0.475437 17232 0
0.061299 -0.169863 2.10442 1
0.526 0.596063 16832 0
0.0593642 -0.23771 2.08995 1
0.525354 0.635364 16712 0
0.443722 0.309918 2.11694 1
0.687093 0.325766 16928 0
0.513832 0.0492745 2.09153 1
0.719286 0.471962 16728 0
0.495292 -0.165898 2.0261 1
0.718199 0.597448 16208 0
0.48096 -0.247757 2.0064 1
0.713966 0.646961 16048 0
0.212598 -0.0613184 2.08643 1
0.590951 0.534977 16688 0
0.190737 -0.477273 2.06079 1
0.582614 0.77563 16480 0
0.180473 -0.758512 2.02695 1
0.579474 0.945362 16208 0
0.170992 -0.792834 1.94507 1
0.578468 0.985108 15560 0
0.356247 -0.0625085 2.06957 1
0.653647 0.535946 16552 0
0.379033 -0.49879 2.13258 1
0.658645 0.778358 17056 0
0.368091 -0.824535 2.18549 1
0.650335 0.949007 17480 0
0.357816 -0.859025 2.10338 1
0.651843 0.98605 16824 0
40
0.277304 0.00929798 2.08003 1
0.618998 0.49468 16640 0
0.280146 0.0648693 2.12336 1
0.617764 0.463641 16984 0
0.277525 0.376634 2.12439 1
0.616606 0.289002 16992 0
0.266787 0.626465 2.16514 1
0.609985 0.155647 17320 0
0.115032 0.311624 2.13741 1
0.548038 0.326485 17096 0
0.0595097 0.0408075 2.12621 1
0.524983 0.477158 17008 0
0.0485187 -0.174057 2.06169 1
0.521006 0.600476 16488 0
0.045135 -0.250578 2.04074 1
0.519741 0.646132 16320 0
0.438598 0.309914 2.11421 1
0.685171 0.325544 16912 0
0.507754 0.0494549 2.08672 1
0.717191 0.471794 16688 0
0.489652 -0.165888 2.0189 1
0.716484 0.59779 16144 0
0.476016 -0.247837 1.99882 1
0.71257 0.647565 15984 0
0.204749 -0.0612308 2.0752 1
0.588067 0.535116 16600 0
0.184827 -0.475429 2.05293 1
0.580361 0.775616 16416 0
0.178213 -0.755447 2.02631 1
0.578503 0.943702 16208 0
0.17027 -0.789949 1.94428 1
0.578169 0.98354 15552 0
0.349124 -0.0624148 2.06213 1
0.651119 0.536022 16496 0
0.372883 -0.498767 2.12261 1
0.656804 0.779654 16976 0
0.367951 -0.825163 2.18446 1
0.650348 0.94956 17472 0
0.358531 -0.859563 2.10204 1
0.652244 0.986664 16816 0
40
0.270675 0.00905546 2.07261 1
0.616569 0.4948 16576 0
0.272227 0.0640111 2.11639 1
0.614813 0.464004 16928 0
0.269109 0.374944 2.11945 1
0.613334 0.289459 16952 0
0.259908 0.625053 2.16032 1
0.607388 0.155657 17280 0
0.106666 0.311473 2.1271 1
0.54476 0.325729 17016 0
0.0508189 0.0382756 2.10476 1
0.521551 0.478357 16832 0
0.0386804 -0.173821 2.02888 1
0.517017 0.601962 16224 0
0.0358473 -0.256627 2.00156 1
0.515986 0.65259 16008 0
0.433304 0.309824 2.11194 1
0.683132 0.325407 16888 0
0.502715 0.0494896 2.08298 1
0.715422 0.471724 16656 0
0.484839 -0.16624 2.01281 1
0.715005 0.598293 16096 0
0.471587 -0.248244 1.99188 1
0.711325 0.648323 15928 0
0.197858 -0.0615043 2.06457 1
0.585541 0.535454 16512 0
0.179098 -0.473587 2.04614 1
0.578129 0.775459 16368 0
0.17587 -0.75295 2.02567 1
0.577496 0.942374 16200 0
0.169616 -0.787621 1.94354 1
0.577898 0.9823 15544 0
0.343386 -0.062522 2.05621 1
0.649062 0.536187 16448 0
0.36666 -0.499391 2.11159 1
0.654992 0.781465 16888 0
0.367674 -0.825677 2.18304 1
0.650333 0.950134 17464 0
0.359496 -0.859926 2.10023 1
0.652786 0.98729 16800 0
40
0.264334 0.00895039 2.06597 1
0.614204 0.494844 16520 0
0.264668 0.0633451 2.1102 1
0.611952 0.464274 16880 0
0.261266 0.373488 2.11502 1
0.610261 0.289838 16920 0
0.251807 0.623561 2.15445 1
0.604324 0.155543 17232 0
0.0994681 0.311432 2.11822 1
0.541915 0.325022 16944 0
0.0403109 0.0375866 2.07869 1
0.51731 0.47848 16624 0
0.0279403 -0.169624 1.99387 1
0.512508 0.601247 15944 0
0.0253474 -0.254065 1.95852 1
0.511552 0.654387 15664 0
0.428704 0.309705 2.11026 1
0.681332 0.325336 16880 0
0.498125 0.0493464 2.08005 1
0.713756 0.471766 16640 0
0.480091 -0.166613 2.007 1
0.713516 0.598799 16056 0
0.467817 -0.248684 1.98542 1
0.710318 0.649069 15880 0
0.191345 -0.0615535 2.05522 1
0.583102 0.535644 16440 0
0.173293 -0.472169 2.04034 1
0.575811 0.775415 16320 0
0.173367 -0.750518 2.02488 1
0.576422 0.941116 16192 0
0.168886 -0.785294 1.94266 1
0.577598 0.981093 15536 0
0.337947 -0.0627207 2.0511 1
0.647067 0.536393 16408 0
0.359988 -0.500605 2.09844 1
0.653125 0.783917 16784 0
0.366242 -0.825565 2.17921 1
0.650011 0.950863 17432 0
0.360121 -0.859558 2.09631 1
0.653337 0.987991 16768 0
40
0.258439 0.00894271 2.06016 1
0.611973 0.494834 16480 0
0.257689 0.0628589 2.10482 1
0.609278 0.464458 16832 0
0.253937 0.372273 2.111 1
0.607372 0.290122 16880 0
0.245196 0.622422 2.1496 1
0.601814 0.155397 17192 0
0.0924346 0.311727 2.10986 1
0.539105 0.324161 16872 0
0.0323642 0.038237 2.05837 1
0.514034 0.477892 16464 0
0.0180901 -0.164601 1.95888 1
0.508243 0.600004 15664 0
0.0175528 -0.250446 1.92526 1
0.508138 0.654817 15400 0
0.423308 0.309126 2.10848 1
0.679201 0.325515 16864 0
0.493461 0.0489122 2.07748 1
0.712016 0.47198 16616 0
0.476042 -0.166908 2.0018 1
0.712264 0.599231 16008 0
0.464538 -0.248971 1.97904 1
0.709517 0.649722 15832 0
0.185364 -0.0615975 2.04698 1
0.580828 0.535813 16368 0
0.167834 -0.471394 2.0356 1
0.573594 0.775603 16280 0
0.170627 -0.748248 2.02388 1
0.575252 0.94 16184 0
0.167967 -0.783071 1.94161 1
0.577218 0.979991 15528 0
0.332859 -0.0628723 2.04682 1
0.645156 0.536557 16368 0
0.354007 -0.501976 2.08403 1
0.651622 0.786664 16672 0
0.363093 -0.824329 2.17282 1
0.649159 0.951512 17376 0
0.359711 -0.858116 2.09017 1
0.653612 0.988603 16720 0
40
0.253885 0.00907105 2.05566 1
0.61024 0.494748 16440 0
0.251978 0.0626128 2.1006 1
0.607072 0.464526 16800 0
0.247923 0.371341 2.10767 1
0.604995 0.290317 16856 0
0.240192 0.621584 2.14576 1
0.599915 0.155244 17160 0
0.086104 0.311935 2.10053 1
0.536589 0.323263 16800 0
0.0248769 0.0397278 2.03899 1
0.51089 0.476811 16304 0
0.0101171 -0.157409 1.92554 1
0.50469 0.59729 15400 0
0.00816094 -0.238358 1.88249 1
0.50387 0.650692 15056 0
0.418714 0.308771 2.10729 1
0.677357 0.325617 16856 0
0.487805 0.0481155 2.07477 1
0.70986 0.4724 16592 0
0.472169 -0.16725 1.99718 1
0.711025 0.599665 15976 0
0.461654 -0.249338 1.97387 1
0.708762 0.650336 15784 0
0.180852 -0.0615006 2.04033 1
0.579118 0.535873 16320 0
0.162746 -0.470755 2.03169 1
0.5715 0.775759 16248 0
0.167892 -0.746332 2.02279 1
0.574086 0.939111 16176 0
0.167227 -0.781213 1.94056 1
0.576919 0.97911 15520 0
0.328885 -0.0628751 2.0437 1
0.643642 0.536615 16344 0
0.34835 -0.503377 2.06638 1
0.650473 0.789918 16528 0
0.35444 -0.811984 2.13715 1
0.648034 0.952172 17096 0
0.356852 -0.845207 2.0542 1
0.655059 0.98968 16432 0
40
0.249644 0.00923182 2.05169 1
0.608608 0.494645 16408 0
0.246479 0.0624704 2.09682 1
0.604924 0.464543 16768 0
0.241991 0.37066 2.10456 1
0.602634 0.290392 16832 0
0.234342 0.620928 2.14129 1
0.597685 0.15489 17128 0
0.0799233 0.311653 2.09072 1
0.534122 0.322594 16720 0
0.0141974 0.0422857 2.01749 1
0.506281 0.475056 16136 0
-0.00256879 -0.146204 1.88248 1
0.498782 0.592431 15056 0
-0.000297741 -0.227473 1.8452 1
0.499856 0.646717 14760 0
0.413635 0.308406 2.10625 1
0.675292 0.325737 16848 0
0.482292 0.0464349 2.07221 1
0.707745 0.473331 16576 0
0.468385 -0.167703 1.99287 1
0.709787 0.600151 15936 0
0.458982 -0.249825 1.96932 1
0.708034 0.650977 15752 0
0.17692 -0.0613868 2.03466 1
0.577614 0.535907 16272 0
0.158131 -0.470212 2.02846 1
0.569583 0.77588 16224 0
0.165343 -0.744879 2.02174 1
0.572999 0.938484 16168 0
0.166634 -0.779778 1.93961 1
0.576683 0.978463 15512 0
0.32508 -0.0628366 2.04105 1
0.642164 0.53664 16328 0
0.344384 -0.504398 2.05 1
0.649949 0.792828 16392 0
0.350937 -0.803093 2.11161 1
0.648344 0.952632 16888 0
0.357313 -0.835983 2.02847 1
0.65723 0.99048 16224 0
40
0.245797 0.00953353 2.04831 1
0.607111 0.494461 16384 0
0.241434 0.0625343 2.09359 1
0.602934 0.464452 16744 0
0.23611 0.370174 2.10162 1
0.60028 0.290374 16808 0
0.228701 0.620489 2.13724 1
0.595514 0.154479 17096 0
0.0741794 0.311569 2.08232 1
0.531797 0.321926 16656 0
0.00367942 0.0460253 1.99983 1
0.501642 0.47261 15992 0
-0.00926994 -0.139857 1.85683 1
0.495544 0.58964 14848 0
-0.00676506 -0.216325 1.81202 1
0.496668 0.642082 14496 0
0.408585 0.308136 2.10537 1
0.673224 0.325816 16840 0
0.476413 0.0445411 2.0697 1
0.705461 0.474388 16552 0
0.465242 -0.168137 1.9896 1
0.708722 0.600575 15912 0
0.45677 -0.250282 1.96587 1
0.707394 0.651519 15720 0
0.173573 -0.0612411 2.03009 1
0.576317 0.535902 16240 0
0.153907 -0.469589 2.02565 1
0.567818 0.775897 16200 0
0.162825 -0.743545 2.02066 1
0.571925 0.937932 16160 0
0.166002 -0.778426 1.93865 1
0.576431 0.977871 15504 0
0.321578 -0.0626712 2.03884 1
0.640785 0.536583 16304 0
0.340959 -0.502383 2.03313 1
0.649689 0.794078 16264 0
0.348101 -0.793687 2.08723 1
0.648863 0.952554 16696 0
0.357153 -0.82646 2.00417 1
0.659065 0.990772 16032 0
40
0.242506 0.00988474 2.04543 1
0.605826 0.494249 16360 0
0.236888 0.0627375 2.09073 1
0.601134 0.464287 16720 0
0.229951 0.369811 2.0983 1
0.597819 0.290249 16784 0
0.224231 0.620203 2.13391 1
0.593794 0.1541 17064 0
0.069363 0.3113 2.0744 1
0.529846 0.321401 16592 0
-0.0060427 0.0505465 1.98261 1
0.497279 0.469658 15856 0
-0.01473 -0.133454 1.83314 1
0.492828 0.586642 14664 0
-0.00990104 -0.209819 1.79119 1
0.495066 0.639411 14328 0
0.404361 0.307934 2.10474 1
0.671484 0.325879 16832 0
0.471217 0.0429355 2.06768 1
0.703419 0.475287 16536 0
0.462878 -0.168442 1.9872 1
0.707912 0.600879 15896 0
0.454951 -0.250633 1.9634 1
0.706828 0.651923 15704 0
0.170824 -0.0611067 2.0262 1
0.575253 0.535892 16208 0
0.150824 -0.469096 2.02362 1
0.566527 0.775884 16184 0
0.160718 -0.742572 2.01977 1
0.571026 0.937552 16152 0
0.165579 -0.777422 1.93789 1
0.576266 0.977441 15496 0
0.318659 -0.0624486 2.03711 1
0.639626 0.536484 16296 0
0.338804 -0.499875 2.02144 1
0.649603 0.794302 16168 0
0.345599 -0.784737 2.06704 1
0.649238 0.951823 16536 0
0.356611 -0.817562 1.98422 1
0.66042 0.99037 15872 0
