85 20
40
0.26923 -0.409936 2.39579 1
0.600306 0.703638 19160 0
0.26351 -0.357262 2.44094 1
0.596359 0.67419 19520 0
0.257703 -0.0593249 2.44329 1
0.594145 0.528897 19544 0
0.253091 0.14767 2.43479 1
0.592783 0.427819 19472 0
0.0939199 -0.169169 2.41053 1
0.534778 0.583522 19280 0
0.0648927 -0.395879 2.30701 1
0.525107 0.704223 18456 0
0.0996859 -0.554204 2.19153 1
0.540601 0.800964 17528 0
0.0837202 -0.615151 2.18085 1
0.534266 0.835698 17440 0
0.422049 -0.177864 2.43572 1
0.654664 0.586906 19480 0
0.464646 -0.401882 2.39442 1
0.673211 0.699752 19152 0
0.427856 -0.536002 2.13921 1
0.678524 0.798198 17112 0
0.391568 -0.667057 1.94967 1
0.679267 0.907189 15592 0
0.192437 -0.488781 2.37703 1
0.572262 0.744721 19016 0
0.1055 -0.652524 2.08699 1
0.545122 0.872108 16688 0
0.14795 -0.891969 2.14001 1
0.56171 0.996052 17120 0
0.147785 -0.920528 2.0793 1
0.563441 1.02688 16632 0
0.351538 -0.478211 2.39044 1
0.631265 0.738086 19120 0
0.423449 -0.641898 2.0963 1
0.680303 0.864423 16768 0
0.371112 -0.91009 2.14689 1
0.654294 1.00451 17168 0
0.377089 -0.943755 2.066 1
0.662917 1.04365 16528 0
40
0.26976 -0.410526 2.39558 1
0.600513 0.70395 19160 0
0.263972 -0.357795 2.44078 1
0.596535 0.674461 19520 0
0.257749 -0.0593925 2.44313 1
0.594168 0.528932 19544 0
0.253191 0.147777 2.43563 1
0.592788 0.427792 19480 0
0.094034 -0.169218 2.41036 1
0.534822 0.583552 19280 0
0.0658703 -0.396883 2.30792 1
0.525476 0.704661 18456 0
0.0999621 -0.555085 2.19198 1
0.540706 0.801381 17528 0
0.0864439 -0.615581 2.18103 1
0.535378 0.835905 17448 0
0.422024 -0.177873 2.43558 1
0.654664 0.586916 19480 0
0.463313 -0.402587 2.39606 1
0.672596 0.699965 19168 0
0.427774 -0.538396 2.14807 1
0.677754 0.798295 17184 0
0.392743 -0.664602 1.96515 1
0.678388 0.902492 15720 0
0.193028 -0.489025 2.37669 1
0.572494 0.744878 19008 0
0.106319 -0.65295 2.08688 1
0.545474 0.87237 16688 0
0.150665 -0.887745 2.13042 1
0.563125 0.995925 17040 0
0.112009 -0.840652 2.0703 1
0.548292 0.983254 16560 0
0.352035 -0.478756 2.39042 1
0.631452 0.73836 19120 0
0.422789 -0.642548 2.09634 1
0.680018 0.864785 16768 0
0.370829 -0.910364 2.14677 1
0.654185 1.00469 17168 0
0.376901 -0.943926 2.06588 1
0.662846 1.04378 16520 0
40
0.270205 -0.411013 2.3954 1
0.600686 0.704207 19160 0
0.264372 -0.358259 2.44065 1
0.596686 0.674696 19520 0
0.257782 -0.0594428 2.44302 1
0.594185 0.528958 19544 0
0.253289 0.147819 2.4372 1
0.592764 0.427818 19496 0
0.094163 -0.169252 2.41026 1
0.534871 0.583572 19280 0
0.0664682 -0.397518 2.30892 1
0.525696 0.704899 18464 0
0.100172 -0.555397 2.19239 1
0.540783 0.801494 17536 0
0.0887266 -0.61546 2.18104 1
0.536312 0.835837 17448 0
0.422006 -0.177883 2.43548 1
0.654664 0.586925 19480 0
0.462278 -0.403157 2.39734 1
0.672119 0.700142 19176 0
0.428313 -0.540413 2.15549 1
0.677365 0.798382 17240 0
0.394213 -0.66251 1.9786 1
0.677839 0.8985 15824 0
0.19352 -0.489209 2.37641 1
0.572687 0.745 19008 0
0.107013 -0.653202 2.08677 1
0.545774 0.872533 16688 0
0.152062 -0.88465 2.12309 1
0.56393 0.995901 16984 0
0.106155 -0.826238 2.06842 1
0.54581 0.9754 16544 0
0.35247 -0.479229 2.39039 1
0.631615 0.738598 19120 0
0.422218 -0.64311 2.0964 1
0.67977 0.865094 16768 0
0.370414 -0.910689 2.14665 1
0.654021 1.0049 17168 0
0.376591 -0.944142 2.06575 1
0.662722 1.04394 16520 0
40
0.270559 -0.411394 2.39528 1
0.600823 0.704406 19160 0
0.264704 -0.358646 2.44058 1
0.59681 0.67489 19520 0
0.257797 -0.0594405 2.44305 1
0.594189 0.528956 19544 0
0.253599 0.148242 2.44012 1
0.592766 0.427698 19520 0
0.0942779 -0.169259 2.41027 1
0.534914 0.583576 19280 0
0.0666993 -0.397707 2.3102 1
0.525771 0.704883 18480 0
0.100035 -0.55512 2.19294 1
0.540717 0.801268 17536 0
0.0902902 -0.615081 2.18111 1
0.53695 0.83562 17448 0
0.421982 -0.177905 2.43543 1
0.654658 0.586937 19480 0
0.461498 -0.403564 2.39828 1
0.67176 0.700264 19184 0
0.429498 -0.537236 2.15789 1
0.677658 0.796297 17256 0
0.398478 -0.645775 1.99239 1
0.678519 0.885745 15936 0
0.193918 -0.48934 2.37618 1
0.572844 0.745089 19008 0
0.107588 -0.653299 2.08667 1
0.546022 0.872607 16688 0
0.152525 -0.88237 2.11713 1
0.564305 0.996016 16936 0
0.0962138 -0.80495 2.06569 1
0.541574 0.963763 16520 0
0.352831 -0.479617 2.39038 1
0.631751 0.738792 19120 0
0.421729 -0.64357 2.09646 1
0.679556 0.865344 16768 0
0.369972 -0.911022 2.14654 1
0.653845 1.00511 17168 0
0.376234 -0.944369 2.06563 1
0.662577 1.0441 16520 0
40
0.270824 -0.411687 2.3952 1
0.600925 0.704559 19160 0
0.264959 -0.35897 2.44056 1
0.596904 0.67505 19520 0
0.257715 -0.0593572 2.44337 1
0.594147 0.528912 19544 0
0.253378 0.148811 2.44458 1
0.592516 0.427553 19552 0
0.0943894 -0.169255 2.41037 1
0.534954 0.58357 19280 0
0.0666611 -0.397658 2.31149 1
0.525742 0.704744 18488 0
0.0998528 -0.554518 2.19349 1
0.540633 0.800866 17544 0
0.0915587 -0.614462 2.18114 1
0.537469 0.835278 17448 0
0.421931 -0.177943 2.43542 1
0.65464 0.586956 19480 0
0.460912 -0.403863 2.39897 1
0.671493 0.700355 19184 0
0.430059 -0.53734 2.16101 1
0.677634 0.795928 17288 0
0.399546 -0.642798 1.99906 1
0.6784 0.882685 15992 0
0.194229 -0.489431 2.376 1
0.572966 0.745153 19008 0
0.10806 -0.653283 2.08659 1
0.546225 0.872613 16688 0
0.152597 -0.880777 2.11286 1
0.564466 0.99612 16896 0
0.0919124 -0.795625 2.06448 1
0.539739 0.958659 16512 0
0.353105 -0.47992 2.39037 1
0.631853 0.738944 19120 0
0.421392 -0.643762 2.09646 1
0.679413 0.865453 16768 0
0.369674 -0.911178 2.14638 1
0.653732 1.00523 17168 0
0.37598 -0.944452 2.06545 1
0.662481 1.0442 16520 0
40
0.271022 -0.411914 2.39515 1
0.601001 0.704676 19160 0
0.265166 -0.359247 2.44058 1
0.596979 0.675183 19520 0
0.257557 -0.0591242 2.44406 1
0.594062 0.52879 19552 0
0.252957 0.149305 2.44931 1
0.592184 0.427453 19592 0
0.094499 -0.169242 2.4107 1
0.53499 0.583552 19280 0
0.0664225 -0.397408 2.3128 1
0.525635 0.704499 18496 0
0.0995066 -0.55382 2.1942 1
0.540479 0.800389 17552 0
0.0924516 -0.613862 2.18127 1
0.537832 0.83493 17448 0
0.42184 -0.177986 2.43547 1
0.654603 0.586975 19480 0
0.460454 -0.404028 2.39946 1
0.671288 0.700397 19192 0
0.43079 -0.535642 2.16236 1
0.677824 0.794808 17296 0
0.400997 -0.636976 2.00423 1
0.678585 0.87824 16032 0
0.194469 -0.489492 2.37587 1
0.57306 0.745198 19000 0
0.108459 -0.653182 2.08652 1
0.546398 0.872566 16688 0
0.151157 -0.889322 2.12328 1
0.563544 0.998476 16984 0
0.1251 -0.877168 2.06844 1
0.553984 1.0047 16544 0
0.353307 -0.480157 2.39038 1
0.631929 0.739061 19120 0
0.421055 -0.64372 2.09639 1
0.679275 0.865441 16768 0
0.369445 -0.911219 2.14614 1
0.653655 1.00531 17168 0
0.375754 -0.944413 2.06516 1
0.662407 1.04425 16520 0
40
0.271166 -0.412084 2.39514 1
0.601055 0.704761 19160 0
0.26533 -0.359477 2.44065 1
0.597037 0.675291 19520 0
0.257283 -0.0588087 2.44505 1
0.593924 0.528625 19560 0
0.252188 0.149765 2.45449 1
0.59171 0.427382 19632 0
0.0944991 -0.169242 2.41135 1
0.53498 0.58353 19288 0
0.0660667 -0.397073 2.31402 1
0.525484 0.704219 18512 0
0.0990101 -0.553179 2.1951 1
0.54026 0.799919 17560 0
0.0930506 -0.613346 2.18149 1
0.538073 0.834616 17448 0
0.421696 -0.178046 2.4356 1
0.654542 0.587 19480 0
0.460086 -0.404138 2.39982 1
0.671125 0.700422 19192 0
0.431132 -0.535236 2.16362 1
0.677862 0.794413 17304 0
0.401601 -0.634851 2.00735 1
0.678577 0.876393 16056 0
0.194648 -0.489534 2.37577 1
0.573131 0.745229 19000 0
0.108799 -0.653032 2.08649 1
0.546544 0.872486 16688 0
0.149991 -0.896053 2.13184 1
0.562801 1.00023 17048 0
0.145316 -0.926969 2.07121 1
0.562624 1.03264 16568 0
0.353456 -0.480332 2.39041 1
0.631983 0.739146 19120 0
0.420641 -0.643226 2.0962 1
0.679116 0.865195 16768 0
0.369252 -0.911089 2.14571 1
0.653605 1.00534 17160 0
0.375534 -0.944169 2.06463 1
0.662353 1.04425 16512 0
40
0.271264 -0.412223 2.39515 1
0.601091 0.704829 19160 0
0.265444 -0.359686 2.44078 1
0.597073 0.675383 19520 0
0.256877 -0.0584075 2.44631 1
0.593728 0.528415 19568 0
0.251403 0.150089 2.45871 1
0.591268 0.42735 19664 0
0.0943498 -0.169264 2.4124 1
0.53491 0.583504 19296 0
0.0656076 -0.396667 2.31519 1
0.525294 0.703907 18520 0
0.0983496 -0.552604 2.19626 1
0.539971 0.799449 17568 0
0.0934234 -0.612867 2.18182 1
0.53822 0.834303 17448 0
0.421417 -0.178162 2.43591 1
0.65442 0.587045 19480 0
0.459762 -0.404208 2.40009 1
0.670985 0.700433 19200 0
0.431359 -0.535015 2.16459 1
0.677876 0.794159 17312 0
0.401986 -0.633478 2.00965 1
0.678544 0.87515 16072 0
0.19477 -0.489565 2.37571 1
0.573178 0.74525 19000 0
0.1091 -0.652851 2.08649 1
0.546673 0.872383 16688 0
0.153502 -0.899161 2.14209 1
0.563963 0.999564 17136 0
0.158833 -0.945482 2.0751 1
0.568321 1.04226 16600 0
0.35356 -0.480474 2.39044 1
0.63202 0.739213 19120 0
0.420165 -0.642202 2.09587 1
0.678941 0.86467 16760 0
0.369078 -0.910725 2.14501 1
0.653583 1.0053 17160 0
0.375308 -0.943665 2.06381 1
0.66232 1.04418 16504 0
40
0.271295 -0.412341 2.39523 1
0.601099 0.704881 19160 0
0.265474 -0.359878 2.441 1
0.597075 0.675461 19520 0
0.256335 -0.0579546 2.44782 1
0.593472 0.528177 19576 0
0.250567 0.150222 2.46198 1
0.590843 0.427383 19688 0
0.0940721 -0.169335 2.41377 1
0.534787 0.583492 19304 0
0.0651336 -0.396284 2.31625 1
0.5251 0.703617 18528 0
0.0976333 -0.552164 2.19753 1
0.539657 0.799038 17576 0
0.0936252 -0.61243 2.18223 1
0.538295 0.834001 17456 0
0.420978 -0.178309 2.43649 1
0.654223 0.587096 19488 0
0.459439 -0.404264 2.40029 1
0.670851 0.700444 19200 0
0.431501 -0.534916 2.16533 1
0.677874 0.794005 17320 0
0.402216 -0.632682 2.01137 1
0.678493 0.874357 16088 0
0.194849 -0.489583 2.37566 1
0.57321 0.745264 19000 0
0.109361 -0.652674 2.08654 1
0.546783 0.872274 16688 0
0.156768 -0.901123 2.14983 1
0.565089 0.998853 17192 0
0.167054 -0.955979 2.07752 1
0.571774 1.04764 16616 0
0.353596 -0.480596 2.39053 1
0.632029 0.739265 19120 0
0.419597 -0.640689 2.09553 1
0.678728 0.86387 16760 0
0.368871 -0.91012 2.14404 1
0.653566 1.00519 17152 0
0.375034 -0.942907 2.06272 1
0.662287 1.04403 16496 0
40
0.271273 -0.412433 2.39537 1
0.601085 0.704915 19160 0
0.265432 -0.360059 2.44132 1
0.597047 0.675526 19528 0
0.255549 -0.0575334 2.44964 1
0.593116 0.527952 19592 0
0.249721 0.150242 2.46464 1
0.590439 0.427451 19712 0
0.0937018 -0.169446 2.41523 1
0.534629 0.583496 19320 0
0.0646605 -0.395974 2.31718 1
0.524908 0.703376 18536 0
0.0969412 -0.551846 2.19866 1
0.539355 0.798711 17584 0
0.093694 -0.612038 2.18266 1
0.538316 0.833722 17456 0
0.420432 -0.178479 2.4373 1
0.653971 0.58715 19496 0
0.459098 -0.40431 2.40045 1
0.670713 0.700454 19200 0
0.431414 -0.535267 2.16621 1
0.677766 0.794078 17328 0
0.40197 -0.633134 2.01293 1
0.678246 0.874334 16096 0
0.194901 -0.489588 2.37564 1
0.57323 0.74527 19000 0
0.10959 -0.652496 2.08661 1
0.54688 0.872159 16688 0
0.159448 -0.902316 2.15556 1
0.566025 0.998185 17240 0
0.173024 -0.962042 2.07954 1
0.574267 1.05058 16632 0
0.353593 -0.480692 2.39065 1
0.63202 0.7393 19120 0
0.419027 -0.639017 2.09524 1
0.67851 0.86297 16760 0
0.368602 -0.90937 2.14301 1
0.653528 1.00502 17144 0
0.374702 -0.942003 2.06158 1
0.662233 1.04381 16488 0
40
0.271163 -0.412531 2.39564 1
0.601033 0.70494 19160 0
0.265292 -0.36025 2.44181 1
0.596976 0.675584 19528 0
0.254796 -0.0571747 2.45135 1
0.592777 0.527758 19608 0
0.249071 0.150223 2.46656 1
0.590134 0.427517 19728 0
0.0933208 -0.16959 2.41657 1
0.534469 0.58352 19328 0
0.0641596 -0.395697 2.31808 1
0.524705 0.703155 18544 0
0.0962595 -0.551637 2.19988 1
0.539057 0.798433 17592 0
0.0936502 -0.611676 2.1832 1
0.538289 0.833443 17464 0
0.419816 -0.178694 2.43825 1
0.653686 0.587222 19504 0
0.458737 -0.404399 2.40059 1
0.670569 0.700486 19200 0
0.430704 -0.533771 2.16594 1
0.677495 0.793292 17320 0
0.401053 -0.629808 2.01503 1
0.677654 0.871981 16120 0
0.194909 -0.48958 2.37565 1
0.573232 0.745264 19000 0
0.109821 -0.652286 2.08674 1
0.546975 0.872016 16688 0
0.161489 -0.903067 2.15963 1
0.566745 0.99766 17272 0
0.177462 -0.964275 2.08138 1
0.576104 1.05137 16648 0
0.3535 -0.4808 2.39091 1
0.631972 0.739328 19120 0
0.418471 -0.637305 2.0951 1
0.678285 0.862022 16760 0
0.368349 -0.908565 2.14193 1
0.6535 1.00483 17128 0
0.374401 -0.941068 2.0604 1
0.662196 1.04358 16480 0
40
0.270911 -0.412635 2.39613 1
0.600918 0.70495 19168 0
0.265022 -0.360443 2.44252 1
0.59685 0.675627 19536 0
0.254087 -0.0568671 2.45292 1
0.59246 0.527591 19616 0
0.24851 0.15016 2.46803 1
0.589877 0.42759 19744 0
0.0928817 -0.16977 2.41795 1
0.534288 0.583561 19336 0
0.0636219 -0.395432 2.31905 1
0.524488 0.702934 18552 0
0.0954371 -0.551566 2.2014 1
0.538697 0.798189 17608 0
0.0934299 -0.611348 2.18397 1
0.538185 0.833146 17464 0
0.419177 -0.178915 2.43928 1
0.653387 0.587293 19512 0
0.458344 -0.404506 2.40073 1
0.670412 0.700527 19200 0
0.429933 -0.532254 2.16551 1
0.677212 0.792517 17320 0
0.400127 -0.626708 2.01667 1
0.677099 0.869847 16128 0
0.194821 -0.489553 2.37576 1
0.573196 0.745239 19000 0
0.110067 -0.65203 2.08694 1
0.547076 0.871835 16688 0
0.162163 -0.903946 2.16188 1
0.566953 0.997626 17288 0
0.178718 -0.965248 2.08197 1
0.576621 1.05177 16648 0
0.353252 -0.480938 2.39142 1
0.631851 0.739346 19128 0
0.417932 -0.635599 2.09518 1
0.678048 0.861039 16760 0
0.368093 -0.90776 2.14077 1
0.653477 1.00465 17120 0
0.374099 -0.940159 2.05916 1
0.662163 1.04338 16472 0
40
0.270615 -0.412746 2.39674 1
0.600782 0.704953 19168 0
0.264719 -0.360622 2.4433 1
0.596708 0.675658 19544 0
0.25349 -0.0566256 2.4542 1
0.592194 0.52746 19632 0
0.248013 0.150038 2.46914 1
0.589657 0.427682 19752 0
0.0924688 -0.169943 2.41919 1
0.534118 0.583603 19352 0
0.063114 -0.395215 2.32003 1
0.524282 0.702736 18560 0
0.09466 -0.551541 2.20281 1
0.538357 0.797984 17616 0
0.0931165 -0.611047 2.18481 1
0.538042 0.832854 17472 0
0.418592 -0.179118 2.44029 1
0.65311 0.587356 19520 0
0.457915 -0.404655 2.40091 1
0.670241 0.700586 19200 0
0.429201 -0.530844 2.16505 1
0.676948 0.791804 17320 0
0.399275 -0.623918 2.01794 1
0.676611 0.867969 16136 0
0.194685 -0.489524 2.37597 1
0.573138 0.745203 19000 0
0.110337 -0.651736 2.08722 1
0.547186 0.871618 16696 0
0.162876 -0.904478 2.1636 1
0.567195 0.997523 17304 0
0.179647 -0.963286 2.08267 1
0.576993 1.05046 16656 0
0.352959 -0.481097 2.3921 1
0.631704 0.739357 19136 0
0.417399 -0.633915 2.09536 1
0.677806 0.860052 16760 0
0.367909 -0.906951 2.13961 1
0.653483 1.00448 17112 0
0.373876 -0.939273 2.05795 1
0.662161 1.04319 16456 0
40
0.270271 -0.412888 2.39743 1
0.600625 0.704964 19176 0
0.264378 -0.360805 2.44413 1
0.59655 0.675687 19552 0
0.25295 -0.0564286 2.45524 1
0.591959 0.527353 19640 0
0.247615 0.149925 2.46997 1
0.589483 0.42776 19752 0
0.0921086 -0.170115 2.42029 1
0.533969 0.583651 19360 0
0.0626021 -0.395014 2.32101 1
0.524075 0.702548 18568 0
0.0940613 -0.551455 2.20394 1
0.538095 0.797785 17624 0
0.0928029 -0.610727 2.18559 1
0.537901 0.83256 17480 0
0.418038 -0.179303 2.44123 1
0.652848 0.587412 19528 0
0.457492 -0.404815 2.40109 1
0.67007 0.700651 19208 0
0.428565 -0.52965 2.16462 1
0.676721 0.791206 17312 0
0.398545 -0.621617 2.01887 1
0.676207 0.866444 16144 0
0.194496 -0.48951 2.37628 1
0.573058 0.745164 19008 0
0.110614 -0.651397 2.08755 1
0.547296 0.871365 16696 0
0.163469 -0.904825 2.16489 1
0.567399 0.997417 17312 0
0.1799 -0.959797 2.08324 1
0.577081 1.04832 16664 0
0.352616 -0.481289 2.39288 1
0.631533 0.739374 19136 0
0.416879 -0.632688 2.09565 1
0.67756 0.859304 16760 0
0.367758 -0.906406 2.13867 1
0.653487 1.0044 17104 0
0.373695 -0.938677 2.05698 1
0.662159 1.0431 16448 0
40
0.269897 -0.413037 2.39816 1
0.600456 0.704976 19184 0
0.264011 -0.360981 2.44495 1
0.596385 0.675715 19552 0
0.252486 -0.0562931 2.45607 1
0.591759 0.527278 19648 0
0.247226 0.149784 2.47061 1
0.589319 0.427847 19760 0
0.091782 -0.170273 2.4212 1
0.533836 0.583696 19368 0
0.0620575 -0.394787 2.32197 1
0.523856 0.702348 18568 0
0.0935986 -0.551313 2.20492 1
0.537891 0.797577 17632 0
0.0924998 -0.610375 2.18638 1
0.537763 0.832249 17488 0
0.417474 -0.179467 2.44213 1
0.652586 0.58746 19536 0
0.457059 -0.40497 2.40129 1
0.669895 0.700711 19208 0
0.428019 -0.528655 2.16426 1
0.676525 0.790707 17312 0
0.397932 -0.61977 2.01952 1
0.675879 0.865237 16152 0
0.194257 -0.489506 2.37666 1
0.572956 0.745123 19008 0
0.110898 -0.65104 2.08792 1
0.547409 0.871097 16696 0
0.163649 -0.905242 2.16566 1
0.567449 0.99747 17320 0
0.178441 -0.956894 2.08291 1
0.576468 1.04675 16656 0
0.35224 -0.481484 2.39371 1
0.631347 0.739389 19144 0
0.41639 -0.631528 2.09598 1
0.677324 0.858591 16760 0
0.367646 -0.905868 2.13774 1
0.653507 1.00432 17096 0
0.373564 -0.938104 2.05603 1
0.662178 1.04302 16448 0
40
0.269524 -0.41319 2.39883 1
0.600289 0.704995 19184 0
0.263646 -0.361138 2.44567 1
0.596222 0.675739 19560 0
0.252036 -0.0562068 2.45664 1
0.591575 0.52723 19648 0
0.246881 0.149638 2.47107 1
0.589178 0.427931 19768 0
0.0914841 -0.170419 2.42191 1
0.533716 0.583744 19368 0
0.0615724 -0.394605 2.3228 1
0.523661 0.702183 18576 0
0.0932358 -0.551193 2.2057 1
0.53773 0.797406 17640 0
0.0922128 -0.610057 2.18709 1
0.537634 0.831969 17496 0
0.416948 -0.179602 2.44289 1
0.652346 0.587498 19536 0
0.456638 -0.405139 2.40151 1
0.669723 0.700776 19208 0
0.427574 -0.527846 2.16397 1
0.676365 0.790301 17304 0
0.397429 -0.61828 2.01998 1
0.675617 0.864277 16152 0
0.193994 -0.489519 2.37706 1
0.572845 0.745088 19016 0
0.111185 -0.6507 2.08827 1
0.547524 0.87084 16704 0
0.16408 -0.905314 2.16641 1
0.567604 0.997337 17328 0
0.178034 -0.952838 2.08346 1
0.576273 1.04428 16664 0
0.351863 -0.481682 2.3945 1
0.631164 0.739408 19152 0
0.415818 -0.630842 2.09639 1
0.677045 0.85813 16768 0
0.367566 -0.905637 2.13713 1
0.653517 1.00433 17096 0
0.373473 -0.937851 2.05541 1
0.662186 1.04303 16440 0
40
0.269183 -0.413348 2.39943 1
0.600137 0.705022 19192 0
0.263302 -0.361274 2.4463 1
0.596072 0.67576 19568 0
0.251601 -0.056163 2.45698 1
0.591404 0.527205 19648 0
0.246541 0.149455 2.47135 1
0.589045 0.428027 19768 0
0.0912573 -0.17055 2.42235 1
0.533627 0.583793 19376 0
0.0611585 -0.394512 2.32346 1
0.523495 0.702077 18584 0
0.0929233 -0.551133 2.20629 1
0.537594 0.797295 17648 0
0.0919244 -0.609813 2.18768 1
0.537506 0.831746 17496 0
0.416486 -0.179714 2.4435 1
0.652139 0.587531 19544 0
0.456169 -0.405388 2.40181 1
0.669528 0.700875 19208 0
0.42717 -0.527145 2.16373 1
0.676219 0.789948 17304 0
0.396972 -0.617 2.02024 1
0.675392 0.863475 16160 0
0.193731 -0.489564 2.37749 1
0.572733 0.745066 19016 0
0.11147 -0.650374 2.08863 1
0.547638 0.870591 16704 0
0.164632 -0.905167 2.16705 1
0.567811 0.99711 17336 0
0.177902 -0.948981 2.0841 1
0.576193 1.04192 16672 0
0.351524 -0.481879 2.39523 1
0.630997 0.739433 19160 0
0.41525 -0.630258 2.09679 1
0.67677 0.857731 16768 0
0.36747 -0.905398 2.1368 1
0.653501 1.00428 17088 0
0.37338 -0.937604 2.05507 1
0.662172 1.04298 16440 0
40
0.268896 -0.413502 2.39996 1
0.600008 0.705053 19192 0
0.262971 -0.361387 2.44683 1
0.595931 0.675777 19568 0
0.251003 -0.056274 2.45693 1
0.591188 0.527259 19648 0
0.245944 0.148786 2.47084 1
0.588847 0.428335 19760 0
0.0909296 -0.170807 2.42237 1
0.533506 0.583918 19376 0
0.0608107 -0.394552 2.32389 1
0.523357 0.70206 18584 0
0.0927224 -0.551168 2.20668 1
0.537506 0.79726 17648 0
0.0917261 -0.609699 2.1881 1
0.537418 0.83162 17504 0
0.416119 -0.179841 2.44391 1
0.65198 0.587578 19544 0
0.455744 -0.405643 2.40212 1
0.669348 0.700975 19216 0
0.425552 -0.533073 2.16753 1
0.675243 0.792694 17336 0
0.39406 -0.628222 2.01962 1
0.67416 0.8702 16152 0
0.193495 -0.489647 2.37792 1
0.572632 0.745063 19016 0
0.111752 -0.650085 2.08898 1
0.54775 0.870363 16704 0
0.165275 -0.904948 2.16749 1
0.568062 0.996889 17336 0
0.178078 -0.945913 2.08451 1
0.576253 1.04006 16672 0
0.351272 -0.482084 2.3959 1
0.630867 0.739468 19160 0
0.414588 -0.629459 2.09707 1
0.676465 0.85723 16776 0
0.367415 -0.904994 2.13647 1
0.653502 1.00413 17088 0
0.373371 -0.937214 2.05476 1
0.662193 1.04284 16432 0
40
0.268672 -0.413648 2.40039 1
0.599907 0.705089 19200 0
0.262693 -0.361458 2.44722 1
0.595814 0.675783 19576 0
0.249976 -0.05668 2.45532 1
0.590875 0.527474 19640 0
0.244987 0.14763 2.46871 1
0.588578 0.42883 19744 0
0.0905122 -0.171325 2.42136 1
0.533366 0.584208 19368 0
0.0604861 -0.394627 2.3242 1
0.523229 0.702072 18592 0
0.0925057 -0.551265 2.20699 1
0.537413 0.797272 17648 0
0.0915037 -0.609639 2.18846 1
0.537321 0.831533 17504 0
0.415752 -0.179958 2.4441 1
0.651834 0.587628 19552 0
0.455376 -0.405871 2.4024 1
0.669192 0.701064 19216 0
0.423909 -0.531508 2.16704 1
0.674607 0.791901 17336 0
0.39203 -0.62666 2.01875 1
0.673337 0.869439 16144 0
0.193312 -0.489753 2.37834 1
0.57255 0.745073 19024 0
0.11204 -0.649739 2.08931 1
0.547865 0.870108 16712 0
0.165521 -0.904874 2.16775 1
0.568155 0.996788 17336 0
0.177763 -0.943723 2.08468 1
0.576112 1.03876 16672 0
0.351085 -0.482269 2.39647 1
0.630766 0.739502 19168 0
0.413825 -0.62855 2.09725 1
0.676125 0.856684 16776 0
0.367398 -0.904498 2.13614 1
0.653519 1.00393 17088 0
0.373441 -0.936769 2.05445 1
0.662248 1.04266 16432 0
40
0.2685 -0.413769 2.4007 1
0.59983 0.705122 19200 0
0.262477 -0.361486 2.44747 1
0.595726 0.675779 19576 0
0.248891 -0.0575821 2.45094 1
0.590642 0.527961 19600 0
0.244121 0.146271 2.46401 1
0.588433 0.429351 19712 0
0.0899133 -0.171842 2.41852 1
0.533184 0.584561 19344 0
0.0600687 -0.394734 2.32432 1
0.523068 0.702117 18592 0
0.0923154 -0.551403 2.2072 1
0.537332 0.797317 17656 0
0.0913033 -0.609619 2.18874 1
0.537235 0.83148 17504 0
0.415376 -0.180057 2.44386 1
0.651712 0.587686 19544 0
0.45505 -0.406095 2.40263 1
0.669054 0.701156 19216 0
0.422555 -0.529866 2.16631 1
0.674107 0.791097 17328 0
0.390295 -0.624707 2.01775 1
0.672655 0.86847 16136 0
0.193156 -0.489858 2.37872 1
0.57248 0.745087 19024 0
0.112286 -0.649366 2.0896 1
0.547964 0.869845 16712 0
0.165629 -0.904784 2.16785 1
0.568196 0.996715 17336 0
0.177291 -0.942058 2.08469 1
0.57591 1.03781 16672 0
0.350946 -0.482431 2.39695 1
0.630688 0.739535 19168 0
0.413085 -0.627773 2.09739 1
0.675798 0.856219 16776 0
0.36739 -0.904061 2.13585 1
0.653536 1.00375 17080 0
0.373531 -0.936411 2.05422 1
0.662306 1.04252 16432 0
40
0.268389 -0.413864 2.40088 1
0.599781 0.705154 19200 0
0.262235 -0.361475 2.44747 1
0.595638 0.675774 19576 0
0.24758 -0.0588844 2.4424 1
0.59048 0.528693 19536 0
0.244208 0.14413 2.45095 1
0.588936 0.430014 19600 0
0.0889637 -0.172651 2.40993 1
0.532951 0.585262 19272 0
0.0592298 -0.39507 2.32372 1
0.522752 0.70234 18584 0
0.0921193 -0.551826 2.20723 1
0.537253 0.797541 17656 0
0.0911206 -0.609703 2.18893 1
0.537157 0.831497 17504 0
0.415005 -0.180397 2.44174 1
0.651708 0.587927 19528 0
0.454718 -0.406412 2.40266 1
0.668929 0.701311 19216 0
0.421365 -0.528521 2.16508 1
0.673715 0.790522 17320 0
0.38884 -0.622753 2.0168 1
0.672092 0.86749 16128 0
0.193036 -0.489963 2.379 1
0.572426 0.74511 19032 0
0.112384 -0.649087 2.08985 1
0.548 0.869642 16712 0
0.165695 -0.904705 2.16785 1
0.568224 0.996674 17336 0
0.177004 -0.940906 2.08466 1
0.575788 1.03716 16672 0
0.350878 -0.482589 2.39729 1
0.630644 0.739579 19176 0
0.412179 -0.627145 2.09739 1
0.675412 0.855861 16776 0
0.367424 -0.903714 2.13567 1
0.653563 1.0036 17080 0
0.37371 -0.936128 2.05408 1
0.662395 1.04239 16432 0
40
0.268308 -0.413936 2.40091 1
0.59975 0.705187 19200 0
0.261786 -0.361163 2.44646 1
0.595513 0.675694 19568 0
0.246453 -0.0602484 2.42953 1
0.590545 0.529513 19432 0
0.245951 0.143492 2.43442 1
0.590179 0.42985 19472 0
0.0880048 -0.173418 2.39305 1
0.532825 0.586245 19144 0
0.0578356 -0.39654 2.32085 1
0.522243 0.703344 18560 0
0.0922965 -0.553608 2.20637 1
0.537339 0.798619 17648 0
0.0910373 -0.610299 2.18882 1
0.537125 0.831838 17504 0
0.415077 -0.180351 2.43657 1
0.652056 0.588091 19488 0
0.454443 -0.406664 2.40214 1
0.668863 0.701479 19216 0
0.420261 -0.527372 2.16316 1
0.673414 0.790149 17304 0
0.387562 -0.621227 2.01571 1
0.671619 0.866787 16120 0
0.192952 -0.490038 2.37918 1
0.57239 0.745129 19032 0
0.112417 -0.648881 2.09004 1
0.54801 0.86949 16720 0
0.165599 -0.904737 2.16749 1
0.568195 0.996773 17336 0
0.176765 -0.940168 2.0845 1
0.575692 1.03678 16672 0
0.350855 -0.482705 2.39753 1
0.630622 0.739613 19176 0
0.410747 -0.627032 2.09745 1
0.674798 0.855787 16776 0
0.367442 -0.903565 2.13558 1
0.653577 1.00354 17080 0
0.374043 -0.936104 2.05413 1
0.662536 1.04236 16432 0
40
0.268245 -0.413986 2.40021 1
0.599755 0.705272 19200 0
0.261169 -0.360066 2.44206 1
0.595459 0.675476 19536 0
0.246217 -0.0613965 2.40919 1
0.591223 0.53033 19272 0
0.246734 0.143152 2.40819 1
0.591452 0.429255 19264 0
0.0868981 -0.174369 2.36847 1
0.532749 0.587618 18944 0
0.0556061 -0.398161 2.3139 1
0.52145 0.704789 18504 0
0.0920039 -0.557044 2.20557 1
0.537234 0.800581 17640 0
0.0906958 -0.611866 2.18871 1
0.536987 0.832706 17504 0
0.415418 -0.178666 2.4203 1
0.653204 0.587855 19360 0
0.454348 -0.407256 2.39972 1
0.668998 0.701976 19192 0
0.419107 -0.526634 2.1595 1
0.673231 0.790234 17272 0
0.386446 -0.619846 2.01464 1
0.671217 0.866167 16112 0
0.192886 -0.4901 2.37927 1
0.572362 0.74515 19032 0
0.112414 -0.648735 2.09016 1
0.548006 0.869387 16720 0
0.165375 -0.904818 2.16695 1
0.56812 0.99694 17328 0
0.176482 -0.939698 2.08427 1
0.575579 1.03657 16672 0
0.350858 -0.482794 2.39765 1
0.630617 0.739645 19176 0
0.409232 -0.627103 2.09725 1
0.67417 0.855862 16776 0
0.367437 -0.90345 2.13553 1
0.653579 1.00349 17080 0
0.374292 -0.936147 2.05424 1
0.662635 1.04236 16432 0
40
0.268273 -0.414076 2.39804 1
0.599856 0.705503 19184 0
0.260873 -0.358441 2.43256 1
0.595724 0.675366 19456 0
0.247595 -0.0640995 2.38439 1
0.592687 0.531994 19072 0
0.250074 0.142481 2.37481 1
0.593993 0.428596 18992 0
0.0869173 -0.174968 2.34881 1
0.53303 0.588655 18784 0
0.0529602 -0.399605 2.30435 1
0.520514 0.706383 18432 0
0.0912846 -0.561088 2.20426 1
0.536965 0.802943 17632 0
0.0900862 -0.614074 2.18826 1
0.536746 0.833975 17504 0
0.416438 -0.177049 2.40182 1
0.654761 0.587729 19208 0
0.454648 -0.407787 2.39536 1
0.669417 0.702607 19160 0
0.417634 -0.534991 2.15806 1
0.672737 0.795036 17264 0
0.382917 -0.632271 2.0119 1
0.669884 0.874015 16088 0
0.192811 -0.490208 2.37921 1
0.572336 0.745211 19032 0
0.112363 -0.64865 2.0902 1
0.547983 0.869331 16720 0
0.16518 -0.904877 2.1665 1
0.568054 0.997076 17328 0
0.17625 -0.939418 2.08411 1
0.575485 1.03645 16672 0
0.350963 -0.482928 2.39753 1
0.630662 0.739724 19176 0
0.407595 -0.627357 2.09666 1
0.673523 0.856107 16768 0
0.367288 -0.903274 2.13567 1
0.653506 1.00336 17080 0
0.374402 -0.936211 2.05457 1
0.662656 1.04231 16432 0
40
0.268505 -0.414058 2.39333 1
0.600139 0.705897 19144 0
0.260874 -0.356591 2.41864 1
0.596275 0.675466 19344 0
0.247769 -0.0659656 2.36366 1
0.593566 0.533214 18904 0
0.252383 0.140993 2.34701 1
0.595984 0.428505 18776 0
0.087041 -0.175241 2.32566 1
0.533406 0.589677 18600 0
0.0506908 -0.400703 2.29442 1
0.51972 0.707846 18352 0
0.0913178 -0.564514 2.20181 1
0.537019 0.805132 17608 0
0.0898638 -0.616249 2.18706 1
0.536676 0.835342 17496 0
0.418149 -0.175468 2.38079 1
0.65677 0.587714 19040 0
0.455349 -0.408099 2.38894 1
0.670135 0.703307 19104 0
0.416654 -0.541933 2.15583 1
0.67251 0.799173 17240 0
0.38044 -0.641663 2.00996 1
0.668948 0.879937 16072 0
0.192763 -0.490405 2.37862 1
0.572336 0.745371 19024 0
0.112094 -0.648707 2.09004 1
0.547872 0.86939 16720 0
0.165004 -0.904921 2.16614 1
0.567993 0.997184 17328 0
0.176083 -0.939262 2.08401 1
0.575418 1.03639 16672 0
0.351372 -0.483123 2.39652 1
0.63087 0.739921 19168 0
0.405405 -0.628116 2.09516 1
0.672713 0.856792 16760 0
0.366854 -0.902975 2.1362 1
0.653287 1.00307 17088 0
0.374384 -0.936319 2.05535 1
0.662587 1.04216 16440 0
40
0.269445 -0.413445 2.38546 1
0.600821 0.706271 19080 0
0.261971 -0.354003 2.40163 1
0.597365 0.675426 19208 0
0.248774 -0.0667629 2.33854 1
0.594954 0.533977 18704 0
0.254239 0.14074 2.3248 1
0.597614 0.427951 18592 0
0.0895351 -0.17465 2.29704 1
0.534792 0.590489 18376 0
0.0494237 -0.401539 2.28391 1
0.519316 0.709238 18264 0
0.089991 -0.568566 2.19717 1
0.536559 0.807972 17576 0
0.0888154 -0.619196 2.18437 1
0.536292 0.83736 17472 0
0.420768 -0.17172 2.35376 1
0.659564 0.586826 18824 0
0.4568 -0.40798 2.38064 1
0.671272 0.703956 19040 0
0.41513 -0.540935 2.14731 1
0.672561 0.799807 17176 0
0.378652 -0.640908 2.0076 1
0.668351 0.879936 16056 0
0.193125 -0.490435 2.37654 1
0.572535 0.7456 19008 0
0.111498 -0.649053 2.0895 1
0.54763 0.869684 16712 0
0.164804 -0.904995 2.1658 1
0.567921 0.997303 17320 0
0.175906 -0.939355 2.08394 1
0.575344 1.03646 16664 0
0.35228 -0.483152 2.39412 1
0.63134 0.740176 19152 0
0.403113 -0.628477 2.0924 1
0.671964 0.857468 16736 0
0.366449 -0.902171 2.13692 1
0.653066 1.00245 17088 0
0.374502 -0.936139 2.05635 1
0.662559 1.0418 16448 0
40
0.270991 -0.411526 2.3744 1
0.601872 0.70627 18992 0
0.263982 -0.350619 2.38361 1
0.598854 0.675063 19064 0
0.251037 -0.0665511 2.31613 1
0.596745 0.534197 18528 0
0.259059 0.138775 2.29551 1
0.600733 0.428051 18360 0
0.0914758 -0.17314 2.27795 1
0.535844 0.590458 18216 0
0.0486578 -0.40023 2.26627 1
0.519164 0.71018 18128 0
0.0893174 -0.571835 2.19195 1
0.536371 0.81048 17528 0
0.0880828 -0.622054 2.18087 1
0.536051 0.839461 17440 0
0.42383 -0.167537 2.33193 1
0.662229 0.585504 18648 0
0.458907 -0.405983 2.36679 1
0.673069 0.704146 18928 0
0.41377 -0.539591 2.13597 1
0.672909 0.800651 17080 0
0.377304 -0.639171 2.00547 1
0.667931 0.87931 16040 0
0.194008 -0.489798 2.37228 1
0.572997 0.745722 18976 0
0.110593 -0.649912 2.0885 1
0.547266 0.87035 16704 0
0.164139 -0.905178 2.16567 1
0.567651 0.997433 17320 0
0.17507 -0.940007 2.08432 1
0.574972 1.03673 16672 0
0.353841 -0.482335 2.38889 1
0.63221 0.740295 19104 0
0.401138 -0.629283 2.08854 1
0.671437 0.858588 16704 0
0.365755 -0.901033 2.13811 1
0.652691 1.00154 17104 0
0.374356 -0.935856 2.05789 1
0.662374 1.04123 16456 0
40
0.27252 -0.407359 2.36034 1
0.603057 0.705397 18880 0
0.265978 -0.345611 2.36499 1
0.600385 0.673921 18912 0
0.253317 -0.0633548 2.29468 1
0.598536 0.532859 18352 0
0.262626 0.140104 2.27426 1
0.603075 0.426683 18192 0
0.0937174 -0.16885 2.25723 1
0.537059 0.589026 18056 0
0.0488644 -0.398136 2.24882 1
0.519395 0.710702 17984 0
0.0890997 -0.574317 2.18899 1
0.536332 0.812249 17504 0
0.0876732 -0.62463 2.17834 1
0.535925 0.841264 17424 0
0.426907 -0.161306 2.30704 1
0.665171 0.583213 18456 0
0.460204 -0.400153 2.34257 1
0.675352 0.703295 18736 0
0.414079 -0.545479 2.12656 1
0.673804 0.805276 17008 0
0.376899 -0.641972 2.0038 1
0.66789 0.88129 16024 0
0.19541 -0.487256 2.36438 1
0.573771 0.745264 18912 0
0.109428 -0.651385 2.08684 1
0.546805 0.871486 16688 0
0.16279 -0.905569 2.16589 1
0.567088 0.997597 17320 0
0.173336 -0.941332 2.08536 1
0.574193 1.03722 16680 0
0.355548 -0.478843 2.37876 1
0.633414 0.739571 19024 0
0.399593 -0.630621 2.08337 1
0.6712 0.860242 16664 0
0.364587 -0.899503 2.13987 1
0.652078 1.00027 17112 0
0.373729 -0.935412 2.06009 1
0.661929 1.04039 16480 0
40
0.273998 -0.399835 2.34115 1
0.604465 0.703257 18728 0
0.267969 -0.338321 2.34378 1
0.602052 0.671793 18744 0
0.255093 -0.0574392 2.27501 1
0.600085 0.530048 18200 0
0.265569 0.145297 2.25332 1
0.605198 0.423259 18024 0
0.0965967 -0.161769 2.23933 1
0.538503 0.585974 17912 0
0.0497631 -0.394915 2.23337 1
0.519888 0.710443 17864 0
0.0896744 -0.575731 2.18648 1
0.536608 0.813376 17488 0
0.0878938 -0.626392 2.17606 1
0.536053 0.842585 17408 0
0.42824 -0.153544 2.28422 1
0.667341 0.58 18272 0
0.460451 -0.392881 2.31742 1
0.67735 0.701766 18536 0
0.414611 -0.542227 2.10193 1
0.676067 0.807013 16808 0
0.377674 -0.637629 1.99942 1
0.668603 0.879538 15992 0
0.198414 -0.478723 2.34647 1
0.575476 0.742808 18768 0
0.106856 -0.651242 2.0807 1
0.54584 0.8725 16640 0
0.161019 -0.904898 2.1652 1
0.566379 0.997388 17320 0
0.171659 -0.941487 2.08533 1
0.573476 1.03732 16680 0
0.356471 -0.470876 2.36082 1
0.634777 0.737375 18880 0
0.398373 -0.635534 2.07751 1
0.671159 0.864073 16616 0
0.362032 -0.898937 2.14347 1
0.650759 0.999121 17144 0
0.371363 -0.936232 2.06471 1
0.660544 1.03966 16512 0
40
0.276779 -0.386084 2.31939 1
0.606516 0.698108 18552 0
0.271278 -0.324913 2.3203 1
0.604358 0.666654 18560 0
0.258214 -0.0418755 2.24893 1
0.602485 0.52216 17984 0
0.269329 0.15727 2.23142 1
0.607735 0.41612 17848 0
0.0992586 -0.149899 2.22331 1
0.539849 0.58024 17784 0
0.0516994 -0.38955 2.21926 1
0.520794 0.708905 17752 0
0.0904098 -0.575705 2.18352 1
0.536958 0.813787 17464 0
0.0881612 -0.627238 2.17355 1
0.536204 0.843443 17384 0
0.430927 -0.142298 2.26547 1
0.669785 0.574754 18120 0
0.461745 -0.381539 2.29586 1
0.679519 0.697782 18360 0
0.415133 -0.539283 2.08741 1
0.677514 0.807468 16696 0
0.378543 -0.633492 1.99551 1
0.669323 0.877815 15960 0
0.202358 -0.465886 2.32704 1
0.577619 0.73827 18616 0
0.104126 -0.650215 2.07472 1
0.544798 0.872984 16592 0
0.159621 -0.904242 2.16381 1
0.565845 0.997346 17304 0
0.170355 -0.941708 2.08475 1
0.572938 1.03759 16672 0
0.358657 -0.457063 2.34036 1
0.636788 0.732426 18720 0
0.397724 -0.639641 2.07287 1
0.671263 0.867246 16576 0
0.358752 -0.899206 2.14658 1
0.649177 0.998546 17168 0
0.367987 -0.938011 2.06885 1
0.658766 1.0396 16544 0
40
0.280048 -0.363034 2.29669 1
0.608839 0.688121 18368 0
0.274271 -0.310052 2.30122 1
0.606384 0.66035 18408 0
0.259671 -0.0365942 2.23735 1
0.603596 0.519466 17896 0
0.272183 0.173662 2.21139 1
0.609862 0.406539 17688 0
0.101756 -0.123673 2.20626 1
0.541168 0.566713 17648 0
0.0581823 -0.362166 2.19193 1
0.523693 0.69664 17528 0
0.0921781 -0.55794 2.17352 1
0.537855 0.805504 17384 0
0.0887862 -0.620297 2.16706 1
0.53657 0.84066 17336 0
0.435213 -0.12045 2.24729 1
0.672861 0.563788 17976 0
0.4615 -0.354727 2.26763 1
0.681657 0.686172 18136 0
0.416099 -0.537115 2.07928 1
0.678623 0.807431 16632 0
0.379568 -0.633707 1.99019 1
0.670235 0.878953 15920 0
0.207468 -0.443483 2.30499 1
0.580341 0.728982 18432 0
0.103303 -0.649937 2.0723 1
0.544495 0.87326 16576 0
0.158897 -0.907796 2.15713 1
0.56575 1.00085 17256 0
0.169367 -0.946652 2.0788 1
0.572723 1.04196 16624 0
0.361432 -0.431361 2.31541 1
0.639333 0.721721 18520 0
0.397514 -0.641696 2.07026 1
0.671389 0.868891 16560 0
0.354856 -0.900516 2.14853 1
0.647423 0.998819 17184 0
0.36399 -0.940504 2.07139 1
0.656849 1.04037 16568 0
40
0.282139 -0.344641 2.28155 1
0.610379 0.679775 18248 0
0.277031 -0.293556 2.28508 1
0.608213 0.652891 18280 0
0.260966 -0.0326474 2.22929 1
0.604489 0.517429 17832 0
0.273566 0.183072 2.20032 1
0.610976 0.400978 17600 0
0.10336 -0.102955 2.19532 1
0.542025 0.555814 17560 0
0.0623811 -0.34264 2.17523 1
0.525598 0.687467 17400 0
0.0914122 -0.530443 2.13503 1
0.538217 0.795684 17080 0
0.0881539 -0.597764 2.13244 1
0.536899 0.833615 17056 0
0.438268 -0.0958796 2.2305 1
0.675385 0.551158 17840 0
0.461422 -0.331196 2.24751 1
0.683253 0.675379 17976 0
0.417531 -0.532878 2.07281 1
0.679797 0.805957 16576 0
0.380785 -0.634513 1.98443 1
0.671277 0.880537 15872 0
0.210765 -0.424495 2.28951 1
0.582169 0.720659 18312 0
0.102938 -0.649471 2.07073 1
0.544372 0.873275 16560 0
0.158371 -0.911421 2.15134 1
0.565708 1.0042 17208 0
0.168297 -0.951417 2.07345 1
0.57245 1.0461 16584 0
0.362745 -0.412139 2.29854 1
0.640865 0.713395 18384 0
0.397483 -0.642628 2.06811 1
0.671553 0.86981 16544 0
0.351875 -0.901884 2.14878 1
0.646167 0.999517 17184 0
0.360667 -0.942799 2.07191 1
0.655378 1.04155 16568 0
40
0.284821 -0.317721 2.26393 1
0.612296 0.667022 18104 0
0.280608 -0.268398 2.26668 1
0.6105 0.640923 18128 0
0.264524 -0.0227596 2.21987 1
0.606364 0.512202 17752 0
0.275675 0.198323 2.18971 1
0.612374 0.39221 17512 0
0.105447 -0.0754157 2.18504 1
0.543075 0.541077 17480 0
0.0668372 -0.317168 2.16087 1
0.527609 0.674685 17280 0
0.0955717 -0.505677 2.1209 1
0.540222 0.783756 16960 0
0.0908873 -0.578544 2.11777 1
0.538307 0.825124 16936 0
0.440471 -0.0676079 2.21765 1
0.677288 0.536282 17736 0
0.461921 -0.307722 2.23085 1
0.684821 0.664165 17840 0
0.41953 -0.524475 2.06758 1
0.681115 0.801895 16536 0
0.38185 -0.635152 1.97924 1
0.672206 0.88192 15832 0
0.214371 -0.396539 2.27079 1
0.584264 0.707827 18160 0
0.102927 -0.648697 2.06899 1
0.544404 0.873145 16544 0
0.157756 -0.914408 2.14593 1
0.565618 1.00713 17160 0
0.167259 -0.955161 2.0684 1
0.572178 1.04958 16544 0
0.363834 -0.38485 2.27784 1
0.642572 0.701076 18216 0
0.397817 -0.642288 2.06651 1
0.67183 0.8699 16528 0
0.349975 -0.905479 2.14581 1
0.64558 1.0022 17160 0
0.358594 -0.947113 2.06903 1
0.654699 1.04479 16552 0
40
0.286203 -0.292352 2.2502 1
0.613529 0.654624 18000 0
0.282681 -0.242676 2.25179 1
0.612053 0.62826 18008 0
0.268583 -0.00219789 2.21003 1
0.608476 0.501184 17680 0
0.276471 0.222376 2.18234 1
0.613078 0.378729 17456 0
0.10807 -0.0425241 2.17765 1
0.544297 0.52324 17416 0
0.0695815 -0.289016 2.14802 1
0.528914 0.660131 17184 0
0.117847 -0.469573 2.11186 1
0.549809 0.764625 16888 0
0.107572 -0.546091 2.1046 1
0.545623 0.808808 16832 0
0.441959 -0.0403007 2.2092 1
0.678567 0.521711 17672 0
0.464521 -0.278167 2.21522 1
0.687173 0.649445 17720 0
0.42195 -0.504412 2.06287 1
0.682576 0.791008 16496 0
0.394628 -0.567182 2.00655 1
0.675546 0.836407 16048 0
0.216583 -0.368276 2.25425 1
0.585758 0.694431 18032 0
0.103199 -0.64788 2.06746 1
0.544554 0.872949 16536 0
0.156988 -0.916935 2.1405 1
0.565464 1.00982 17120 0
0.166078 -0.958178 2.06322 1
0.571849 1.0527 16504 0
0.363889 -0.362075 2.26332 1
0.643508 0.690391 18104 0
0.399538 -0.636643 2.06492 1
0.672706 0.866932 16512 0
0.349921 -0.915164 2.12944 1
0.646675 1.01148 17032 0
0.357555 -0.951883 2.05879 1
0.655019 1.05025 16464 0
40
0.287317 -0.260719 2.23727 1
0.614629 0.63869 17896 0
0.28438 -0.209304 2.23766 1
0.613438 0.611321 17896 0
0.272845 0.0371461 2.19865 1
0.610768 0.479893 17584 0
0.275403 0.263452 2.17693 1
0.612922 0.355971 17408 0
0.11019 -0.0109944 2.17255 1
0.545272 0.506023 17376 0
0.0730382 -0.249334 2.13671 1
0.530511 0.638876 17088 0
0.126418 -0.448606 2.10539 1
0.553595 0.753585 16840 0
0.119795 -0.51447 2.09366 1
0.551072 0.792447 16744 0
0.443908 -0.000627059 2.20095 1
0.680027 0.500339 17600 0
0.466974 -0.250075 2.20239 1
0.689257 0.635135 17616 0
0.392101 -0.437883 2.13101 1
0.664236 0.744549 17048 0
0.375055 -0.479297 2.08544 1
0.660528 0.773527 16680 0
0.217691 -0.339528 2.24091 1
0.58671 0.68032 17920 0
0.104163 -0.643483 2.06366 1
0.545054 0.871101 16504 0
0.143689 -0.921604 2.10301 1
0.560987 1.02155 16824 0
0.151444 -0.963155 2.02561 1
0.566734 1.06589 16200 0
0.364242 -0.330234 2.2483 1
0.644607 0.674807 17984 0
0.400876 -0.623785 2.06755 1
0.673064 0.859064 16536 0
0.353563 -0.920563 2.10715 1
0.64977 1.01994 16856 0
0.361129 -0.958462 2.0334 1
0.658524 1.06098 16264 0
40
0.288121 -0.223698 2.22745 1
0.615457 0.619522 17816 0
0.285556 -0.171956 2.22721 1
0.614442 0.591886 17816 0
0.275666 0.0784809 2.19077 1
0.612316 0.457366 17520 0
0.276324 0.305371 2.17536 1
0.613381 0.332933 17400 0
0.112588 0.0323183 2.17056 1
0.546299 0.48228 17360 0
0.0737879 -0.201117 2.12739 1
0.530959 0.612511 17016 0
0.127339 -0.393569 2.08334 1
0.554558 0.724829 16664 0
0.123042 -0.457332 2.06953 1
0.553068 0.762998 16552 0
0.444835 0.0390349 2.19655 1
0.680764 0.47885 17568 0
0.470645 -0.218867 2.19113 1
0.691725 0.618879 17528 0
0.393182 -0.393876 2.15431 1
0.662907 0.717592 17232 0
0.374847 -0.42378 2.12303 1
0.657598 0.737562 16984 0
0.218304 -0.300419 2.2299 1
0.587384 0.660337 17832 0
0.118888 -0.59992 2.06096 1
0.55149 0.846431 16480 0
0.128782 -0.911736 2.07925 1
0.555284 1.02186 16632 0
0.135383 -0.953007 2.00159 1
0.560373 1.06665 16008 0
0.364498 -0.294869 2.23732 1
0.645419 0.656853 17896 0
0.398651 -0.59816 2.06905 1
0.671979 0.844064 16552 0
0.362689 -0.916507 2.08502 1
0.655267 1.02314 16680 0
0.370009 -0.954974 2.00951 1
0.664353 1.06558 16072 0
40
0.286877 -0.183647 2.21983 1
0.615353 0.598459 17752 0
0.28478 -0.132365 2.21947 1
0.614529 0.570977 17752 0
0.276732 0.121386 2.18676 1
0.612956 0.433937 17488 0
0.278829 0.348327 2.17757 1
0.614293 0.309626 17416 0
0.112779 0.067741 2.17106 1
0.546367 0.462866 17368 0
0.0739496 -0.170963 2.12338 1
0.531086 0.595823 16984 0
0.122425 -0.350249 2.06416 1
0.552939 0.701942 16512 0
0.121939 -0.421507 2.05351 1
0.553003 0.744287 16424 0
0.44575 0.0724843 2.19408 1
0.681339 0.460683 17552 0
0.475594 -0.178249 2.18314 1
0.69445 0.597171 17464 0
0.40876 -0.35133 2.17109 1
0.668053 0.692589 17368 0
0.383118 -0.388829 2.14007 1
0.659793 0.716233 17120 0
0.216438 -0.26276 2.22235 1
0.586931 0.640714 17776 0
0.134139 -0.562986 2.06318 1
0.558033 0.824753 16504 0
0.120007 -0.899465 2.06465 1
0.551882 1.01848 16512 0
0.125646 -0.940067 1.9867 1
0.556451 1.06314 15888 0
0.363007 -0.256775 2.22787 1
0.645439 0.637169 17816 0
0.395206 -0.581188 2.07198 1
0.670252 0.833828 16568 0
0.373681 -0.905033 2.0612 1
0.661821 1.02256 16488 0
0.380272 -0.943968 1.98433 1
0.671054 1.06615 15872 0
40
0.285293 -0.150824 2.21477 1
0.614978 0.581047 17712 0
0.283455 -0.0999493 2.21444 1
0.614255 0.553717 17712 0
0.276317 0.15347 2.18544 1
0.612855 0.416425 17480 0
0.278938 0.379898 2.17937 1
0.614244 0.292542 17432 0
0.112341 0.099774 2.17304 1
0.546145 0.445356 17384 0
0.0749219 -0.140938 2.11977 1
0.531548 0.579128 16952 0
0.12175 -0.318673 2.05657 1
0.552842 0.684414 16448 0
0.122009 -0.391283 2.04465 1
0.553263 0.727754 16352 0
0.445966 0.107579 2.19339 1
0.681484 0.441628 17544 0
0.479554 -0.146813 2.17831 1
0.696505 0.580212 17424 0
0.422259 -0.321812 2.17615 1
0.673198 0.675997 17408 0
0.392076 -0.3625 2.1478 1
0.662941 0.700866 17176 0
0.214488 -0.22979 2.21699 1
0.586356 0.623356 17728 0
0.143924 -0.539679 2.065 1
0.562211 0.811034 16520 0
0.118793 -0.817104 2.05135 1
0.55169 0.974056 16408 0
0.123534 -0.856484 1.97329 1
0.555879 1.01656 15784 0
0.360986 -0.222275 2.2208 1
0.645089 0.619117 17760 0
0.391994 -0.569502 2.07448 1
0.668665 0.826722 16592 0
0.380134 -0.887914 2.04471 1
0.665943 1.01681 16352 0
0.385949 -0.927104 1.96694 1
0.675143 1.06096 15728 0
40
0.28472 -0.117176 2.21097 1
0.614945 0.563074 17680 0
0.283027 -0.0657355 2.21045 1
0.614288 0.535393 17680 0
0.276385 0.191096 2.18409 1
0.612953 0.39587 17472 0
0.275088 0.419985 2.18625 1
0.612312 0.271373 17488 0
0.114925 0.136495 2.17455 1
0.547174 0.425297 17392 0
0.0774114 -0.111449 2.11629 1
0.53265 0.562675 16928 0
0.129928 -0.281759 2.04512 1
0.556707 0.663965 16360 0
0.127256 -0.357017 2.03366 1
0.555854 0.708931 16264 0
0.44656 0.140639 2.19251 1
0.681799 0.423659 17536 0
0.486213 -0.107938 2.17552 1
0.699488 0.559048 17400 0
0.438088 -0.282416 2.15393 1
0.681545 0.656045 17224 0
0.40749 -0.326443 2.13033 1
0.670736 0.68237 17040 0
0.214159 -0.19231 2.21308 1
0.586376 0.603418 17704 0
0.150567 -0.52177 2.06715 1
0.565014 0.800399 16536 0
0.123433 -0.77112 2.05255 1
0.553677 0.947116 16416 0
0.127445 -0.810325 1.97424 1
0.557621 0.988487 15792 0
0.359725 -0.189142 2.21574 1
0.644913 0.601593 17720 0
0.388821 -0.555433 2.07629 1
0.667153 0.818373 16608 0
0.384428 -0.817806 2.03648 1
0.668496 0.977928 16288 0
0.362565 -0.865597 2.03918 1
0.658702 1.00519 16312 0
40
0.285414 -0.0797514 2.20741 1
0.615411 0.542998 17656 0
0.284053 -0.0277425 2.20696 1
0.614884 0.51496 17648 0
0.279143 0.232576 2.18453 1
0.614057 0.373293 17472 0
0.275676 0.461675 2.19282 1
0.612215 0.249432 17536 0
0.120979 0.180274 2.17678 1
0.549608 0.401438 17408 0
0.0818935 -0.079298 2.11334 1
0.534589 0.544657 16904 0
0.135048 -0.249904 2.037 1
0.559177 0.646008 16288 0
0.159677 -0.312276 2.01175 1
0.570847 0.684738 16088 0
0.450337 0.176536 2.1942 1
0.683196 0.404248 17552 0
0.492858 -0.0717296 2.17282 1
0.702466 0.539289 17376 0
0.449051 -0.248346 2.13896 1
0.68739 0.63818 17104 0
0.418779 -0.296433 2.11712 1
0.67656 0.666638 16936 0
0.214431 -0.152878 2.20953 1
0.586625 0.582345 17672 0
0.153782 -0.512329 2.06834 1
0.566365 0.794795 16544 0
0.127871 -0.753192 2.05877 1
0.555439 0.935403 16464 0
0.131852 -0.792023 1.98043 1
0.559427 0.97596 15840 0
0.359713 -0.154614 2.21062 1
0.645243 0.583239 17680 0
0.381914 -0.52056 2.08676 1
0.66336 0.796886 16688 0
0.384326 -0.763411 2.03956 1
0.668197 0.945467 16312 0
0.375167 -0.812932 2.00144 1
0.667315 0.983397 16008 0
40
0.286846 -0.05225 2.20464 1
0.616135 0.528206 17632 0
0.285542 -0.000584081 2.20436 1
0.615622 0.500315 17632 0
0.280843 0.258403 2.18525 1
0.614714 0.359269 17480 0
0.276935 0.487674 2.19707 1
0.612509 0.235834 17576 0
0.123754 0.206086 2.17784 1
0.550721 0.38738 17416 0
0.0844866 -0.0547889 2.11084 1
0.535726 0.530891 16880 0
0.138179 -0.228402 2.02865 1
0.560798 0.633994 16224 0
0.174908 -0.285909 1.99565 1
0.578231 0.670505 15960 0
0.452672 0.202326 2.19513 1
0.684067 0.390306 17560 0
0.497961 -0.046249 2.1705 1
0.704781 0.525359 17360 0
0.457981 -0.221714 2.12259 1
0.692591 0.624314 16976 0
0.429835 -0.272975 2.10599 1
0.682179 0.654262 16840 0
0.215893 -0.124238 2.20615 1
0.587349 0.567021 17648 0
0.155234 -0.504735 2.07186 1
0.566877 0.789932 16568 0
0.134724 -0.751868 2.0752 1
0.557948 0.931194 16600 0
0.138721 -0.790122 1.99641 1
0.562022 0.971018 15968 0
0.360822 -0.12781 2.20675 1
0.645946 0.568929 17648 0
0.379043 -0.502647 2.09292 1
0.661655 0.785827 16736 0
0.382931 -0.742053 2.04351 1
0.667262 0.932167 16344 0
0.377356 -0.786541 1.99329 1
0.668979 0.969615 15944 0
40
0.288632 -0.0288337 2.20212 1
0.616993 0.515583 17616 0
0.287475 0.0231282 2.20215 1
0.616522 0.487501 17616 0
0.283483 0.284623 2.18759 1
0.615668 0.345155 17496 0
0.280691 0.514899 2.20396 1
0.613679 0.221958 17624 0
0.126255 0.232176 2.17898 1
0.551719 0.373189 17424 0
0.0858905 -0.0264549 2.10989 1
0.536336 0.514922 16872 0
0.13676 -0.20124 2.0145 1
0.560596 0.618888 16112 0
0.175415 -0.25307 1.97251 1
0.579378 0.652691 15776 0
0.45579 0.23471 2.19623 1
0.685243 0.372812 17568 0
0.502492 -0.0186964 2.16806 1
0.706877 0.510263 17344 0
0.463373 -0.197411 2.11221 1
0.695816 0.611231 16896 0
0.438517 -0.249191 2.09652 1
0.686699 0.641457 16768 0
0.217644 -0.0987834 2.20241 1
0.588207 0.55338 17616 0
0.156352 -0.498231 2.07913 1
0.567124 0.785195 16632 0
0.141666 -0.759 2.09486 1
0.560362 0.9312 16752 0
0.14556 -0.795996 2.01528 1
0.56447 0.970076 16120 0
0.362249 -0.106667 2.20338 1
0.646748 0.557614 17624 0
0.377212 -0.48623 2.09981 1
0.660346 0.775584 16792 0
0.374071 -0.743102 2.0686 1
0.661411 0.927528 16544 0
0.37651 -0.777874 1.99487 1
0.668467 0.964074 15952 0
40
0.290367 -0.0101802 2.19937 1
0.617843 0.505509 17592 0
0.289181 0.0416716 2.2 1
0.617328 0.477457 17600 0
0.285056 0.303439 2.18959 1
0.616204 0.335069 17512 0
0.282762 0.533779 2.20836 1
0.614289 0.212336 17664 0
0.128089 0.252972 2.18009 1
0.552443 0.361901 17440 0
0.0841735 -0.00177384 2.10998 1
0.535608 0.501001 16872 0
0.131354 -0.175804 2.00268 1
0.558545 0.604475 16016 0
0.169831 -0.231771 1.95931 1
0.577369 0.640783 15672 0
0.457956 0.254611 2.19707 1
0.686051 0.362081 17576 0
0.506397 0.000102215 2.16643 1
0.708641 0.499944 17328 0
0.465671 -0.174652 2.09809 1
0.698111 0.59907 16784 0
0.436491 -0.228784 2.06739 1
0.688454 0.631703 16536 0
0.219274 -0.0796733 2.19842 1
0.589029 0.543131 17584 0
0.157557 -0.494431 2.08847 1
0.567338 0.781754 16704 0
0.147774 -0.771934 2.11195 1
0.562455 0.934999 16888 0
0.151714 -0.808093 2.03197 1
0.566644 0.973301 16248 0
0.364122 -0.0886117 2.19959 1
0.647761 0.547945 17592 0
0.376212 -0.47767 2.10379 1
0.659619 0.77022 16824 0
0.372288 -0.737031 2.08 1
0.65976 0.92171 16640 0
0.376965 -0.768888 1.99688 1
0.668501 0.958252 15968 0
40
0.29185 0.00274226 2.19692 1
0.618577 0.498514 17568 0
0.290498 0.0537531 2.1984 1
0.617948 0.4709 17584 0
0.286005 0.313943 2.19061 1
0.616536 0.32944 17520 0
0.284727 0.544978 2.21259 1
0.614863 0.206863 17696 0
0.129631 0.273005 2.18178 1
0.553034 0.35108 17448 0
0.0824753 0.0204227 2.11174 1
0.534861 0.48849 16888 0
0.123693 -0.154747 1.99337 1
0.555387 0.59239 15944 0
0.157932 -0.212626 1.94807 1
0.572364 0.629899 15584 0
0.460877 0.270982 2.19814 1
0.687148 0.353284 17584 0
0.514314 0.029129 2.16377 1
0.712164 0.483978 17304 0
0.468356 -0.15803 2.08522 1
0.700484 0.590195 16680 0
0.437556 -0.216595 2.05043 1
0.690477 0.625717 16400 0
0.220557 -0.0677531 2.19511 1
0.589685 0.536734 17560 0
0.160166 -0.491248 2.09698 1
0.568176 0.778804 16768 0
0.152088 -0.781439 2.12297 1
0.563945 0.938069 16976 0
0.155999 -0.817031 2.04275 1
0.568165 0.976011 16336 0
0.365893 -0.0748077 2.19605 1
0.648719 0.540541 17568 0
0.375909 -0.472298 2.1075 1
0.659209 0.766711 16856 0
0.366484 -0.755374 2.10324 1
0.655532 0.927431 16824 0
0.372685 -0.787283 2.01537 1
0.66506 0.964911 16120 0
40
0.29386 0.0146334 2.19339 1
0.619585 0.49206 17544 0
0.29233 0.0646834 2.1964 1
0.6188 0.464951 17568 0
0.287517 0.322724 2.19189 1
0.617084 0.324771 17528 0
0.287073 0.554303 2.21672 1
0.615594 0.202402 17728 0
0.13106 0.287406 2.18272 1
0.553595 0.343292 17456 0
0.0794731 0.0386647 2.11397 1
0.533556 0.478233 16904 0
0.116512 -0.137899 1.98642 1
0.552354 0.582619 15888 0
0.143715 -0.195338 1.93892 1
0.56616 0.6199 15504 0
0.46335 0.284098 2.19884 1
0.688092 0.346231 17584 0
0.51788 0.0417865 2.16237 1
0.713773 0.477002 17296 0
0.471834 -0.146436 2.07139 1
0.70332 0.584135 16568 0
0.440674 -0.209087 2.0352 1
0.69327 0.622268 16280 0
0.222688 -0.0565893 2.18957 1
0.590781 0.530759 17512 0
0.162669 -0.488473 2.1027 1
0.569053 0.776474 16816 0
0.159422 -0.792306 2.13694 1
0.56659 0.94126 17088 0
0.163311 -0.827249 2.0564 1
0.570886 0.978764 16448 0
0.368008 -0.0612193 2.191 1
0.649923 0.533254 17520 0
0.376365 -0.469559 2.11165 1
0.65909 0.764643 16888 0
0.363497 -0.766954 2.11508 1
0.653401 0.931554 16920 0
0.369939 -0.800416 2.02668 1
0.662929 0.970028 16208 0
40
0.295712 0.023819 2.18994 1
0.620528 0.487056 17512 0
0.293997 0.0729306 2.19476 1
0.619566 0.460453 17552 0
0.289173 0.32926 2.19312 1
0.617693 0.321323 17544 0
0.28999 0.561229 2.22065 1
0.616562 0.199217 17760 0
0.13261 0.298907 2.18329 1
0.554215 0.337064 17464 0
0.0732949 0.0573593 2.11617 1
0.530915 0.467741 16928 0
0.101612 -0.112921 1.98177 1
0.545766 0.567813 15848 0
0.125174 -0.173901 1.93547 1
0.557727 0.606932 15480 0
0.465441 0.293458 2.19907 1
0.688921 0.341183 17592 0
0.521422 0.0508336 2.16088 1
0.715384 0.472003 17280 0
0.477092 -0.13854 2.05832 1
0.706891 0.580104 16464 0
0.451307 -0.203504 2.01456 1
0.699961 0.620223 16112 0
0.224724 -0.0478004 2.18406 1
0.591842 0.526047 17472 0
0.165298 -0.486018 2.10584 1
0.570064 0.774675 16840 0
0.162905 -0.796995 2.14353 1
0.567836 0.942505 17144 0
0.166754 -0.831533 2.06281 1
0.572156 0.979748 16496 0
0.369659 -0.0513348 2.18636 1
0.650915 0.527944 17488 0
0.377322 -0.469745 2.11695 1
0.659095 0.764086 16928 0
0.360267 -0.787753 2.13331 1
0.650739 0.93947 17064 0
0.366038 -0.823329 2.04754 1
0.659568 0.978556 16376 0
40
0.297446 0.0308502 2.18682 1
0.621409 0.48321 17488 0
0.295609 0.0793583 2.19351 1
0.620291 0.456943 17544 0
0.291478 0.335112 2.19465 1
0.618548 0.318274 17552 0
0.293462 0.567361 2.22437 1
0.61776 0.19644 17792 0
0.133885 0.307554 2.1838 1
0.554723 0.332389 17464 0
0.0657977 0.0744918 2.11798 1
0.52773 0.458142 16936 0
0.0907621 -0.0939366 1.98262 1
0.540862 0.556388 15856 0
0.109695 -0.155492 1.93598 1
0.550575 0.595587 15480 0
0.467089 0.300436 2.19891 1
0.689603 0.337394 17584 0
0.526179 0.0580853 2.15889 1
0.717549 0.467979 17264 0
0.488498 -0.126902 2.04606 1
0.713107 0.573815 16368 0
0.46432 -0.194804 2.0031 1
0.706904 0.615741 16024 0
0.226468 -0.0413446 2.17954 1
0.592746 0.522576 17432 0
0.170596 -0.479784 2.10183 1
0.572448 0.77167 16808 0
0.165245 -0.797898 2.14661 1
0.568712 0.942372 17168 0
0.169009 -0.832128 2.06575 1
0.573027 0.979407 16520 0
0.371304 -0.0435186 2.18176 1
0.651907 0.523739 17448 0
0.378527 -0.471569 2.12401 1
0.659072 0.76423 16992 0
0.359231 -0.797916 2.1444 1
0.649528 0.942836 17152 0
0.364514 -0.833817 2.0598 1
0.657958 0.981768 16472 0
40
0.299259 0.0364623 2.18374 1
0.622321 0.480128 17464 0
0.297356 0.0845444 2.19247 1
0.621059 0.454107 17536 0
0.294481 0.340252 2.19598 1
0.619697 0.315598 17560 0
0.298143 0.5728 2.22805 1
0.619441 0.194036 17824 0
0.134728 0.313297 2.1841 1
0.55506 0.329284 17472 0
0.0578893 0.0876933 2.11893 1
0.524386 0.450746 16944 0
0.081733 -0.0808402 1.98191 1
0.53681 0.548544 15848 0
0.0996221 -0.144073 1.93607 1
0.545929 0.588563 15488 0
0.468738 0.305917 2.1983 1
0.690325 0.334381 17584 0
0.531685 0.063228 2.15647 1
0.720072 0.465105 17248 0
0.49918 -0.117441 2.03682 1
0.718755 0.568621 16288 0
0.479096 -0.185755 1.993 1
0.71457 0.610924 15936 0
0.227958 -0.0366083 2.17577 1
0.593518 0.520024 17400 0
0.176004 -0.468956 2.08749 1
0.575258 0.767362 16696 0
0.166997 -0.790549 2.13911 1
0.569683 0.939832 17112 0
0.170282 -0.824387 2.05806 1
0.573853 0.976723 16464 0
0.37306 -0.0373958 2.1772 1
0.652944 0.520442 17416 0
0.379677 -0.473499 2.13208 1
0.658952 0.764307 17056 0
0.358614 -0.802834 2.15065 1
0.648837 0.944271 17200 0
0.363612 -0.838774 2.06651 1
0.657056 0.983059 16528 0
40
0.300909 0.0405567 2.18098 1
0.623151 0.477869 17440 0
0.298949 0.0883522 2.19168 1
0.621751 0.452023 17528 0
0.297204 0.34402 2.19677 1
0.62076 0.313624 17568 0
0.301714 0.576602 2.23043 1
0.620743 0.192333 17840 0
0.135315 0.317509 2.18438 1
0.555293 0.32701 17472 0
0.0523393 0.0958278 2.11954 1
0.522041 0.446193 16952 0
0.0754685 -0.0729242 1.98069 1
0.53401 0.543817 15840 0
0.0928943 -0.137278 1.93566 1
0.542837 0.584404 15480 0
0.470175 0.31013 2.19715 1
0.691009 0.332012 17576 0
0.540691 0.0673474 2.1534 1
0.724119 0.462779 17224 0
0.50751 -0.111385 2.03124 1
0.723016 0.565261 16248 0
0.493466 -0.178642 1.98531 1
0.721862 0.60709 15880 0
0.229223 -0.0332547 2.17272 1
0.594169 0.518216 17376 0
0.180029 -0.456989 2.06762 1
0.577719 0.763044 16536 0
0.167144 -0.776101 2.11048 1
0.570691 0.937652 16880 0
0.169249 -0.809733 2.02936 1
0.574442 0.97487 16232 0
0.374669 -0.0330504 2.1731 1
0.653894 0.5181 17384 0
0.380577 -0.474716 2.13949 1
0.658777 0.764068 17112 0
0.358591 -0.805812 2.15527 1
0.648509 0.944964 17240 0
0.36328 -0.841599 2.0715 1
0.656534 0.983517 16568 0
40
0.302305 0.0434207 2.17845 1
0.623866 0.476278 17424 0
0.300268 0.091055 2.19107 1
0.622322 0.450542 17528 0
0.299431 0.346701 2.19712 1
0.621646 0.312201 17576 0
0.304339 0.579247 2.23193 1
0.621711 0.19113 17848 0
0.135718 0.320499 2.18458 1
0.555453 0.325397 17472 0
0.0482624 0.101464 2.12035 1
0.520317 0.44305 16960 0
0.0700706 -0.0681164 1.97957 1
0.531595 0.540952 15832 0
0.0873418 -0.133452 1.93573 1
0.540275 0.582049 15480 0
0.471549 0.313164 2.1955 1
0.691711 0.330242 17560 0
0.547509 0.0695764 2.15107 1
0.727191 0.461505 17208 0
0.519189 -0.106075 2.02587 1
0.728754 0.562315 16200 0
0.507278 -0.173966 1.98106 1
0.728561 0.60451 15848 0
0.230228 -0.0309669 2.17019 1
0.594692 0.516982 17360 0
0.181534 -0.447622 2.04855 1
0.579098 0.760051 16384 0
0.165883 -0.762483 2.06724 1
0.571625 0.938967 16536 0
0.166759 -0.796038 1.98609 1
0.574945 0.977011 15888 0
0.376077 -0.0301748 2.16919 1
0.654751 0.516555 17352 0
0.381255 -0.475443 2.14517 1
0.658638 0.763773 17160 0
0.358814 -0.807386 2.15878 1
0.64836 0.945108 17264 0
0.363031 -0.842844 2.07544 1
0.65613 0.983314 16600 0
40
0.303491 0.0452564 2.17601 1
0.624491 0.475248 17408 0
0.301387 0.0929081 2.19056 1
0.622807 0.449523 17520 0
0.301247 0.348572 2.19709 1
0.622385 0.311185 17576 0
0.306286 0.581084 2.23283 1
0.62244 0.190276 17856 0
0.136036 0.322644 2.18476 1
0.555578 0.324243 17472 0
0.0453066 0.105089 2.12111 1
0.519066 0.441036 16968 0
0.0644764 -0.0665575 1.9787 1
0.529085 0.540032 15824 0
0.0801253 -0.133252 1.93571 1
0.536947 0.581927 15480 0
0.47297 0.31503 2.19285 1
0.692521 0.329024 17536 0
0.553559 0.0711264 2.14858 1
0.729967 0.460602 17184 0
0.530564 -0.102621 2.0222 1
0.73419 0.560395 16176 0
0.521644 -0.170964 1.97843 1
0.735347 0.602844 15824 0
0.231025 -0.0295412 2.16806 1
0.595113 0.516216 17344 0
0.181692 -0.442119 2.03507 1
0.579691 0.758555 16280 0
0.164773 -0.754345 2.04104 1
0.572059 0.939856 16328 0
0.164554 -0.787878 1.95985 1
0.574944 0.978442 15672 0
0.377329 -0.0286191 2.16511 1
0.655558 0.515731 17320 0
0.381968 -0.476021 2.14976 1
0.658596 0.76353 17192 0
0.359325 -0.8073 2.16282 1
0.648293 0.944229 17296 0
0.362602 -0.842109 2.08031 1
0.655581 0.981763 16640 0
40
0.304556 0.0462599 2.17327 1
0.625086 0.474667 17384 0
0.302467 0.0941141 2.18995 1
0.623281 0.448854 17512 0
0.30313 0.349867 2.19632 1
0.623193 0.310417 17568 0
0.307935 0.582372 2.23308 1
0.623086 0.189623 17864 0
0.136331 0.324096 2.18495 1
0.555694 0.323467 17472 0
0.0432068 0.107213 2.12224 1
0.518172 0.439876 16976 0
0.0577148 -0.0690413 1.97935 1
0.526027 0.541513 15832 0
0.0700667 -0.137265 1.93677 1
0.532291 0.584347 15488 0
0.474434 0.315935 2.18928 1
0.693432 0.328253 17512 0
0.559619 0.0724423 2.1453 1
0.73284 0.459812 17160 0
0.543264 -0.102356 2.01942 1
0.740125 0.560323 16152 0
0.534623 -0.171338 1.97757 1
0.741307 0.603113 15816 0
0.231689 -0.028779 2.16597 1
0.595479 0.515813 17320 0
0.181509 -0.438393 2.02594 1
0.57997 0.757531 16200 0
0.162656 -0.745097 2.01208 1
0.572157 0.940718 16096 0
0.161275 -0.778697 1.93089 1
0.574553 0.979958 15440 0
0.378326 -0.0281137 2.16089 1
0.656275 0.515484 17280 0
0.382468 -0.476399 2.15271 1
0.658585 0.763377 17216 0
0.360045 -0.806232 2.1666 1
0.648331 0.942867 17328 0
0.362201 -0.84051 2.08475 1
0.655078 0.979823 16672 0
40
0.305667 0.046331 2.16945 1
0.625763 0.474584 17352 0
0.303783 0.0946004 2.18875 1
0.623886 0.448561 17504 0
0.305516 0.35057 2.19388 1
0.624301 0.309824 17544 0
0.309457 0.58315 2.23231 1
0.623737 0.189101 17856 0
0.136659 0.324927 2.18508 1
0.555825 0.323026 17480 0
0.0424292 0.106832 2.12466 1
0.517825 0.440158 16992 0
0.0493659 -0.0771959 1.98389 1
0.522211 0.546309 15864 0
0.0579276 -0.14675 1.94199 1
0.526625 0.589934 15528 0
0.475741 0.316213 2.18511 1
0.694335 0.327773 17480 0
0.5643 0.0732288 2.14244 1
0.735102 0.459321 17136 0
0.558329 -0.108762 2.01625 1
0.747172 0.564198 16128 0
0.553239 -0.179996 1.97704 1
0.749776 0.608353 15816 0
0.23239 -0.0287332 2.16315 1
0.595893 0.515808 17304 0
0.18132 -0.435995 2.01977 1
0.58013 0.756904 16152 0
0.16089 -0.734092 1.98339 1
0.572406 0.940488 15864 0
0.158481 -0.767826 1.90229 1
0.574362 0.980372 15216 0
0.379138 -0.0285704 2.15607 1
0.65696 0.515771 17248 0
0.382825 -0.476669 2.15463 1
0.658592 0.763292 17232 0
0.360661 -0.805039 2.16936 1
0.648396 0.94165 17352 0
0.361787 -0.838992 2.08793 1
0.654665 0.978227 16696 0
40
0.306798 0.0455983 2.16402 1
0.626545 0.474923 17312 0
0.30532 0.0943622 2.18636 1
0.624649 0.448635 17488 0
0.307655 0.35083 2.1897 1
0.625411 0.30932 17512 0
0.310806 0.583463 2.22905 1
0.624458 0.18848 17832 0
0.137104 0.325242 2.18504 1
0.556007 0.322851 17480 0
0.0446457 0.101911 2.12873 1
0.51872 0.443024 17024 0
0.040809 -0.0923353 1.99492 1
0.518259 0.555085 15952 0
0.0414543 -0.166283 1.95767 1
0.518901 0.601088 15656 0
0.476739 0.316287 2.18035 1
0.695168 0.327357 17440 0
0.567953 0.073556 2.13979 1
0.736916 0.459089 17112 0
0.571315 -0.117759 2.01389 1
0.753217 0.569591 16104 0
0.571419 -0.192485 1.97844 1
0.757802 0.615789 15824 0
0.233359 -0.0294331 2.1586 1
0.596495 0.516228 17264 0
0.181265 -0.434483 2.0157 1
0.580268 0.756531 16120 0
0.159041 -0.726201 1.96155 1
0.572371 0.940605 15688 0
0.155846 -0.759985 1.88044 1
0.573976 0.980991 15040 0
0.379819 -0.0295412 2.15033 1
0.657661 0.51635 17200 0
0.3831 -0.476839 2.15595 1
0.658609 0.763224 17240 0
0.361189 -0.803693 2.17125 1
0.648484 0.940528 17368 0
0.361368 -0.837443 2.09009 1
0.654326 0.976851 16720 0
40
0.307823 0.0440968 2.1567 1
0.627399 0.475666 17248 0
0.306951 0.0933115 2.18218 1
0.625554 0.449109 17456 0
0.309253 0.350705 2.18358 1
0.626415 0.308854 17464 0
0.311445 0.58342 2.22338 1
0.625032 0.187708 17784 0
0.137881 0.324864 2.18435 1
0.556343 0.323 17472 0
0.0535244 0.0875345 2.13546 1
0.522372 0.451216 17080 0
0.0345169 -0.110979 2.01248 1
0.515309 0.56563 16096 0
0.0312223 -0.186557 1.97866 1
0.514085 0.61221 15824 0
0.477395 0.316212 2.17466 1
0.695948 0.326947 17392 0
0.570707 0.0734622 2.13715 1
0.738359 0.459091 17096 0
0.58187 -0.125678 2.01345 1
0.757951 0.574286 16104 0
0.588237 -0.203789 1.98278 1
0.764809 0.622321 15856 0
0.234526 -0.0307894 2.15201 1
0.597275 0.517027 17216 0
0.181192 -0.433585 2.01284 1
0.58035 0.756364 16096 0
0.157278 -0.72076 1.94677 1
0.572112 0.940625 15568 0
0.15355 -0.754549 1.86562 1
0.573465 0.981345 14920 0
0.380341 -0.0310434 2.14304 1
0.658415 0.51724 17144 0
0.383412 -0.476993 2.15677 1
0.658678 0.763209 17248 0
0.36162 -0.802437 2.17249 1
0.648576 0.939588 17376 0
0.360985 -0.836059 2.09151 1
0.654058 0.975739 16728 0
40
0.308477 0.041864 2.14747 1
0.628218 0.476799 17176 0
0.308439 0.0914106 2.17591 1
0.626526 0.450003 17400 0
0.310333 0.350395 2.17612 1
0.627292 0.308368 17408 0
0.311394 0.583216 2.21494 1
0.625488 0.186628 17712 0
0.13913 0.323634 2.18234 1
0.556905 0.323508 17456 0
0.0630105 0.0741028 2.14038 1
0.526277 0.458796 17120 0
0.0326599 -0.135699 2.0374 1
0.514308 0.579267 16296 0
0.028172 -0.213829 2.01105 1
0.512504 0.626543 16088 0
0.477238 0.315805 2.16683 1
0.696591 0.326545 17328 0
0.572521 0.0731256 2.13427 1
0.739439 0.459223 17072 0
0.59172 -0.133801 2.01528 1
0.762081 0.579016 16120 0
0.601574 -0.213503 1.98874 1
0.77 0.627767 15904 0
0.235574 -0.032652 2.14331 1
0.598106 0.518131 17144 0
0.181364 -0.433953 2.01118 1
0.580492 0.756794 16088 0
0.155932 -0.71716 1.93729 1
0.571844 0.940568 15496 0
0.15174 -0.750908 1.85608 1
0.572972 0.981485 14848 0
0.380359 -0.033003 2.13379 1
0.65911 0.518407 17064 0
0.383829 -0.477199 2.1568 1
0.658848 0.763319 17248 0
0.361945 -0.801353 2.17325 1
0.648657 0.93884 17384 0
0.360564 -0.834849 2.09239 1
0.653813 0.974853 16736 0
40
0.308551 0.0391525 2.13649 1
0.628908 0.47819 17088 0
0.309355 0.088719 2.16709 1
0.627419 0.451277 17336 0
0.31003 0.349158 2.16551 1
0.62779 0.308109 17320 0
0.30985 0.582142 2.20325 1
0.625529 0.185545 17624 0
0.140271 0.321615 2.17838 1
0.557476 0.32429 17424 0
0.0706848 0.0649441 2.14371 1
0.529432 0.463945 17144 0
0.0378692 -0.158135 2.06226 1
0.516391 0.591259 16496 0
0.0331425 -0.23888 2.04302 1
0.51448 0.639155 16344 0
0.475912 0.31481 2.15688 1
0.696949 0.326294 17248 0
0.573468 0.0724119 2.13081 1
0.740225 0.459556 17040 0
0.598698 -0.139888 2.01765 1
0.764859 0.582514 16136 0
0.61029 -0.220576 1.99484 1
0.773075 0.631596 15952 0
0.236363 -0.0350309 2.1324 1
0.598938 0.519551 17056 0
0.182443 -0.436489 2.01125 1
0.580968 0.758286 16088 0
0.154948 -0.714508 1.9309 1
0.571627 0.940393 15440 0
0.150355 -0.748206 1.84965 1
0.572558 0.981421 14792 0
0.379908 -0.0352756 2.12294 1
0.659733 0.519776 16976 0
0.384317 -0.477565 2.15564 1
0.659136 0.763663 17240 0
0.362163 -0.800477 2.17368 1
0.648718 0.938275 17384 0
0.360106 -0.833866 2.09286 1
0.653583 0.974186 16736 0
40
0.307639 0.0362629 2.12391 1
0.629288 0.47968 16984 0
0.308939 0.0855832 2.15582 1
0.627913 0.452754 17240 0
0.307538 0.347029 2.15195 1
0.627562 0.308077 17208 0
0.305807 0.580239 2.18844 1
0.624729 0.184452 17504 0
0.140871 0.318209 2.17073 1
0.557925 0.325539 17360 0
0.0768811 0.0580774 2.14583 1
0.53198 0.467789 17160 0
0.0451203 -0.177346 2.08464 1
0.519319 0.601247 16672 0
0.0421551 -0.262125 2.0789 1
0.5181 0.650061 16624 0
0.473847 0.313905 2.14747 1
0.696954 0.326034 17176 0
0.573377 0.0715595 2.1268 1
0.74064 0.459956 17008 0
0.603947 -0.144986 2.02063 1
0.766788 0.585395 16160 0
0.616436 -0.226529 2.00185 1
0.77486 0.634674 16008 0
0.236459 -0.0377655 2.11951 1
0.59958 0.521206 16952 0
0.185048 -0.44201 2.01283 1
0.58206 0.761347 16096 0
0.154232 -0.712541 1.92648 1
0.57146 0.940188 15408 0
0.149428 -0.746233 1.84522 1
0.572283 0.981304 14760 0
0.378677 -0.0374116 2.1109 1
0.660123 0.521093 16880 0
0.384896 -0.478079 2.15241 1
0.659615 0.764343 17216 0
0.362382 -0.804716 2.17357 1
0.648815 0.940618 17384 0
0.359378 -0.838228 2.09273 1
0.653283 0.976696 16736 0
40
0.305724 0.0337922 2.11028 1
0.629314 0.480942 16880 0
0.307169 0.0826374 2.143 1
0.627941 0.454107 17144 0
0.303628 0.344415 2.13761 1
0.626785 0.308245 17096 0
0.300177 0.577776 2.17123 1
0.623403 0.183301 17368 0
0.140372 0.31402 2.16009 1
0.558005 0.326987 17280 0
0.0811347 0.0532527 2.14706 1
0.53373 0.470482 17176 0
0.051794 -0.188759 2.10114 1
0.522003 0.606916 16808 0
0.0495939 -0.273781 2.1 1
0.52108 0.655159 16792 0
0.471028 0.31293 2.13813 1
0.696637 0.325817 17104 0
0.572461 0.0706777 2.12293 1
0.740694 0.460378 16976 0
0.607433 -0.148748 2.0236 1
0.767934 0.587482 16184 0
0.620098 -0.230628 2.00775 1
0.77568 0.636708 16056 0
0.23573 -0.0401712 2.10572 1
0.599924 0.522704 16840 0
0.187215 -0.446955 2.0138 1
0.582981 0.764144 16104 0
0.153615 -0.711109 1.92375 1
0.571275 0.939926 15384 0
0.14872 -0.744797 1.84247 1
0.572048 0.981094 14736 0
0.376407 -0.0390911 2.09713 1
0.660209 0.522184 16776 0
0.385469 -0.47846 2.14696 1
0.660258 0.765225 17168 0
0.362611 -0.808442 2.17302 1
0.648947 0.942769 17384 0
0.359009 -0.842025 2.09213 1
0.653169 0.978993 16736 0
40
0.30269 0.0319631 2.09588 1
0.62891 0.48185 16760 0
0.30416 0.0802208 2.12911 1
0.627514 0.455158 17032 0
0.298769 0.341511 2.12256 1
0.625641 0.308514 16976 0
0.294073 0.575342 2.15688 1
0.621698 0.182538 17248 0
0.138428 0.310242 2.14884 1
0.557501 0.328174 17184 0
0.084049 0.0498941 2.14773 1
0.534931 0.472352 17176 0
0.0584606 -0.19461 2.11565 1
0.524665 0.609474 16920 0
0.0592407 -0.278909 2.12223 1
0.524916 0.656409 16976 0
0.465951 0.311767 2.1272 1
0.695517 0.325573 17016 0
0.570681 0.0700661 2.11906 1
0.740384 0.460649 16952 0
0.609727 -0.151836 2.027 1
0.768494 0.589148 16216 0
0.622198 -0.233517 2.01242 1
0.775972 0.6381 16096 0
0.234093 -0.0419083 2.09181 1
0.599889 0.523843 16728 0
0.188788 -0.450931 2.01312 1
0.583706 0.766583 16104 0
0.153266 -0.710082 1.922 1
0.571178 0.939691 15376 0
0.148293 -0.743768 1.84072 1
0.57191 0.980887 14720 0
0.372703 -0.0399896 2.08203 1
0.659783 0.522859 16656 0
0.385648 -0.478373 2.13969 1
0.660877 0.766078 17112 0
0.362781 -0.811467 2.17237 1
0.649061 0.944559 17376 0
0.35869 -0.845113 2.09142 1
0.653084 0.980912 16728 0
40
0.298099 0.0303546 2.08121 1
0.627849 0.482642 16648 0
0.29972 0.0780676 2.1151 1
0.626485 0.456073 16920 0
0.293446 0.338939 2.10858 1
0.62422 0.308697 16864 0
0.283695 0.572704 2.13964 1
0.618349 0.181446 17112 0
0.13415 0.306678 2.13549 1
0.556072 0.329086 17080 0
0.0861059 0.047446 2.14801 1
0.535781 0.473712 17184 0
0.0636362 -0.196271 2.12649 1
0.526711 0.609847 17008 0
0.0661332 -0.279506 2.13663 1
0.527628 0.655688 17088 0
0.456467 0.309956 2.11207 1
0.69291 0.325344 16896 0
0.567471 0.0698599 2.11472 1
0.739522 0.460684 16912 0
0.610738 -0.154219 2.03051 1
0.768474 0.590391 16240 0
0.622968 -0.235496 2.01628 1
0.775784 0.639003 16128 0
0.23117 -0.0433207 2.07888 1
0.599256 0.5248 16624 0
0.189987 -0.455378 2.00913 1
0.584405 0.769746 16072 0
0.153177 -0.709389 1.92059 1
0.571189 0.939585 15360 0
0.148103 -0.743067 1.83929 1
0.571873 0.980806 14712 0
0.366689 -0.0406064 2.06508 1
0.658495 0.523402 16520 0
0.385258 -0.477965 2.13185 1
0.661305 0.766828 17048 0
0.362859 -0.813798 2.17164 1
0.649143 0.945987 17368 0
0.358326 -0.847483 2.09063 1
0.652987 0.982444 16720 0
40
0.291555 0.0303198 2.06618 1
0.625953 0.482536 16528 0
0.293374 0.0774648 2.1008 1
0.62465 0.456115 16800 0
0.286726 0.337498 2.09449 1
0.622192 0.308228 16752 0
0.273303 0.571531 2.12417 1
0.614844 0.179783 16992 0
0.129045 0.304446 2.12378 1
0.554236 0.329394 16984 0
0.0875745 0.0457512 2.14804 1
0.536391 0.474651 17184 0
0.0684078 -0.193484 2.13472 1
0.528603 0.607869 17072 0
0.0742898 -0.272899 2.14845 1
0.530864 0.651171 17184 0
0.448116 0.308951 2.09952 1
0.690513 0.32487 16792 0
0.562255 0.0698954 2.10993 1
0.737859 0.460575 16872 0
0.610632 -0.15604 2.03387 1
0.767985 0.591308 16264 0
0.621658 -0.236872 2.02033 1
0.774653 0.639536 16160 0
0.225997 -0.0433668 2.0652 1
0.597677 0.524991 16520 0
0.188962 -0.457515 1.99656 1
0.584479 0.772719 15968 0
0.153005 -0.708837 1.91838 1
0.571191 0.939748 15344 0
0.147822 -0.742503 1.83708 1
0.571823 0.981018 14696 0
0.35899 -0.0397692 2.0483 1
0.656438 0.523107 16384 0
0.384047 -0.476389 2.1232 1
0.661454 0.767032 16984 0
0.362907 -0.815628 2.17091 1
0.649213 0.947139 17360 0
0.358024 -0.849333 2.08985 1
0.652915 0.983678 16712 0
40
0.284452 0.030777 2.05205 1
0.62373 0.48215 16416 0
0.286543 0.0775351 2.08737 1
0.622531 0.455793 16696 0
0.279786 0.337059 2.08105 1
0.620005 0.30724 16648 0
0.264943 0.571383 2.11147 1
0.612001 0.177941 16888 0
0.123127 0.302907 2.1116 1
0.552047 0.329278 16888 0
0.0886226 0.0446544 2.14739 1
0.536837 0.475252 17176 0
0.0729257 -0.187494 2.13991 1
0.530419 0.604276 17112 0
0.0815457 -0.256703 2.15427 1
0.533787 0.641815 17232 0
0.438457 0.307608 2.08542 1
0.687666 0.324452 16680 0
0.555058 0.0701004 2.1044 1
0.735431 0.460355 16832 0
0.608205 -0.15719 2.03775 1
0.766411 0.591805 16296 0
0.618895 -0.237426 2.02376 1
0.772968 0.639625 16184 0
0.219842 -0.0425968 2.05202 1
0.595627 0.524705 16416 0
0.183603 -0.458051 1.97075 1
0.583158 0.776615 15760 0
0.152558 -0.707983 1.9132 1
0.571175 0.940407 15304 0
0.147093 -0.741633 1.83191 1
0.571671 0.981811 14648 0
0.351075 -0.038777 2.0332 1
0.654125 0.522698 16264 0
0.381446 -0.47451 2.11224 1
0.661192 0.767359 16896 0
0.362746 -0.817377 2.16966 1
0.649233 0.948357 17352 0
0.357473 -0.851116 2.08852 1
0.652777 0.985002 16704 0
40
0.276675 0.0314162 2.03755 1
0.621204 0.48165 16296 0
0.278892 0.0778627 2.0735 1
0.620057 0.455309 16584 0
0.271324 0.336807 2.06668 1
0.617184 0.306045 16528 0
0.256668 0.571432 2.09909 1
0.609143 0.176014 16792 0
0.116384 0.301965 2.09946 1
0.549481 0.328825 16792 0
0.088876 0.0441881 2.14477 1
0.536988 0.47548 17152 0
0.0760791 -0.180441 2.14207 1
0.531702 0.600252 17136 0
0.0874849 -0.237382 2.15377 1
0.536257 0.631172 17224 0
0.42949 0.305893 2.07177 1
0.68504 0.32428 16568 0
0.547735 0.0702375 2.09914 1
0.732907 0.460178 16792 0
0.602327 -0.15722 2.04131 1
0.763377 0.591663 16328 0
0.61191 -0.236747 2.02678 1
0.769485 0.639018 16208 0
0.212568 -0.0416277 2.0376 1
0.593118 0.524314 16296 0
0.177854 -0.460393 1.94773 1
0.581506 0.781315 15576 0
0.150563 -0.706994 1.90095 1
0.570697 0.942628 15200 0
0.144588 -0.740622 1.81964 1
0.570925 0.984399 14552 0
0.343224 -0.0378435 2.01868 1
0.651762 0.522311 16144 0
0.376346 -0.47278 2.09751 1
0.660154 0.768255 16776 0
0.362005 -0.81962 2.16716 1
0.6491 0.950105 17336 0
0.323503 -0.867148 2.13629 1
0.635168 0.983087 17088 0
40
0.267647 0.0326813 2.02161 1
0.618173 0.480761 16168 0
0.269687 0.0788993 2.05836 1
0.616948 0.454381 16464 0
0.261434 0.337871 2.05192 1
0.613725 0.304033 16408 0
0.247138 0.572791 2.08518 1
0.605791 0.173077 16680 0
0.107639 0.301703 2.08522 1
0.546076 0.327805 16680 0
0.0871118 0.0446907 2.13716 1
0.536383 0.475113 17096 0
0.0778292 -0.170768 2.14032 1
0.532458 0.594955 17120 0
0.0898398 -0.222702 2.15044 1
0.53729 0.623251 17200 0
0.421068 0.304993 2.05966 1
0.682478 0.323767 16472 0
0.537828 0.0705836 2.0925 1
0.729421 0.459855 16736 0
0.592917 -0.156887 2.04348 1
0.758987 0.591371 16344 0
0.598574 -0.235826 2.02857 1
0.763379 0.638355 16224 0
0.203267 -0.0395141 2.01991 1
0.589823 0.523282 16152 0
0.173011 -0.462082 1.92821 1
0.580089 0.785205 15424 0
0.146922 -0.705718 1.88558 1
0.56955 0.945429 15080 0
0.140907 -0.739268 1.80426 1
0.569709 0.987636 14432 0
0.334881 -0.0366795 2.00386 1
0.649168 0.521785 16024 0
0.369059 -0.471071 2.08144 1
0.658265 0.769349 16648 0
0.360212 -0.821725 2.16356 1
0.648608 0.952013 17304 0
0.313524 -0.883043 2.15387 1
0.629929 0.987927 17224 0
40
0.258661 0.0345286 2.0055 1
0.615123 0.47951 16040 0
0.260214 0.0804535 2.04299 1
0.613689 0.453133 16336 0
0.251501 0.339075 2.03702 1
0.610204 0.301895 16296 0
0.238152 0.574229 2.072 1
0.602593 0.170172 16568 0
0.0981113 0.302412 2.06948 1
0.542317 0.326087 16552 0
0.0812225 0.0466071 2.12263 1
0.534155 0.473868 16976 0
0.0680847 -0.150316 2.11817 1
0.528691 0.584457 16944 0
0.0791341 -0.201844 2.1266 1
0.533215 0.61296 17008 0
0.413164 0.30524 2.04885 1
0.679997 0.322694 16384 0
0.522798 0.0705515 2.08191 1
0.724144 0.459669 16648 0
0.5782 -0.15626 2.04247 1
0.752683 0.591051 16336 0
0.581839 -0.235117 2.0279 1
0.756101 0.637985 16216 0
0.194662 -0.0370165 2.00304 1
0.586745 0.521994 16024 0
0.168591 -0.462109 1.91209 1
0.578701 0.787627 15296 0
0.143327 -0.703739 1.87091 1
0.56838 0.947662 14960 0
0.137824 -0.737208 1.7896 1
0.568742 0.990261 14312 0
0.326021 -0.0349368 1.98805 1
0.646377 0.520915 15904 0
0.359408 -0.469275 2.06075 1
0.655674 0.771015 16480 0
0.355705 -0.822872 2.15609 1
0.647258 0.954212 17248 0
0.328468 -0.868526 2.09697 1
0.639815 0.992926 16768 0
40
0.250365 0.036264 1.99161 1
0.612208 0.47833 15928 0
0.251619 0.081824 2.02993 1
0.610641 0.452028 16232 0
0.243882 0.339991 2.02525 1
0.607486 0.300206 16200 0
0.229178 0.575592 2.05744 1
0.599426 0.167048 16456 0
0.0891172 0.306036 2.05395 1
0.538728 0.322673 16424 0
0.0682068 0.0522946 2.09772 1
0.529022 0.470331 16776 0
0.0605708 -0.1372 2.09963 1
0.52575 0.577769 16792 0
0.0689593 -0.189254 2.10249 1
0.529276 0.607128 16816 0
0.405179 0.305942 2.03838 1
0.677425 0.321374 16304 0
0.509822 0.0708835 2.07212 1
0.719613 0.459288 16576 0
0.558357 -0.154913 2.03619 1
0.744764 0.590545 16288 0
0.559963 -0.233836 2.02151 1
0.74725 0.637666 16168 0
0.186063 -0.0343489 1.9873 1
0.58357 0.52057 15896 0
0.163026 -0.460838 1.89475 1
0.576799 0.78946 15152 0
0.140845 -0.701144 1.85835 1
0.56765 0.949027 14864 0
0.136068 -0.73449 1.77693 1
0.56835 0.991935 14208 0
0.317638 -0.0333858 1.97484 1
0.643567 0.52012 15792 0
0.349865 -0.468475 2.03872 1
0.653178 0.773477 16304 0
0.343817 -0.791718 2.1322 1
0.643931 0.941912 17056 0
0.328867 -0.831928 2.06176 1
0.642376 0.98022 16488 0
40
0.24164 0.0374579 1.97761 1
0.609064 0.477458 15816 0
0.242528 0.0827835 2.0168 1
0.607338 0.451149 16128 0
0.23643 0.341205 2.01383 1
0.604793 0.298356 16104 0
0.221072 0.577179 2.04385 1
0.596547 0.163912 16344 0
0.0804831 0.309614 2.03834 1
0.535244 0.319226 16304 0
0.0508024 0.0606387 2.06672 1
0.521941 0.465081 16528 0
0.0479926 -0.12846 2.05909 1
0.520804 0.574248 16472 0
0.0555932 -0.183351 2.05601 1
0.524135 0.606133 16448 0
0.397331 0.306373 2.02821 1
0.674861 0.320225 16224 0
0.49662 0.070052 2.06142 1
0.715036 0.459557 16488 0
0.541005 -0.153274 2.02837 1
0.738072 0.589932 16224 0
0.543658 -0.232438 2.01456 1
0.74088 0.637316 16112 0
0.176668 -0.0323778 1.971 1
0.580006 0.51955 15760 0
0.158494 -0.459982 1.88295 1
0.575133 0.790733 15056 0
0.139065 -0.699082 1.85001 1
0.567096 0.949724 14800 0
0.135052 -0.732314 1.7685 1
0.568163 0.992817 14144 0
0.30905 -0.0323654 1.96208 1
0.640594 0.519632 15696 0
0.341661 -0.468513 2.0198 1
0.650988 0.776062 16152 0
0.338849 -0.79116 2.11604 1
0.642934 0.944972 16928 0
0.334344 -0.826643 2.02601 1
0.647301 0.98559 16208 0
40
0.232901 0.0386694 1.96413 1
0.605841 0.476569 15712 0
0.233189 0.0838154 2.00391 1
0.603869 0.450222 16024 0
0.227818 0.342519 2.00143 1
0.601602 0.296325 16008 0
0.21333 0.578698 2.03145 1
0.593735 0.160969 16248 0
0.0707415 0.312959 2.0234 1
0.531206 0.315924 16184 0
0.0375638 0.0630109 2.04478 1
0.516397 0.463326 16352 0
0.0335723 -0.127957 2.01821 1
0.514848 0.575455 16144 0
0.0418567 -0.185138 2.01146 1
0.518574 0.609541 16088 0
0.389591 0.307774 2.01853 1
0.672277 0.318537 16144 0
0.483748 0.0698525 2.05 1
0.71063 0.459447 16392 0
0.514081 -0.150619 2.00948 1
0.728351 0.589205 16072 0
0.521692 -0.230261 1.99903 1
0.732943 0.637086 15992 0
0.167464 -0.0309577 1.95567 1
0.576433 0.518839 15640 0
0.149607 -0.463521 1.86922 1
0.571441 0.795122 14952 0
0.137858 -0.699328 1.84462 1
0.566708 0.951198 14752 0
0.134491 -0.732475 1.76307 1
0.568089 0.994444 14104 0
0.300719 -0.0314591 1.94996 1
0.637654 0.519201 15592 0
0.3338 -0.469022 1.99954 1
0.649008 0.779161 15992 0
0.334021 -0.786822 2.09029 1
0.642633 0.947983 16720 0
0.336212 -0.818618 1.99581 1
0.650365 0.988152 15960 0
40
0.223691 0.040504 1.95138 1
0.60232 0.475297 15608 0
0.223202 0.085452 1.99156 1
0.600037 0.448935 15928 0
0.219278 0.344056 1.98926 1
0.598392 0.29416 15912 0
0.205582 0.580436 2.01925 1
0.590876 0.157897 16152 0
0.0619099 0.316229 2.00918 1
0.527504 0.312684 16072 0
0.0190839 0.0636453 2.01569 1
0.508451 0.462422 16120 0
0.0163908 -0.130906 1.97707 1
0.5074 0.578801 15816 0
0.0240593 -0.192112 1.96199 1
0.510946 0.616533 15688 0
0.38376 0.30926 2.01126 1
0.670312 0.317001 16088 0
0.472203 0.0692013 2.0391 1
0.706702 0.45961 16312 0
0.496388 -0.149033 1.99523 1
0.722065 0.588895 15960 0
0.499086 -0.227629 1.97679 1
0.725355 0.637043 15808 0
0.157203 -0.0288175 1.94032 1
0.572317 0.517676 15520 0
0.143472 -0.465342 1.8609 1
0.568817 0.797606 14880 0
0.136257 -0.699678 1.8404 1
0.566085 0.952459 14720 0
0.133799 -0.732642 1.75896 1
0.567897 0.995709 14064 0
0.292201 -0.030336 1.93925 1
0.634494 0.518617 15512 0
0.326835 -0.469391 1.97793 1
0.647493 0.782433 15816 0
0.331254 -0.782316 2.07032 1
0.642816 0.949716 16560 0
0.337227 -0.812936 1.9772 1
0.652239 0.989326 15816 0
40
0.215049 0.0416897 1.93962 1
0.598963 0.47442 15512 0
0.213905 0.0863346 1.98024 1
0.596418 0.448113 15840 0
0.211008 0.344507 1.97806 1
0.595217 0.292723 15824 0
0.198981 0.581149 2.00838 1
0.588434 0.155622 16064 0
0.0538545 0.319095 1.99462 1
0.5241 0.309607 15952 0
0.00310561 0.0646059 1.99111 1
0.501392 0.461384 15928 0
-0.00405606 -0.137323 1.93434 1
0.498128 0.58449 15472 0
0.00173245 -0.21124 1.91495 1
0.500808 0.631284 15312 0
0.375745 0.311492 2.00185 1
0.667539 0.314814 16008 0
0.456935 0.0681946 2.02365 1
0.701546 0.459894 16184 0
0.479456 -0.148765 1.9776 1
0.716403 0.589527 15816 0
0.481772 -0.22715 1.95687 1
0.719752 0.638147 15648 0
0.148755 -0.0273021 1.92717 1
0.568898 0.51686 15416 0
0.13763 -0.466855 1.85498 1
0.566226 0.799527 14832 0
0.134632 -0.700261 1.83736 1
0.565404 0.953586 14696 0
0.133271 -0.732684 1.75621 1
0.567735 0.996515 14048 0
0.283184 -0.0295576 1.92863 1
0.631061 0.518239 15424 0
0.319133 -0.47106 1.94013 1
0.646823 0.78896 15520 0
0.330997 -0.773464 2.04183 1
0.644697 0.950831 16328 0
0.33848 -0.804758 1.95437 1
0.654589 0.990062 15632 0
40
0.207853 0.042655 1.92906 1
0.596176 0.473684 15432 0
0.206131 0.0868962 1.97009 1
0.593392 0.447506 15760 0
0.203859 0.344096 1.9678 1
0.59247 0.291891 15736 0
0.193801 0.581104 1.99916 1
0.586529 0.154062 15992 0
0.046052 0.321308 1.9812 1
0.520748 0.306988 15848 0
-0.0137341 0.0644728 1.95767 1
0.493738 0.460805 15656 0
-0.021204 -0.148043 1.89111 1
0.489992 0.593168 15128 0
-0.0192577 -0.230321 1.8737 1
0.490826 0.646294 14984 0
0.368198 0.313695 1.99311 1
0.664894 0.312686 15944 0
0.443228 0.0672216 2.00886 1
0.696939 0.460175 16064 0
0.460421 -0.149325 1.95492 1
0.710223 0.590907 15632 0
0.461977 -0.227572 1.93261 1
0.713369 0.640142 15456 0
0.141824 -0.0262985 1.91502 1
0.566105 0.516344 15320 0
0.128076 -0.465457 1.84859 1
0.561842 0.799662 14784 0
0.133123 -0.699818 1.83521 1
0.564747 0.95383 14680 0
0.132762 -0.732324 1.75414 1
0.567556 0.996859 14032 0
0.275635 -0.0288202 1.91921 1
0.628194 0.517872 15352 0
0.314652 -0.471593 1.91416 1
0.646725 0.793212 15312 0
0.328402 -0.758987 2.00714 1
0.646043 0.950038 16056 0
0.336333 -0.791376 1.92457 1
0.655988 0.989375 15392 0
40
0.202134 0.0429631 1.92009 1
0.593966 0.47337 15360 0
0.199647 0.086896 1.96133 1
0.590859 0.447272 15688 0
0.197303 0.343281 1.95849 1
0.589922 0.291396 15664 0
0.189735 0.58076 1.99163 1
0.585034 0.15296 15928 0
0.0389031 0.322501 1.96813 1
0.517643 0.304985 15744 0
-0.0250851 0.0641723 1.93123 1
0.488406 0.460454 15448 0
-0.0378453 -0.157862 1.84996 1
0.48174 0.601557 14792 0
-0.0404773 -0.24315 1.82919 1
0.480248 0.658201 14632 0
0.36185 0.315248 1.98585 1
0.662643 0.311071 15880 0
0.432545 0.0660737 1.99646 1
0.693386 0.460612 15968 0
0.446301 -0.150442 1.93656 1
0.705708 0.592455 15488 0
0.445484 -0.228215 1.91031 1
0.708153 0.642178 15280 0
0.136415 -0.0260891 1.90444 1
0.563936 0.516304 15232 0
0.120943 -0.463592 1.84435 1
0.558532 0.799147 14752 0
0.131071 -0.698834 1.83376 1
0.563799 0.953549 14664 0
0.13211 -0.731647 1.75265 1
0.567281 0.996821 14016 0
0.269967 -0.0286162 1.91173 1
0.626049 0.517815 15288 0
0.310347 -0.472449 1.89186 1
0.646424 0.797207 15128 0
0.326301 -0.752202 1.9882 1
0.646491 0.950263 15904 0
0.334723 -0.784648 1.90696 1
0.656675 0.989696 15248 0
40
0.197934 0.0429758 1.91279 1
0.592365 0.473261 15296 0
0.194683 0.0867002 1.95415 1
0.588925 0.447197 15632 0
0.191202 0.342401 1.95015 1
0.587514 0.291041 15600 0
0.185191 0.580098 1.98218 1
0.583394 0.151702 15856 0
0.0312149 0.322493 1.95499 1
0.514252 0.303678 15632 0
-0.0352236 0.0636013 1.90753 1
0.483518 0.460319 15256 0
-0.0541527 -0.159804 1.81082 1
0.473307 0.605028 14480 0
-0.0584691 -0.244964 1.78871 1
0.470823 0.662988 14304 0
0.355375 0.316309 1.97828 1
0.660344 0.30971 15824 0
0.422787 0.0647006 1.98419 1
0.690192 0.461192 15872 0
0.434032 -0.150917 1.91891 1
0.701893 0.5936 15344 0
0.431267 -0.228023 1.88985 1
0.703691 0.643596 15112 0
0.132534 -0.0264369 1.89536 1
0.562415 0.5166 15160 0
0.115664 -0.462011 1.84164 1
0.556059 0.798566 14728 0
0.128972 -0.69773 1.83301 1
0.562804 0.953018 14664 0
0.131427 -0.730871 1.75174 1
0.566969 0.996552 14008 0
0.266095 -0.0286251 1.9061 1
0.624608 0.517873 15248 0
0.307117 -0.473108 1.87608 1
0.646119 0.800125 15008 0
0.316258 -0.738535 1.95055 1
0.644723 0.950615 15600 0
0.324285 -0.771091 1.86994 1
0.654794 0.990763 14952 0
40
0.194913 0.0429914 1.90692 1
0.591235 0.473169 15248 0
0.190999 0.0866648 1.94838 1
0.587501 0.447063 15584 0
0.186295 0.342396 1.94325 1
0.585571 0.290303 15544 0
0.181572 0.580355 1.9739 1
0.582107 0.150086 15784 0
0.0252915 0.322358 1.94454 1
0.511609 0.302706 15552 0
-0.0438023 0.0640575 1.8873 1
0.479284 0.459606 15096 0
-0.074982 -0.151281 1.76682 1
0.462119 0.601902 14128 0
-0.0774894 -0.234088 1.74254 1
0.460307 0.659878 13936 0
0.349855 0.317072 1.97178 1
0.658373 0.308622 15768 0
0.416482 0.0640003 1.97574 1
0.688157 0.461448 15800 0
0.424262 -0.152427 1.90295 1
0.699004 0.59533 15216 0
0.422484 -0.22924 1.87561 1
0.701058 0.645459 15000 0
0.129907 -0.0268298 1.88815 1
0.561412 0.516911 15104 0
0.111891 -0.460853 1.83995 1
0.55428 0.798091 14712 0
0.126679 -0.696657 1.83292 1
0.56169 0.952344 14656 0
0.130578 -0.730074 1.75139 1
0.566549 0.996109 14008 0
0.26339 -0.0285963 1.90174 1
0.623624 0.517896 15208 0
0.304554 -0.473331 1.86326 1
0.645896 0.802332 14904 0
0.304964 -0.724729 1.91754 1
0.641957 0.949804 15336 0
0.312665 -0.75731 1.83675 1
0.651944 0.990699 14688 0
40
0.19254 0.0431179 1.90189 1
0.590363 0.473019 15208 0
0.187989 0.0868546 1.94343 1
0.586341 0.446812 15544 0
0.181866 0.343205 1.93719 1
0.583798 0.28915 15496 0
0.177632 0.581648 1.96484 1
0.580695 0.14769 15712 0
0.0203374 0.322425 1.93512 1
0.509381 0.301704 15480 0
-0.0532962 0.0665153 1.86663 1
0.474515 0.457591 14928 0
-0.0897404 -0.139782 1.73431 1
0.453813 0.595922 13872 0
-0.0948417 -0.215517 1.69936 1
0.450184 0.650934 13592 0
0.344224 0.317748 1.96517 1
0.656349 0.307569 15720 0
0.410938 0.0636005 1.96723 1
0.686455 0.461523 15736 0
0.415843 -0.152811 1.88791 1
0.696609 0.596331 15096 0
0.413962 -0.229223 1.85945 1
0.698714 0.646712 14872 0
0.127963 -0.0270678 1.8817 1
0.5607 0.51712 15048 0
0.108978 -0.46038 1.83894 1
0.552896 0.797949 14704 0
0.124649 -0.696256 1.83319 1
0.560693 0.952017 14664 0
0.129808 -0.729737 1.75138 1
0.566157 0.995882 14008 0
0.261372 -0.0284895 1.89829 1
0.6229 0.517861 15184 0
0.30168 -0.472985 1.85086 1
0.645488 0.804135 14800 0
0.291652 -0.70765 1.88391 1
0.638184 0.947044 15064 0
0.299387 -0.740365 1.80294 1
0.64822 0.988717 14416 0
40
0.19065 0.0434363 1.89742 1
0.589687 0.472755 15176 0
0.185353 0.0873595 1.93891 1
0.585329 0.446378 15504 0
0.177446 0.344924 1.93128 1
0.582012 0.287445 15448 0
0.174434 0.583692 1.95717 1
0.579553 0.145066 15656 0
0.015802 0.322471 1.92566 1
0.507325 0.300702 15400 0
-0.0632994 0.0701941 1.84643 1
0.4694 0.454756 14768 0
-0.104017 -0.125043 1.69914 1
0.445358 0.587584 13592 0
-0.110207 -0.197477 1.66007 1
0.440743 0.641574 13280 0
0.339681 0.318271 1.95977 1
0.654711 0.306721 15672 0
0.406414 0.0633368 1.95945 1
0.685135 0.461531 15672 0
0.408261 -0.151744 1.87396 1
0.694461 0.59637 14984 0
0.406448 -0.227272 1.84291 1
0.696858 0.646769 14736 0
0.126555 -0.0270903 1.87597 1
0.560216 0.517186 15000 0
0.10631 -0.461511 1.83871 1
0.551608 0.798718 14704 0
0.122567 -0.697628 1.83425 1
0.559644 0.952645 14672 0
0.12545 -0.745373 1.7709 1
0.563231 1.00092 14160 0
0.259879 -0.0282928 1.89545 1
0.62238 0.517765 15160 0
0.29915 -0.472241 1.84161 1
0.644992 0.805182 14728 0
0.283454 -0.696855 1.86177 1
0.635897 0.94546 14888 0
0.291873 -0.729792 1.78092 1
0.646286 0.987692 14240 0
40
0.189151 0.0439602 1.89334 1
0.589173 0.472367 15144 0
0.183069 0.0881462 1.93473 1
0.58446 0.445778 15472 0
0.173552 0.347025 1.92581 1
0.58044 0.285543 15400 0
0.172129 0.585894 1.9509 1
0.578754 0.142583 15600 0
0.0117973 0.322463 1.91643 1
0.505495 0.299746 15328 0
-0.0747206 0.0756484 1.82469 1
0.463448 0.450659 14592 0
-0.114197 -0.111663 1.67293 1
0.43907 0.579437 13376 0
-0.121393 -0.180159 1.62851 1
0.433464 0.631661 13024 0
0.336009 0.318772 1.9551 1
0.653404 0.305954 15640 0
0.402633 0.0632601 1.95217 1
0.684097 0.461434 15616 0
0.401245 -0.150041 1.85991 1
0.692562 0.596008 14872 0
0.397182 -0.224034 1.82467 1
0.694294 0.646125 14592 0
0.125552 -0.0269508 1.87084 1
0.559902 0.517145 14960 0
0.104489 -0.462313 1.83867 1
0.550725 0.799244 14704 0
0.120824 -0.698678 1.83522 1
0.558765 0.953086 14680 0
0.122297 -0.754711 1.78304 1
0.561222 1.00375 14264 0
0.25878 -0.0279827 1.89299 1
0.622021 0.517593 15136 0
0.296793 -0.471267 1.83495 1
0.644372 0.805658 14672 0
0.277939 -0.691233 1.84742 1
0.634288 0.945298 14776 0
0.287031 -0.724293 1.76672 1
0.645016 0.98791 14128 0
40
0.187809 0.0445854 1.88924 1
0.588733 0.471913 15112 0
0.180998 0.0891064 1.93058 1
0.583683 0.44507 15440 0
0.170167 0.349571 1.92067 1
0.579082 0.283392 15360 0
0.169967 0.588754 1.94422 1
0.578032 0.139603 15552 0
0.00843151 0.32242 1.90815 1
0.503944 0.298905 15264 0
-0.0824217 0.0799167 1.80946 1
0.459342 0.447437 14472 0
-0.121841 -0.0986593 1.65073 1
0.434117 0.57113 13200 0
-0.128166 -0.167552 1.6067 1
0.428798 0.62411 12848 0
0.332625 0.319145 1.9502 1
0.652241 0.305239 15600 0
0.399786 0.0633153 1.94609 1
0.683366 0.46128 15568 0
0.395603 -0.148333 1.84853 1
0.691023 0.5955 14784 0
0.389952 -0.221527 1.8116 1
0.692133 0.645531 14488 0
0.124633 -0.0267804 1.8659 1
0.559621 0.517081 14920 0
0.103241 -0.463021 1.83876 1
0.550117 0.799688 14704 0
0.119357 -0.699589 1.83604 1
0.558026 0.953475 14688 0
0.119696 -0.761996 1.79286 1
0.559592 1.00582 14336 0
0.257887 -0.0275554 1.89042 1
0.621765 0.517348 15120 0
0.29461 -0.47016 1.83021 1
0.643681 0.80573 14640 0
0.273533 -0.688341 1.83541 1
0.633024 0.946336 14680 0
0.2832 -0.72147 1.75472 1
0.644058 0.989331 14032 0
40
0.186686 0.0453271 1.88524 1
0.588389 0.471386 15080 0
0.179171 0.0901941 1.92656 1
0.583012 0.444283 15408 0
0.16742 0.352087 1.91603 1
0.577994 0.281304 15328 0
0.168361 0.591519 1.93831 1
0.577531 0.136807 15504 0
0.0058383 0.322345 1.90087 1
0.502742 0.298181 15200 0
-0.0881435 0.0867264 1.79667 1
0.45621 0.442552 14368 0
-0.126103 -0.0867896 1.63514 1
0.431163 0.563169 13080 0
-0.132337 -0.152603 1.5877 1
0.425601 0.614389 12696 0
0.330202 0.31948 1.94625 1
0.651438 0.304639 15568 0
0.397742 0.0634513 1.9408 1
0.682925 0.461091 15520 0
0.390914 -0.147211 1.83929 1
0.689708 0.595254 14712 0
0.384603 -0.220252 1.80248 1
0.690457 0.645426 14416 0
0.123876 -0.0265497 1.86129 1
0.559406 0.516976 14888 0
0.102597 -0.464171 1.83889 1
0.5498 0.800411 14704 0
0.118368 -0.70091 1.83733 1
0.557505 0.954013 14696 0
0.113255 -0.764647 1.79767 1
0.556234 1.00622 14376 0
0.257204 -0.027001 1.88773 1
0.621616 0.517023 15096 0
0.290591 -0.46948 1.82703 1
0.641968 0.80582 14616 0
0.27047 -0.688328 1.82631 1
0.63219 0.948554 14608 0
0.272333 -0.724607 1.75097 1
0.638827 0.992512 14000 0
40
0.185621 0.046257 1.88118 1
0.588075 0.470736 15048 0
0.177497 0.0914251 1.92254 1
0.582408 0.443404 15376 0
0.165242 0.354343 1.91181 1
0.577149 0.279417 15288 0
0.16723 0.593983 1.93296 1
0.577223 0.134284 15456 0
0.00369678 0.322362 1.8947 1
0.501742 0.297513 15152 0
-0.092233 0.0934531 1.78664 1
0.453921 0.437749 14288 0
-0.128544 -0.0762839 1.62281 1
0.429297 0.555945 12976 0
-0.134656 -0.14131 1.57418 1
0.423647 0.606835 12592 0
0.328269 0.319866 1.94261 1
0.650834 0.304036 15536 0
0.395666 0.0636685 1.93435 1
0.682578 0.460827 15472 0
0.387672 -0.146369 1.83286 1
0.688794 0.595041 14656 0
0.380835 -0.219398 1.79639 1
0.68923 0.645353 14368 0
0.123129 -0.0262118 1.85694 1
0.559186 0.516799 14848 0
0.102264 -0.465137 1.839 1
0.549636 0.801017 14712 0
0.11769 -0.701914 1.83829 1
0.557145 0.954424 14704 0
0.109147 -0.76679 1.80111 1
0.554091 1.00668 14408 0
0.256547 -0.0262052 1.88463 1
0.621505 0.516548 15072 0
0.286027 -0.468776 1.8254 1
0.639863 0.805632 14600 0
0.268035 -0.689597 1.81916 1
0.631515 0.951147 14552 0
0.259475 -0.727769 1.74789 1
0.632506 0.995531 13976 0
40
0.184664 0.0472926 1.87718 1
0.587807 0.470017 15016 0
0.176046 0.0926781 1.91868 1
0.581899 0.442513 15344 0
0.16356 0.356282 1.90813 1
0.576511 0.277782 15264 0
0.166434 0.596014 1.92869 1
0.577025 0.132222 15424 0
0.00208773 0.322348 1.88966 1
0.500986 0.296982 15112 0
-0.0947891 0.0989901 1.77979 1
0.452462 0.433807 14232 0
-0.129099 -0.0670508 1.61476 1
0.428638 0.549418 12912 0
-0.134909 -0.131557 1.56526 1
0.423068 0.600028 12520 0
0.326906 0.320247 1.93937 1
0.650458 0.303475 15512 0
0.394046 0.063897 1.92845 1
0.682387 0.460566 15424 0
0.385093 -0.145886 1.82764 1
0.688074 0.594998 14616 0
0.377508 -0.218942 1.7916 1
0.688078 0.645439 14328 0
0.122378 -0.0257948 1.85264 1
0.558961 0.51657 14816 0
0.101987 -0.465934 1.83865 1
0.549511 0.801591 14704 0
0.117199 -0.702562 1.83884 1
0.55689 0.954708 14704 0
0.106075 -0.768238 1.80336 1
0.552503 1.007 14424 0
0.255976 -0.0252761 1.88131 1
0.621448 0.51599 15048 0
0.281123 -0.468109 1.82478 1
0.637512 0.805302 14592 0
0.266489 -0.691333 1.81385 1
0.631139 0.953605 14504 0
0.245184 -0.727004 1.7463 1
0.625322 0.995461 13968 0
40
0.183855 0.0482641 1.87332 1
0.587603 0.469338 14984 0
0.174891 0.0937954 1.91505 1
0.581516 0.44171 15320 0
0.162318 0.357894 1.90491 1
0.576059 0.276399 15232 0
0.166038 0.597715 1.92498 1
0.57699 0.130462 15392 0
0.00102762 0.322421 1.88575 1
0.500486 0.296515 15080 0
-0.0962325 0.103449 1.77521 1
0.451613 0.430646 14200 0
-0.128485 -0.0603218 1.60957 1
0.428748 0.544602 12872 0
-0.13383 -0.124412 1.55948 1
0.4234 0.594945 12472 0
0.325933 0.320525 1.93616 1
0.650259 0.302979 15488 0
0.392727 0.0640569 1.92263 1
0.682326 0.460348 15376 0
0.38331 -0.145574 1.82384 1
0.687594 0.594993 14584 0
0.37532 -0.218693 1.78833 1
0.687331 0.645539 14304 0
0.1217 -0.0253382 1.84841 1
0.558769 0.516314 14784 0
0.101818 -0.466659 1.83806 1
0.549445 0.802157 14704 0
0.116818 -0.703022 1.83917 1
0.556695 0.954925 14712 0
0.103854 -0.769174 1.80469 1
0.551366 1.00724 14432 0
0.255476 -0.0243718 1.87788 1
0.621433 0.515446 15016 0
0.277394 -0.467639 1.82456 1
0.635704 0.805031 14592 0
0.265484 -0.693194 1.81027 1
0.630903 0.955726 14480 0
0.236262 -0.725825 1.74538 1
0.620825 0.994919 13960 0
40
0.18317 0.0490914 1.86959 1
0.587451 0.46875 14952 0
0.173985 0.0946708 1.9116 1
0.58124 0.44106 15288 0
0.161383 0.35896 1.90201 1
0.575735 0.275391 15216 0
0.165859 0.598828 1.92198 1
0.577027 0.129195 15368 0
0.000329981 0.322524 1.88268 1
0.500156 0.296119 15056 0
-0.096681 0.106858 1.77234 1
0.451309 0.428245 14176 0
-0.127032 -0.05538 1.60672 1
0.429429 0.541021 12848 0
-0.131193 -0.119047 1.55636 1
0.424759 0.591033 12448 0
0.325295 0.320626 1.93285 1
0.650222 0.30258 15456 0
0.391612 0.0643182 1.91706 1
0.682337 0.460071 15336 0
0.382159 -0.145405 1.82099 1
0.687322 0.595031 14560 0
0.373795 -0.218582 1.78601 1
0.686812 0.645655 14288 0
0.121151 -0.0248873 1.84447 1
0.558628 0.516058 14752 0
0.101725 -0.46729 1.83729 1
0.54942 0.802692 14696 0
0.116482 -0.703397 1.83932 1
0.556527 0.955131 14712 0
0.101786 -0.769432 1.80481 1
0.55034 1.00738 14432 0
0.254974 -0.023603 1.87407 1
0.621441 0.514989 14992 0
0.27503 -0.467394 1.82458 1
0.634546 0.804868 14592 0
0.264972 -0.695259 1.80821 1
0.630799 0.957604 14464 0
0.230144 -0.724629 1.7453 1
0.617702 0.994126 13960 0
40
0.18265 0.0497136 1.86599 1
0.58737 0.468293 14920 0
0.173379 0.0952527 1.90834 1
0.581095 0.440596 15264 0
0.160826 0.359503 1.89941 1
0.575577 0.274744 15192 0
0.165908 0.599448 1.9195 1
0.577149 0.128332 15352 0
-0.000141411 0.322631 1.8803 1
0.499933 0.295793 15040 0
-0.0966165 0.109209 1.77058 1
0.451293 0.426593 14160 0
-0.124395 -0.0523492 1.60575 1
0.430852 0.538799 12840 0
-0.125942 -0.116028 1.55579 1
0.427744 0.588758 12440 0
0.324949 0.320497 1.92935 1
0.650335 0.3023 15432 0
0.390946 0.0644933 1.91273 1
0.682439 0.459872 15296 0
0.381452 -0.145258 1.81891 1
0.68719 0.595044 14544 0
0.372749 -0.218523 1.78434 1
0.686463 0.645752 14272 0
0.120719 -0.0245374 1.84076 1
0.558537 0.515864 14720 0
0.101758 -0.467906 1.83625 1
0.549464 0.803264 14688 0
0.116161 -0.703752 1.8393 1
0.556372 0.955365 14712 0
0.0996112 -0.767055 1.80124 1
0.549362 1.00681 14408 0
0.25452 -0.0230597 1.86993 1
0.621493 0.514676 14952 0
0.273536 -0.467304 1.82481 1
0.633799 0.804772 14592 0
0.264961 -0.697571 1.80764 1
0.630835 0.959272 14456 0
0.220879 -0.728823 1.75402 1
0.612402 0.994515 14032 0
