66 20
40
0.00601322 0.0431546 1.74082 1
0.503083 0.470497 13920 0
-0.0108243 0.0950514 1.76261 1
0.494519 0.435821 14096 0
0.0124951 0.354255 1.77979 1
0.506267 0.263113 14232 0
0.0138846 0.540726 1.81956 1
0.506811 0.146325 14552 0
-0.0960915 0.382252 1.80364 1
0.452446 0.247772 14424 0
0.0101487 0.178043 1.68317 1
0.505382 0.374111 13464 0
0.0981356 -0.0498968 1.62186 1
0.554009 0.536614 12968 0
0.117802 -0.130383 1.63287 1
0.564395 0.59503 13056 0
0.11461 0.332117 2.03307 1
0.550318 0.305584 16264 0
0.109926 0.160008 1.82735 1
0.553695 0.395789 14616 0
0.130465 -0.0556316 1.69415 1
0.568738 0.539081 13552 0
0.149271 -0.0979825 1.72035 1
0.577449 0.567784 13760 0
-0.0368337 0.000559832 1.73868 1
0.481091 0.499617 13904 0
0.0378115 -0.373585 1.68467 1
0.520034 0.763916 13472 0
0.00706896 -0.710837 1.65531 1
0.503812 1.01107 13240 0
0.0681435 -0.747459 1.59782 1
0.538067 1.05674 12776 0
0.0445944 -0.0143823 1.72848 1
0.523029 0.509903 13824 0
-0.0574563 -0.432726 1.84418 1
0.472191 0.779256 14752 0
-0.0981253 -0.710967 1.85473 1
0.452777 0.956206 14832 0
-0.0347025 -0.742025 1.796 1
0.482753 0.991705 14368 0
40
0.00714606 0.043667 1.74033 1
0.503665 0.470138 13920 0
-0.0103654 0.0948426 1.76216 1
0.49475 0.435945 14096 0
0.0127619 0.35451 1.77947 1
0.506401 0.2629 14232 0
0.0144292 0.540903 1.81964 1
0.507078 0.146225 14552 0
-0.09587 0.382356 1.80362 1
0.452555 0.247701 14424 0
0.0107461 0.178371 1.68317 1
0.505699 0.373878 13464 0
0.0990689 -0.0496348 1.6225 1
0.554501 0.536408 12976 0
0.118744 -0.13015 1.6337 1
0.564877 0.594812 13064 0
0.114796 0.332318 2.03273 1
0.550408 0.305434 16256 0
0.110648 0.160052 1.8273 1
0.554049 0.395758 14616 0
0.130847 -0.0554681 1.6938 1
0.568953 0.538974 13544 0
0.150637 -0.104884 1.71899 1
0.578219 0.572615 13744 0
-0.0356762 0.00130674 1.73806 1
0.481678 0.499105 13904 0
0.0376749 -0.373942 1.68461 1
0.519962 0.764179 13472 0
0.00702159 -0.710588 1.65487 1
0.503787 1.01103 13232 0
0.0681385 -0.747197 1.59742 1
0.538074 1.05668 12776 0
0.0468828 -0.0133262 1.72796 1
0.524218 0.509178 13816 0
-0.057131 -0.432093 1.84305 1
0.472331 0.779018 14744 0
-0.0979392 -0.709946 1.8546 1
0.452863 0.955583 14832 0
-0.0348612 -0.742415 1.79612 1
0.482675 0.99193 14368 0
40
0.00788981 0.0441334 1.7399 1
0.504048 0.469812 13912 0
-0.00998118 0.0947717 1.76176 1
0.494943 0.435979 14088 0
0.0131372 0.354755 1.77903 1
0.506591 0.262678 14232 0
0.016817 0.541099 1.81947 1
0.50825 0.146065 14552 0
-0.0956225 0.382451 1.80358 1
0.452676 0.247633 14424 0
0.0112879 0.178644 1.68314 1
0.505986 0.373683 13464 0
0.0998097 -0.0494311 1.62298 1
0.554893 0.536248 12976 0
0.119449 -0.129975 1.63432 1
0.565238 0.594649 13072 0
0.115054 0.332516 2.0323 1
0.550532 0.305277 16256 0
0.111455 0.160001 1.82722 1
0.554445 0.395786 14616 0
0.131219 -0.0553888 1.69349 1
0.569162 0.538925 13544 0
0.151769 -0.111778 1.71731 1
0.578884 0.577464 13736 0
-0.0349609 0.00197831 1.73752 1
0.48204 0.498645 13896 0
0.0375637 -0.374288 1.68453 1
0.519904 0.764435 13472 0
0.00698608 -0.710271 1.65443 1
0.503769 1.01094 13232 0
0.0681288 -0.746876 1.59699 1
0.538079 1.05659 12768 0
0.0480082 -0.0127508 1.72764 1
0.524804 0.508784 13816 0
-0.056918 -0.431728 1.84218 1
0.472421 0.778914 14736 0
-0.097817 -0.709229 1.85449 1
0.452919 0.955149 14832 0
-0.0349952 -0.742733 1.79621 1
0.48261 0.992117 14368 0
40
0.00950036 0.0439338 1.73872 1
0.504877 0.469928 13904 0
-0.00880832 0.0942676 1.76069 1
0.495535 0.436281 14080 0
0.0137023 0.354926 1.77835 1
0.506877 0.262472 14224 0
0.0192891 0.541118 1.819 1
0.509465 0.145959 14544 0
-0.0953509 0.38253 1.80349 1
0.452808 0.247568 14424 0
0.0118805 0.178896 1.68308 1
0.506301 0.373501 13464 0
0.100426 -0.0492732 1.62333 1
0.555219 0.536124 12984 0
0.119956 -0.129849 1.63473 1
0.565498 0.594533 13072 0
0.115433 0.332675 2.03172 1
0.550713 0.305128 16248 0
0.112279 0.159875 1.82694 1
0.554857 0.395852 14608 0
0.131569 -0.0553774 1.69309 1
0.569363 0.538926 13544 0
0.152513 -0.117805 1.71529 1
0.579364 0.581737 13720 0
-0.0324859 0.00181305 1.73402 1
0.483278 0.498756 13872 0
0.0375058 -0.374484 1.68445 1
0.519874 0.764587 13472 0
0.0068912 -0.710306 1.65405 1
0.503719 1.01108 13232 0
0.0680503 -0.746899 1.59661 1
0.538044 1.05675 12768 0
0.0502264 -0.0131057 1.72716 1
0.525957 0.509031 13816 0
-0.0568316 -0.431855 1.84173 1
0.472457 0.779064 14728 0
-0.0978086 -0.709148 1.85451 1
0.452924 0.955094 14832 0
-0.0350992 -0.743032 1.79629 1
0.482559 0.992294 14368 0
40
0.0116281 0.0448559 1.73726 1
0.505974 0.469271 13896 0
-0.00729055 0.0944266 1.75942 1
0.496301 0.436127 14072 0
0.0144339 0.355019 1.77743 1
0.507248 0.262288 14216 0
0.02166 0.541029 1.81828 1
0.510633 0.145879 14544 0
-0.0948936 0.382631 1.80316 1
0.453026 0.247455 14424 0
0.0125528 0.179108 1.68288 1
0.506658 0.373336 13456 0
0.100933 -0.0491755 1.62352 1
0.555492 0.536048 12984 0
0.120349 -0.129777 1.63499 1
0.565703 0.594466 13072 0
0.115927 0.332792 2.03098 1
0.550949 0.304989 16240 0
0.11312 0.159685 1.8265 1
0.555281 0.395952 14608 0
0.131916 -0.0554115 1.69254 1
0.569568 0.538963 13536 0
0.152996 -0.12264 1.71323 1
0.579711 0.585194 13704 0
-0.0300778 0.00271583 1.73154 1
0.484495 0.498133 13848 0
0.0374768 -0.374606 1.68433 1
0.51986 0.764691 13472 0
0.00683693 -0.71015 1.65368 1
0.50369 1.01108 13224 0
0.0680178 -0.746716 1.59623 1
0.538035 1.05674 12768 0
0.0531797 -0.0118151 1.72586 1
0.527504 0.508148 13800 0
-0.0561882 -0.430635 1.84066 1
0.472753 0.778438 14720 0
-0.0971461 -0.707317 1.85391 1
0.453228 0.954064 14824 0
-0.0349958 -0.742715 1.79615 1
0.482609 0.992122 14368 0
40
0.0135355 0.0458899 1.73596 1
0.50696 0.468539 13880 0
-0.00581061 0.0948335 1.75815 1
0.49705 0.435805 14064 0
0.015527 0.355014 1.77598 1
0.507804 0.262096 14200 0
0.0235326 0.540887 1.81723 1
0.511559 0.145767 14536 0
-0.0934067 0.382456 1.80158 1
0.453721 0.247349 14408 0
0.0138642 0.178904 1.68192 1
0.507358 0.373407 13448 0
0.101693 -0.0494939 1.62318 1
0.555921 0.536289 12984 0
0.120907 -0.130169 1.63464 1
0.566021 0.594771 13072 0
0.116659 0.332863 2.02988 1
0.551298 0.304842 16232 0
0.114063 0.159382 1.8257 1
0.555766 0.396103 14600 0
0.132294 -0.0555222 1.69171 1
0.569802 0.53906 13528 0
0.153332 -0.126565 1.71109 1
0.579986 0.58803 13688 0
-0.0282044 0.00349416 1.73011 1
0.485449 0.497596 13840 0
0.037477 -0.374684 1.6842 1
0.519862 0.764768 13472 0
0.00680547 -0.709928 1.65331 1
0.503674 1.01104 13224 0
0.0680279 -0.74649 1.59589 1
0.538049 1.05669 12760 0
0.055945 -0.0101514 1.72383 1
0.528968 0.507008 13784 0
-0.0552437 -0.428829 1.83937 1
0.473192 0.777464 14712 0
-0.0961984 -0.70481 1.85299 1
0.453661 0.952681 14816 0
-0.0346782 -0.741944 1.79586 1
0.482764 0.99169 14360 0
40
0.0156338 0.0474183 1.73459 1
0.508045 0.467466 13872 0
-0.00405539 0.0956679 1.75674 1
0.497939 0.435188 14048 0
0.0170773 0.354633 1.77353 1
0.508595 0.262024 14184 0
0.0252364 0.540439 1.81534 1
0.512409 0.145691 14520 0
-0.0919431 0.382297 1.79992 1
0.454405 0.247222 14392 0
0.0150301 0.178688 1.68061 1
0.507983 0.373462 13440 0
0.1023 -0.0499001 1.62221 1
0.556289 0.536609 12976 0
0.121331 -0.130651 1.63368 1
0.566292 0.595178 13064 0
0.117709 0.332724 2.02813 1
0.551804 0.304755 16224 0
0.115317 0.158683 1.82403 1
0.556431 0.396464 14592 0
0.132808 -0.0558601 1.69021 1
0.570135 0.539333 13520 0
0.153653 -0.130072 1.70851 1
0.580274 0.590606 13664 0
-0.0264501 0.00439395 1.72915 1
0.486346 0.496976 13832 0
0.0375457 -0.374664 1.68383 1
0.519903 0.764811 13464 0
0.00681888 -0.709582 1.65289 1
0.503682 1.01092 13216 0
0.0680611 -0.746133 1.59547 1
0.538077 1.05657 12760 0
0.0587514 -0.00805875 1.72152 1
0.530462 0.505571 13768 0
-0.0539307 -0.426435 1.83795 1
0.473809 0.776129 14696 0
-0.0949516 -0.701686 1.85178 1
0.454232 0.950968 14808 0
-0.0341634 -0.7406 1.7953 1
0.483015 0.990952 14360 0
40
0.0167648 0.0484717 1.73366 1
0.508632 0.466725 13864 0
-0.00288486 0.0963838 1.75563 1
0.498533 0.434662 14040 0
0.0188842 0.353944 1.77036 1
0.509521 0.262061 14160 0
0.0281015 0.53946 1.81052 1
0.513854 0.145391 14480 0
-0.0904603 0.382253 1.79805 1
0.455093 0.246988 14384 0
0.0159193 0.178476 1.67881 1
0.508464 0.373476 13424 0
0.10274 -0.050319 1.62036 1
0.556596 0.536958 12960 0
0.121466 -0.131238 1.63149 1
0.566454 0.595734 13048 0
0.11901 0.332381 2.02579 1
0.552437 0.304731 16200 0
0.116767 0.157716 1.82152 1
0.557219 0.396954 14568 0
0.133663 -0.0569719 1.68966 1
0.57061 0.540128 13512 0
0.154424 -0.133947 1.70755 1
0.580723 0.593358 13656 0
-0.025651 0.00498043 1.72872 1
0.486756 0.496571 13824 0
0.0376929 -0.37472 1.68316 1
0.519989 0.764957 13464 0
0.00697747 -0.709052 1.65233 1
0.503769 1.01071 13216 0
0.0682003 -0.745631 1.59489 1
0.538169 1.0564 12752 0
0.0598351 -0.00704383 1.71998 1
0.531052 0.504874 13752 0
-0.0531185 -0.42525 1.83719 1
0.474192 0.775476 14696 0
-0.0941937 -0.70002 1.85103 1
0.454578 0.95008 14808 0
-0.0338274 -0.739783 1.79486 1
0.483177 0.990531 14352 0
40
0.0187119 0.0509481 1.73189 1
0.509644 0.464989 13848 0
-0.000948471 0.0980804 1.75366 1
0.499517 0.433438 14024 0
0.0212741 0.352365 1.76516 1
0.510758 0.262424 14120 0
0.0324645 0.537559 1.80464 1
0.516057 0.14549 14432 0
-0.0886735 0.382148 1.79562 1
0.455921 0.246715 14360 0
0.0161297 0.177801 1.67583 1
0.508591 0.373731 13400 0
0.102874 -0.0510796 1.61709 1
0.556784 0.537593 12936 0
0.121158 -0.132204 1.62786 1
0.566434 0.596654 13016 0
0.120801 0.331474 2.02201 1
0.553326 0.304899 16176 0
0.117897 0.156749 1.81878 1
0.55786 0.397431 14544 0
0.134691 -0.0587103 1.68852 1
0.571201 0.541381 13504 0
0.155194 -0.137747 1.7061 1
0.581194 0.596089 13648 0
-0.0246331 0.00597885 1.72853 1
0.48728 0.495883 13824 0
0.0378704 -0.374799 1.68225 1
0.520094 0.765156 13456 0
0.00746235 -0.708224 1.6516 1
0.504033 1.01034 13208 0
0.0686198 -0.744839 1.5941 1
0.538423 1.05608 12752 0
0.0622812 -0.00390399 1.71614 1
0.532394 0.502707 13728 0
-0.05076 -0.42145 1.83585 1
0.47532 0.773213 14680 0
-0.0919329 -0.69544 1.84867 1
0.455612 0.947706 14784 0
-0.0326406 -0.737032 1.79329 1
0.483753 0.989133 14344 0
40
0.0227023 0.0557964 1.72888 1
0.511721 0.461591 13824 0
0.00267108 0.101383 1.75037 1
0.501362 0.431067 14000 0
0.0238311 0.350372 1.7586 1
0.512096 0.262887 14064 0
0.037349 0.535328 1.798 1
0.518541 0.145658 14384 0
-0.0861242 0.381989 1.79158 1
0.457092 0.24625 14328 0
0.0159801 0.176699 1.67041 1
0.508539 0.374106 13360 0
0.101767 -0.0526467 1.61183 1
0.556356 0.538873 12888 0
0.120231 -0.133603 1.62342 1
0.566106 0.597943 12984 0
0.127422 0.331801 2.01431 1
0.556464 0.30396 16112 0
0.119803 0.15624 1.81508 1
0.558915 0.397556 14520 0
0.13531 -0.0596174 1.68727 1
0.571581 0.542051 13496 0
0.155542 -0.139889 1.70475 1
0.58144 0.59766 13632 0
-0.0224635 0.00782772 1.72859 1
0.488401 0.494611 13824 0
0.0380961 -0.374317 1.68086 1
0.52023 0.765034 13440 0
0.00818422 -0.707087 1.65083 1
0.504425 1.00976 13200 0
0.0692341 -0.743707 1.59319 1
0.538789 1.05555 12744 0
0.0678075 0.00163113 1.71 1
0.535395 0.498865 13672 0
-0.0449957 -0.414351 1.83453 1
0.478107 0.768805 14672 0
-0.0876487 -0.687469 1.84289 1
0.457548 0.943961 14736 0
-0.0300988 -0.731556 1.78922 1
0.484984 0.986606 14312 0
40
0.0299321 0.063324 1.72485 1
0.51549 0.456307 13792 0
0.00881642 0.106296 1.74647 1
0.504506 0.427565 13968 0
0.0262239 0.348348 1.75192 1
0.513361 0.263358 14008 0
0.040881 0.53304 1.7882 1
0.520406 0.145238 14304 0
-0.0801912 0.380598 1.77976 1
0.459782 0.245495 14232 0
0.0163643 0.173001 1.65899 1
0.508805 0.375893 13264 0
0.100221 -0.0571179 1.60268 1
0.555817 0.542415 12816 0
0.119657 -0.137692 1.61487 1
0.566139 0.601476 12912 0
0.160042 0.334154 1.99569 1
0.571581 0.300728 15960 0
0.124804 0.185837 1.77912 1
0.562615 0.375687 14232 0
0.135926 -0.0467931 1.67637 1
0.572375 0.53322 13408 0
0.155345 -0.134874 1.69946 1
0.58159 0.594452 13592 0
-0.0187896 0.0102646 1.72879 1
0.490299 0.492934 13824 0
0.0381151 -0.373172 1.67891 1
0.520264 0.76453 13424 0
0.00891304 -0.705883 1.65016 1
0.504821 1.0091 13200 0
0.0695843 -0.742345 1.59197 1
0.539015 1.05496 12728 0
0.0808576 0.00956844 1.70159 1
0.542415 0.493308 13608 0
-0.0344445 -0.404858 1.83162 1
0.483214 0.763063 14648 0
-0.0817835 -0.677263 1.83376 1
0.460191 0.939548 14664 0
-0.0267433 -0.723084 1.78102 1
0.486597 0.983183 14248 0
40
0.04591 0.0729256 1.71889 1
0.52384 0.449508 13744 0
0.0207882 0.112442 1.74019 1
0.510663 0.4231 13920 0
0.0283043 0.346579 1.74511 1
0.514477 0.263641 13960 0
0.0436993 0.531156 1.77962 1
0.521918 0.144789 14232 0
-0.0380177 0.346874 1.72359 1
0.480312 0.260487 13784 0
0.0346035 0.124296 1.61755 1
0.519095 0.408549 12936 0
0.105059 -0.112669 1.57752 1
0.559445 0.585 12616 0
0.130812 -0.190682 1.59352 1
0.573273 0.642412 12744 0
0.196298 0.379449 1.95337 1
0.589699 0.268813 15624 0
0.230226 0.241141 1.96269 1
0.604702 0.353778 15696 0
0.267821 0.0477866 1.91609 1
0.624762 0.470319 15328 0
0.285621 -0.0196598 1.91938 1
0.632826 0.51219 15352 0
-0.000659684 0.0131579 1.73163 1
0.49966 0.490957 13848 0
0.0377142 -0.372247 1.67689 1
0.520075 0.764192 13408 0
0.00942604 -0.705158 1.64965 1
0.5051 1.00873 13192 0
0.0700222 -0.741447 1.59119 1
0.53928 1.05456 12728 0
0.113217 0.0270347 1.68486 1
0.559979 0.480904 13472 0
-0.014281 -0.381515 1.82289 1
0.493007 0.749082 14576 0
-0.0661757 -0.652687 1.81601 1
0.467474 0.92774 14528 0
-0.0155032 -0.70363 1.76694 1
0.492168 0.97393 14128 0
40
0.0573758 0.0805427 1.7137 1
0.529885 0.444065 13704 0
0.0320296 0.118172 1.73521 1
0.516476 0.418949 13880 0
0.0299262 0.344899 1.73809 1
0.515369 0.263837 13904 0
0.0438106 0.527075 1.7494 1
0.522353 0.141429 13992 0
-0.0119571 0.32425 1.68722 1
0.493674 0.271282 13496 0
0.0437268 0.0901655 1.60062 1
0.524384 0.432959 12800 0
0.107936 -0.150624 1.5749 1
0.561174 0.613824 12592 0
0.134138 -0.230361 1.57956 1
0.5758 0.673566 12632 0
0.243311 0.426401 1.9106 1
0.61367 0.234392 15280 0
0.275305 0.273267 1.97023 1
0.624724 0.334933 15760 0
0.253252 0.108259 2.02041 1
0.611884 0.43623 16160 0
0.247826 0.0511897 2.03718 1
0.608585 0.470095 16296 0
0.00901195 0.0147447 1.73248 1
0.504643 0.489871 13856 0
0.0367614 -0.371424 1.67503 1
0.51959 0.763901 13400 0
0.00982765 -0.704513 1.64919 1
0.505319 1.00841 13192 0
0.0693135 -0.74019 1.58915 1
0.538932 1.05434 12712 0
0.13091 0.0348094 1.67561 1
0.569736 0.475276 13400 0
-0.00483432 -0.37088 1.81914 1
0.497628 0.742639 14552 0
-0.0583126 -0.64179 1.80887 1
0.471225 0.922259 14464 0
-0.00990966 -0.690349 1.75564 1
0.494962 0.967978 14040 0
40
0.0623777 0.0786286 1.70298 1
0.532694 0.445051 13616 0
0.0364966 0.117774 1.72539 1
0.518881 0.418763 13800 0
0.030495 0.344233 1.73123 1
0.515723 0.263359 13848 0
0.0444893 0.526092 1.73649 1
0.522869 0.139436 13888 0
-0.00334226 0.317098 1.67441 1
0.498218 0.274616 13392 0
0.0444045 0.0777174 1.59362 1
0.524871 0.44196 12744 0
0.0949218 -0.138822 1.57275 1
0.553872 0.605049 12576 0
0.122128 -0.218234 1.57201 1
0.569345 0.665219 12576 0
0.206983 0.29549 1.90873 1
0.596793 0.315756 15264 0
0.354991 0.34229 1.95814 1
0.661818 0.291962 15664 0
0.248898 0.211704 2.00395 1
0.610863 0.374271 16024 0
0.225716 0.166605 2.06078 1
0.597766 0.403784 16480 0
0.0127092 0.0140274 1.71066 1
0.506631 0.490241 13680 0
0.0356587 -0.37067 1.67332 1
0.519021 0.763633 13384 0
0.0100501 -0.704237 1.64886 1
0.505441 1.00831 13184 0
0.0694577 -0.739768 1.58863 1
0.539026 1.0542 12704 0
0.136155 0.0321974 1.66884 1
0.572824 0.477039 13344 0
-0.000946354 -0.368275 1.81823 1
0.499535 0.741055 14544 0
-0.0552073 -0.639042 1.8052 1
0.472702 0.921305 14440 0
-0.00654219 -0.68585 1.75168 1
0.496666 0.96598 14008 0
40
0.0647699 0.0868494 1.6972 1
0.534064 0.439099 13576 0
0.0390003 0.121999 1.72007 1
0.520238 0.415588 13760 0
0.0302815 0.344133 1.72551 1
0.515664 0.262643 13800 0
0.0364906 0.526287 1.72481 1
0.518884 0.136859 13792 0
-0.0377585 0.346354 1.69521 1
0.480119 0.256841 13560 0
0.0120715 0.103264 1.61089 1
0.506689 0.423708 12880 0
0.0737475 -0.111418 1.57586 1
0.541772 0.584145 12600 0
0.102756 -0.190471 1.56961 1
0.558434 0.644421 12552 0
0.209652 0.302267 1.89964 1
0.59851 0.31063 15192 0
0.385729 0.35219 1.93652 1
0.677793 0.283555 15488 0
0.23231 0.240524 1.98251 1
0.604594 0.35561 15856 0
0.19165 0.223201 2.03378 1
0.584112 0.369388 16264 0
0.0217307 0.0341 1.67717 1
0.511565 0.475803 13416 0
0.0344536 -0.369969 1.67179 1
0.518395 0.763376 13368 0
0.0127633 -0.666057 1.64592 1
0.506922 0.981609 13160 0
-0.0126215 -0.685069 1.61472 1
0.493023 1.00493 12912 0
0.128988 0.039399 1.69316 1
0.567999 0.472306 13544 0
0.00146005 -0.366135 1.82137 1
0.500716 0.739241 14568 0
-0.054032 -0.636452 1.80538 1
0.473286 0.919556 14440 0
-0.00466541 -0.681946 1.74924 1
0.497619 0.963975 13992 0
40
0.0634969 0.0981449 1.69329 1
0.533472 0.431019 13544 0
0.0385268 0.130627 1.71592 1
0.520041 0.4094 13720 0
0.0296094 0.344461 1.72097 1
0.515357 0.26179 13760 0
0.0300048 0.526944 1.71791 1
0.51559 0.134946 13736 0
-0.0512323 0.356831 1.70092 1
0.473115 0.250328 13600 0
-0.015787 0.11737 1.61004 1
0.491248 0.413241 12880 0
0.0546131 -0.102829 1.56414 1
0.531166 0.578241 12512 0
0.0888759 -0.182061 1.56174 1
0.550796 0.63874 12488 0
0.190842 0.293895 1.89559 1
0.589864 0.315481 15160 0
0.416175 0.362545 1.91507 1
0.693975 0.274695 15320 0
0.231323 0.28707 1.95321 1
0.605712 0.325083 15624 0
0.172705 0.286114 1.99814 1
0.57715 0.329585 15984 0
0.0237201 0.0475693 1.65935 1
0.512759 0.465882 13272 0
0.0331632 -0.369243 1.67033 1
0.517722 0.763088 13360 0
0.0135786 -0.647752 1.64442 1
0.507371 0.968802 13152 0
-0.0586172 -0.655421 1.62922 1
0.467886 0.978776 13032 0
0.122693 0.0433795 1.70709 1
0.564153 0.469757 13656 0
0.00175254 -0.365359 1.82668 1
0.500856 0.73804 14608 0
-0.0536179 -0.635668 1.81035 1
0.473564 0.917887 14480 0
-0.00324986 -0.678824 1.74841 1
0.498341 0.962069 13984 0
40
0.0606796 0.110506 1.69026 1
0.532044 0.422192 13520 0
0.0366278 0.14072 1.71286 1
0.519087 0.402225 13696 0
0.0278686 0.345338 1.71668 1
0.51449 0.260587 13728 0
0.0219793 0.528247 1.71359 1
0.511449 0.133121 13704 0
-0.0634144 0.364868 1.70887 1
0.466877 0.245892 13664 0
-0.0284819 0.125128 1.61575 1
0.484266 0.407834 12920 0
0.0384281 -0.0848847 1.56577 1
0.521907 0.56452 12520 0
0.0658911 -0.16236 1.55829 1
0.537743 0.624 12464 0
0.186227 0.287958 1.89386 1
0.58777 0.319044 15144 0
0.414106 0.356482 1.90368 1
0.694165 0.277138 15224 0
0.215882 0.309912 1.93534 1
0.599566 0.309422 15480 0
0.150131 0.318392 1.96368 1
0.568242 0.307032 15704 0
0.0231505 0.0566957 1.64856 1
0.512535 0.45907 13184 0
0.0319052 -0.368566 1.66894 1
0.517064 0.762826 13344 0
0.0138188 -0.638759 1.64366 1
0.507504 0.962505 13144 0
-0.0768864 -0.643893 1.63492 1
0.458023 0.968717 13072 0
0.119874 0.046025 1.71389 1
0.562431 0.46804 13704 0
0.00182175 -0.364576 1.83179 1
0.500888 0.736868 14648 0
-0.0525341 -0.634851 1.81453 1
0.474158 0.916389 14512 0
-0.00205169 -0.67623 1.74816 1
0.498952 0.96037 13984 0
40
0.0584903 0.119011 1.68861 1
0.530918 0.416121 13504 0
0.0348284 0.148311 1.71115 1
0.518168 0.396848 13688 0
0.0260129 0.346345 1.71343 1
0.513551 0.259433 13704 0
0.0145704 0.529375 1.71036 1
0.507604 0.131643 13680 0
-0.0713276 0.36892 1.71357 1
0.462846 0.243774 13704 0
-0.0478908 0.131974 1.61477 1
0.473527 0.402732 12912 0
0.0288914 -0.0828725 1.56109 1
0.516519 0.563179 12488 0
0.0273276 -0.152339 1.55096 1
0.515727 0.616897 12400 0
0.183464 0.286993 1.8967 1
0.586339 0.31992 15168 0
0.411683 0.349823 1.89781 1
0.693627 0.280624 15176 0
0.202656 0.321244 1.91414 1
0.594502 0.300265 15312 0
0.136219 0.327071 1.93698 1
0.562772 0.29904 15488 0
0.0221541 0.0627671 1.6421 1
0.512042 0.454509 13136 0
0.0301777 -0.36749 1.66741 1
0.516155 0.762298 13336 0
0.0139699 -0.632961 1.6432 1
0.507589 0.958437 13144 0
-0.0881814 -0.636658 1.63844 1
0.45196 0.962454 13104 0
0.118429 0.0477345 1.71784 1
0.561536 0.466929 13736 0
0.00221376 -0.36409 1.8362 1
0.501076 0.735983 14688 0
-0.0514758 -0.634196 1.8173 1
0.474717 0.915325 14536 0
-0.00101563 -0.674163 1.74822 1
0.499481 0.958946 13984 0
40
0.0568443 0.124359 1.68774 1
0.530063 0.412308 13496 0
0.0331989 0.153416 1.7102 1
0.517327 0.393238 13680 0
0.0241173 0.347395 1.71097 1
0.512582 0.258357 13680 0
0.00817808 0.530308 1.7084 1
0.504273 0.13057 13664 0
-0.07648 0.371222 1.71643 1
0.460228 0.242605 13728 0
-0.0569501 0.135222 1.61436 1
0.468512 0.400312 12912 0
0.0206917 -0.0836864 1.55744 1
0.511859 0.563949 12456 0
0.0164738 -0.148669 1.54845 1
0.509496 0.614266 12384 0
0.179664 0.290543 1.90341 1
0.584252 0.318335 15224 0
0.399037 0.33616 1.89777 1
0.687682 0.289188 15176 0
0.19347 0.317456 1.9041 1
0.590694 0.30158 15232 0
0.127879 0.326777 1.92307 1
0.559355 0.297768 15384 0
0.0206962 0.0671142 1.63821 1
0.511276 0.451243 13104 0
0.0284787 -0.36634 1.66631 1
0.515255 0.76165 13328 0
0.0140982 -0.628974 1.64287 1
0.50766 0.95564 13136 0
-0.0943514 -0.633406 1.64057 1
0.448666 0.959493 13120 0
0.117327 0.0488342 1.72052 1
0.560868 0.46622 13760 0
0.0222253 -0.321007 1.68821 1
0.511751 0.726298 13504 0
-0.05126 -0.630697 1.81921 1
0.474849 0.9126 14552 0
-0.00047301 -0.668072 1.74962 1
0.499759 0.954434 13992 0
40
0.0556862 0.127832 1.68736 1
0.529457 0.409838 13496 0
0.0317471 0.15684 1.70962 1
0.516575 0.390818 13672 0
0.0222527 0.348392 1.70921 1
0.511621 0.257414 13672 0
0.00321124 0.53104 1.70721 1
0.501679 0.129803 13656 0
-0.0793658 0.37006 1.71638 1
0.458726 0.243403 13728 0
-0.0623329 0.134537 1.61228 1
0.465491 0.400689 12896 0
0.0108264 -0.0912409 1.55549 1
0.506213 0.56981 12440 0
0.00649364 -0.151667 1.54801 1
0.503744 0.616603 12384 0
0.19428 0.284944 1.93658 1
0.589546 0.324888 15488 0
0.394693 0.327131 1.90246 1
0.685181 0.295356 15216 0
0.200041 0.295483 1.91767 1
0.59311 0.316621 15336 0
0.132965 0.306095 1.92755 1
0.561572 0.311008 15416 0
0.0190873 0.0699017 1.63633 1
0.510412 0.44916 13088 0
0.0272113 -0.365488 1.66554 1
0.514583 0.761162 13320 0
0.0140939 -0.626278 1.64268 1
0.507658 0.95374 13136 0
-0.0951797 -0.633863 1.64112 1
0.448232 0.959671 13128 0
0.116673 0.0490849 1.72288 1
0.560446 0.466093 13776 0
0.0280264 -0.309062 1.64807 1
0.515179 0.723184 13184 0
-0.0517297 -0.626739 1.82163 1
0.474653 0.909468 14568 0
0.000309055 -0.663657 1.75171 1
0.500157 0.950893 14008 0
40
0.0543772 0.129188 1.68772 1
0.528759 0.408901 13496 0
0.0302183 0.158569 1.70946 1
0.515778 0.389604 13672 0
0.0201467 0.349158 1.70802 1
0.510528 0.256712 13664 0
0.000573073 0.531582 1.70745 1
0.5003 0.129477 13656 0
-0.0822468 0.369619 1.71686 1
0.45724 0.24378 13728 0
-0.0654978 0.134755 1.61101 1
0.46371 0.40045 12888 0
0.00462335 -0.0952784 1.55458 1
0.502655 0.572941 12432 0
0.000215746 -0.153513 1.54822 1
0.500124 0.618006 12384 0
0.177296 0.288142 1.94673 1
0.581292 0.323846 15568 0
0.374895 0.316229 1.91956 1
0.674326 0.303938 15352 0
0.191274 0.277762 1.94412 1
0.587819 0.329963 15552 0
0.129601 0.28511 1.94644 1
0.559432 0.325673 15568 0
0.0169642 0.0704536 1.63694 1
0.50925 0.448777 13088 0
0.0264908 -0.364972 1.66501 1
0.514201 0.760877 13320 0
0.0139223 -0.625185 1.64266 1
0.507565 0.952954 13136 0
0.00197991 -0.653955 1.6081 1
0.501099 0.983979 12864 0
0.115954 0.0483546 1.7247 1
0.56001 0.466633 13792 0
0.031687 -0.301186 1.61953 1
0.517464 0.721329 12952 0
-0.0521831 -0.624103 1.82325 1
0.474453 0.907382 14584 0
0.00114367 -0.660306 1.75391 1
0.500582 0.948053 14024 0
40
0.0528916 0.129036 1.68892 1
0.527953 0.409073 13504 0
0.028386 0.159162 1.70983 1
0.514818 0.389215 13672 0
0.0176514 0.349583 1.70732 1
0.509228 0.256316 13656 0
-0.00137517 0.531819 1.70837 1
0.499281 0.129512 13664 0
-0.0846706 0.369197 1.71734 1
0.455992 0.244144 13736 0
-0.0662767 0.13497 1.60938 1
0.463242 0.400191 12872 0
0.000636093 -0.0977232 1.55403 1
0.500365 0.57484 12432 0
-0.00355908 -0.155154 1.54876 1
0.497949 0.619226 12384 0
0.16916 0.290138 1.96175 1
0.576968 0.323984 15688 0
0.352459 0.313602 1.93967 1
0.662194 0.307582 15512 0
0.18 0.262806 1.95936 1
0.582 0.34037 15672 0
0.122638 0.264057 1.95844 1
0.555894 0.339536 15664 0
0.0145049 0.0691121 1.6405 1
0.507892 0.449862 13120 0
0.0261507 -0.364371 1.66438 1
0.514024 0.760546 13312 0
0.0138075 -0.624828 1.64274 1
0.507502 0.952671 13136 0
0.0662471 -0.666794 1.58786 1
0.53724 0.999772 12696 0
0.115296 0.0472517 1.72606 1
0.559623 0.46742 13808 0
0.0314426 -0.303236 1.61491 1
0.517379 0.723474 12912 0
-0.0526564 -0.622954 1.82432 1
0.474237 0.906394 14592 0
0.00172832 -0.658496 1.75585 1
0.500879 0.946331 14040 0
40
0.0507547 0.124631 1.6917 1
0.52678 0.412321 13528 0
0.025662 0.156583 1.71145 1
0.513384 0.391114 13688 0
0.0144083 0.349215 1.70733 1
0.507533 0.256573 13656 0
-0.00310381 0.531288 1.71134 1
0.498381 0.130524 13688 0
-0.0946796 0.356854 1.72509 1
0.451011 0.25381 13800 0
-0.066381 0.133906 1.60809 1
0.463154 0.400898 12864 0
-0.00192515 -0.101624 1.55374 1
0.498894 0.577841 12424 0
-0.00457747 -0.159573 1.54992 1
0.497364 0.62253 12392 0
0.171852 0.266711 1.99829 1
0.576763 0.341154 15984 0
0.337996 0.32196 1.95292 1
0.654483 0.303795 15616 0
0.176952 0.250892 1.96866 1
0.58023 0.348327 15744 0
0.122784 0.23875 1.96953 1
0.555646 0.355731 15752 0
0.00783124 0.0537701 1.66022 1
0.50421 0.461455 13280 0
0.0261949 -0.363862 1.66361 1
0.514055 0.760302 13304 0
0.0138043 -0.625539 1.64299 1
0.5075 0.953119 13136 0
0.0896353 -0.67154 1.5804 1
0.550625 1.0057 12640 0
0.11475 0.0447978 1.72575 1
0.559351 0.469106 13800 0
0.0310558 -0.308869 1.61361 1
0.517179 0.727808 12904 0
-0.0536302 -0.622835 1.82515 1
0.473772 0.906131 14600 0
0.00194501 -0.657632 1.75735 1
0.500988 0.945366 14056 0
40
0.0490237 0.119789 1.69477 1
0.52582 0.41588 13552 0
0.023202 0.152953 1.71375 1
0.512085 0.393781 13704 0
0.0107503 0.348034 1.7081 1
0.505618 0.257506 13664 0
-0.00711628 0.529518 1.71737 1
0.496301 0.133048 13736 0
-0.102038 0.347565 1.73145 1
0.447398 0.261098 13848 0
-0.0657097 0.132482 1.60703 1
0.463503 0.401887 12856 0
-0.00347242 -0.105127 1.55376 1
0.498005 0.580524 12424 0
-0.00419148 -0.164033 1.55131 1
0.497588 0.625841 12408 0
0.188164 0.243595 2.03149 1
0.582675 0.357293 16248 0
0.321252 0.349281 1.96454 1
0.645961 0.288405 15712 0
0.177234 0.244285 1.97668 1
0.580032 0.35292 15808 0
0.127601 0.220051 1.98054 1
0.557508 0.367769 15840 0
0.00458585 0.0451989 1.67142 1
0.502449 0.467816 13368 0
0.0268062 -0.363431 1.66255 1
0.514392 0.760159 13296 0
0.0137489 -0.626869 1.64328 1
0.507468 0.954003 13144 0
0.103423 -0.674118 1.57592 1
0.558578 1.00909 12600 0
0.114702 0.0413477 1.72467 1
0.559363 0.471468 13792 0
0.0301099 -0.314382 1.61509 1
0.51664 0.731661 12920 0
-0.0553098 -0.623671 1.82558 1
0.472957 0.906582 14600 0
0.00181298 -0.657349 1.75855 1
0.50092 0.94487 14064 0
40
0.0466821 0.111234 1.69908 1
0.524524 0.422086 13592 0
0.0199451 0.146107 1.71716 1
0.510368 0.398736 13736 0
0.00675497 0.346102 1.70943 1
0.503527 0.25904 13672 0
-0.0117998 0.527078 1.72378 1
0.49389 0.136097 13784 0
-0.104259 0.332178 1.73592 1
0.446391 0.272262 13880 0
-0.0634907 0.125107 1.60537 1
0.464699 0.407254 12840 0
-0.00469187 -0.115463 1.55417 1
0.497305 0.588417 12432 0
-0.00260375 -0.175798 1.55317 1
0.498504 0.634706 12424 0
0.198105 0.237852 2.05234 1
0.586159 0.362073 16416 0
0.296949 0.395887 1.95393 1
0.635652 0.258868 15624 0
0.186334 0.24486 1.99558 1
0.583345 0.35397 15960 0
0.145185 0.203211 2.00833 1
0.564527 0.379578 16064 0
0.00216218 0.0377717 1.67924 1
0.501149 0.47323 13432 0
0.0277671 -0.363041 1.66124 1
0.514919 0.760086 13288 0
0.0119987 -0.646412 1.64447 1
0.506513 0.967818 13152 0
0.107514 -0.690246 1.57509 1
0.560928 1.02155 12600 0
0.114447 0.0362142 1.72329 1
0.559279 0.47499 13784 0
0.0287604 -0.31781 1.62014 1
0.515845 0.733457 12960 0
-0.0569041 -0.623922 1.82493 1
0.472168 0.906889 14592 0
0.00178108 -0.656914 1.75915 1
0.500904 0.944424 14072 0
40
0.0424408 0.0893892 1.70523 1
0.522215 0.437613 13640 0
0.0154585 0.13025 1.72271 1
0.50801 0.410018 13776 0
0.00279053 0.343755 1.71123 1
0.501456 0.260925 13688 0
-0.0145128 0.524899 1.72892 1
0.492507 0.138678 13824 0
-0.106749 0.306759 1.75188 1
0.44561 0.291605 14008 0
-0.0604656 0.116078 1.60485 1
0.46637 0.413919 12832 0
-0.00446986 -0.126057 1.55472 1
0.497434 0.596496 12432 0
0.000125638 -0.187549 1.5548 1
0.500072 0.64356 12432 0
0.202258 0.235734 2.06305 1
0.587509 0.36401 16504 0
0.280884 0.42704 1.94166 1
0.629124 0.23825 15528 0
0.192191 0.243399 2.00996 1
0.585349 0.35588 16072 0
0.157874 0.189491 2.03161 1
0.569362 0.388995 16248 0
-0.00856934 0.00269474 1.71183 1
0.495532 0.498127 13688 0
0.0290418 -0.362726 1.65968 1
0.515619 0.760104 13272 0
0.00759292 -0.683739 1.64757 1
0.504114 0.993901 13176 0
0.0968615 -0.724815 1.57848 1
0.554773 1.04649 12624 0
0.115378 0.00940171 1.69924 1
0.560607 0.493415 13592 0
0.0383979 -0.409958 1.6486 1
0.52079 0.795949 13184 0
-0.078551 -0.67573 1.85607 1
0.462224 0.933282 14848 0
-0.0192341 -0.709089 1.79393 1
0.49043 0.970422 14344 0
40
0.0402785 0.0794767 1.70826 1
0.521046 0.444629 13664 0
0.0131025 0.121846 1.7258 1
0.506777 0.415974 13800 0
-0.000681912 0.341629 1.71314 1
0.499645 0.262669 13704 0
-0.0168094 0.523106 1.73305 1
0.491342 0.140772 13864 0
-0.109151 0.301189 1.75776 1
0.444573 0.296074 14056 0
-0.0592095 0.112964 1.60533 1
0.467078 0.416253 12840 0
-0.00474264 -0.129778 1.55524 1
0.497278 0.599311 12440 0
0.00112925 -0.191742 1.55599 1
0.500648 0.646657 12440 0
0.205139 0.248692 2.06787 1
0.588548 0.35687 16536 0
0.261478 0.44574 1.92935 1
0.62097 0.225044 15432 0
0.188699 0.263149 2.0168 1
0.583514 0.344714 16128 0
0.161592 0.194546 2.04352 1
0.570582 0.386699 16344 0
-0.0136269 -0.0116297 1.72622 1
0.492954 0.508018 13808 0
0.0305257 -0.362473 1.65812 1
0.516432 0.760167 13264 0
0.00547251 -0.700806 1.64894 1
0.502962 1.00581 13184 0
0.0897909 -0.741663 1.58033 1
0.550715 1.05854 12640 0
0.115725 -0.00125101 1.68946 1
0.561141 0.500881 13512 0
0.0433206 -0.452972 1.66175 1
0.523269 0.824413 13288 0
-0.094277 -0.718947 1.87457 1
0.455109 0.956443 14992 0
-0.0308855 -0.740343 1.80908 1
0.484761 0.987045 14472 0
40
0.0389336 0.0736247 1.71017 1
0.520321 0.448764 13680 0
0.0116548 0.116405 1.72792 1
0.506021 0.419825 13816 0
-0.00377146 0.339675 1.71533 1
0.498037 0.264328 13720 0
-0.0183206 0.521728 1.73611 1
0.490581 0.14235 13888 0
-0.110724 0.295577 1.76281 1
0.443935 0.300447 14096 0
-0.0572527 0.108944 1.60582 1
0.468176 0.419258 12840 0
-0.00402625 -0.134006 1.5557 1
0.49769 0.602516 12440 0
0.00306927 -0.196368 1.55691 1
0.50176 0.650107 12448 0
0.206418 0.254579 2.07059 1
0.588983 0.353674 16560 0
0.23217 0.468241 1.91945 1
0.607965 0.209674 15352 0
0.18348 0.274358 2.02005 1
0.581074 0.33836 16160 0
0.162634 0.203285 2.05242 1
0.570729 0.382122 16416 0
-0.0163202 -0.0186652 1.73365 1
0.491597 0.512813 13864 0
0.0317538 -0.362294 1.65686 1
0.517107 0.760236 13248 0
0.00425799 -0.710647 1.6497 1
0.502304 1.01267 13192 0
0.0842492 -0.751626 1.58153 1
0.547549 1.06561 12648 0
0.115965 -0.00672046 1.68436 1
0.561453 0.504749 13472 0
0.0455071 -0.471434 1.66736 1
0.524361 0.8365 13336 0
-0.10004 -0.73399 1.88044 1
0.452514 0.96454 15040 0
-0.0365998 -0.754793 1.81539 1
0.482005 0.994823 14520 0
40
0.0381054 0.0699156 1.71143 1
0.519874 0.451381 13688 0
0.0109462 0.112809 1.72953 1
0.505649 0.422373 13832 0
-0.00641189 0.338203 1.71758 1
0.496668 0.265657 13736 0
-0.0197612 0.5207 1.739 1
0.489857 0.143647 13912 0
-0.111894 0.291861 1.76622 1
0.443452 0.303337 14128 0
-0.0457258 0.103354 1.60947 1
0.474641 0.423575 12872 0
0.00811719 -0.136672 1.55535 1
0.504658 0.604579 12440 0
0.0171757 -0.199082 1.55674 1
0.509848 0.652197 12448 0
0.170752 0.320849 2.01975 1
0.575461 0.310942 16152 0
0.204699 0.504732 1.89558 1
0.596389 0.183108 15160 0
0.178668 0.283448 2.01964 1
0.578964 0.332971 16152 0
0.163781 0.206004 2.05788 1
0.571039 0.380863 16456 0
-0.0178726 -0.0232088 1.73862 1
0.490824 0.515887 13904 0
0.0328962 -0.362083 1.6558 1
0.517733 0.760251 13240 0
0.00350841 -0.71681 1.65017 1
0.501898 1.01697 13200 0
0.0783629 -0.757665 1.58186 1
0.544218 1.07003 12648 0
0.116047 -0.00994076 1.68108 1
0.561617 0.507038 13448 0
0.0210795 -0.379988 1.68334 1
0.511177 0.768652 13464 0
-0.0889428 -0.693985 1.85185 1
0.457129 0.946003 14808 0
-0.0367026 -0.741998 1.80148 1
0.481815 0.990191 14408 0
40
0.0386417 0.078726 1.71429 1
0.52012 0.445345 13712 0
0.0126686 0.115339 1.73322 1
0.506524 0.420802 13864 0
-0.00870596 0.337109 1.72 1
0.495482 0.266743 13752 0
-0.0213415 0.519931 1.74185 1
0.489064 0.144755 13928 0
-0.114972 0.28783 1.77169 1
0.442076 0.306652 14168 0
-0.0382858 0.100507 1.61259 1
0.478808 0.425824 12896 0
0.0355169 -0.132461 1.54864 1
0.520471 0.601796 12384 0
0.032807 -0.197621 1.55338 1
0.518851 0.651408 12424 0
0.148286 0.410152 1.96611 1
0.567321 0.251727 15728 0
0.147517 0.318911 1.99741 1
0.565922 0.309982 15976 0
0.168414 0.19952 2.0851 1
0.572095 0.386119 16680 0
0.171441 0.124783 2.1345 1
0.571692 0.430426 17072 0
-0.016221 -0.0174209 1.74389 1
0.491697 0.511889 13944 0
0.0338881 -0.361778 1.65469 1
0.51828 0.760207 13232 0
0.00325647 -0.719679 1.65027 1
0.501761 1.01901 13200 0
0.0673221 -0.755987 1.57908 1
0.538055 1.06977 12632 0
0.124206 0.0283808 1.67003 1
0.566385 0.479775 13360 0
0.0150784 -0.364537 1.69118 1
0.507958 0.756534 13528 0
-0.0854234 -0.679282 1.8399 1
0.458558 0.939388 14712 0
-0.0412564 -0.727619 1.78393 1
0.479357 0.985421 14264 0
40
0.030495 0.0848648 1.71586 1
0.515864 0.441138 13720 0
0.00962081 0.11831 1.73604 1
0.504947 0.418894 13888 0
-0.0109139 0.33636 1.72256 1
0.494345 0.267608 13776 0
-0.0226468 0.519467 1.74456 1
0.488413 0.145623 13952 0
-0.117442 0.285253 1.77565 1
0.440963 0.308809 14200 0
-0.0313231 0.0944571 1.62292 1
0.482772 0.430732 12976 0
0.0460196 -0.133257 1.54709 1
0.526551 0.60251 12376 0
0.0424075 -0.198197 1.55196 1
0.52439 0.651988 12408 0
0.122659 0.457153 1.93119 1
0.556693 0.218272 15448 0
0.121154 0.294023 2.01186 1
0.553752 0.326069 16088 0
0.158379 0.137439 2.13346 1
0.566263 0.423331 17064 0
0.17046 0.0891741 2.17304 1
0.570018 0.451161 17384 0
-0.0207477 -0.00895994 1.74607 1
0.489394 0.506107 13968 0
0.03455 -0.361464 1.65376 1
0.518648 0.760126 13224 0
0.0035816 -0.718906 1.64994 1
0.501938 1.01856 13192 0
0.060117 -0.752333 1.5772 1
0.534022 1.0677 12616 0
0.0914718 0.0444797 1.66632 1
0.548998 0.468232 13328 0
0.0100473 -0.337097 1.69143 1
0.505302 0.737188 13528 0
-0.0813434 -0.665108 1.83008 1
0.460326 0.93253 14640 0
-0.0422875 -0.715596 1.77138 1
0.478691 0.980784 14168 0
40
0.0244663 0.0853508 1.71711 1
0.512718 0.440843 13736 0
0.00621799 0.11894 1.73819 1
0.503193 0.418563 13904 0
-0.0130632 0.335899 1.72529 1
0.493242 0.268292 13800 0
-0.0247419 0.519241 1.74792 1
0.487365 0.146458 13976 0
-0.119558 0.283387 1.77858 1
0.439999 0.310373 14224 0
-0.0258809 0.0889672 1.63374 1
0.48586 0.43519 13064 0
0.0561204 -0.126968 1.5623 1
0.532063 0.596721 12496 0
0.0719619 -0.197496 1.55847 1
0.541215 0.650818 12464 0
0.108461 0.443883 1.9296 1
0.550172 0.226225 15432 0
0.0957292 0.230512 2.04116 1
0.541862 0.365597 16328 0
0.193253 0.337003 2.08496 1
0.582733 0.307634 16672 0
0.242712 0.374182 2.08127 1
0.604092 0.286033 16648 0
-0.0238837 -0.0045794 1.74705 1
0.487797 0.50312 13976 0
0.0350422 -0.361192 1.65304 1
0.518922 0.760045 13224 0
0.0039466 -0.717585 1.64961 1
0.502135 1.01771 13192 0
0.0555978 -0.749778 1.57617 1
0.531485 1.06614 12608 0
0.0761202 0.0455579 1.66676 1
0.540764 0.46747 13328 0
0.00743762 -0.326947 1.69335 1
0.50392 0.729786 13544 0
-0.0800553 -0.659946 1.82622 1
0.460872 0.930079 14608 0
-0.0427192 -0.709607 1.76507 1
0.478397 0.978463 14120 0
40
0.0191232 0.0843868 1.71774 1
0.509937 0.441533 13736 0
0.00247343 0.118754 1.73975 1
0.501269 0.418763 13912 0
-0.0151916 0.335755 1.72795 1
0.492153 0.268749 13816 0
-0.0277429 0.519289 1.7514 1
0.485861 0.147129 14008 0
-0.12167 0.282108 1.78085 1
0.439017 0.31147 14240 0
-0.0230621 0.0861739 1.63969 1
0.487446 0.437453 13112 0
0.0675098 -0.129724 1.57149 1
0.538345 0.598243 12568 0
0.0959325 -0.206048 1.56076 1
0.554864 0.657118 12480 0
0.0954909 0.435138 1.92904 1
0.544185 0.231542 15432 0
0.0839466 0.207665 2.0528 1
0.536501 0.379605 16416 0
0.153107 0.184474 2.13386 1
0.564044 0.397113 17064 0
0.17013 0.134113 2.16313 1
0.570202 0.426213 17304 0
-0.0265106 -0.00190933 1.74692 1
0.486454 0.501301 13968 0
0.0354033 -0.360957 1.65249 1
0.519123 0.759962 13216 0
0.00431367 -0.716189 1.64931 1
0.502335 1.01679 13192 0
0.0525943 -0.747917 1.57554 1
0.529796 1.06496 12600 0
0.0664385 0.0437677 1.66811 1
0.535551 0.468774 13344 0
0.020039 -0.300532 1.66577 1
0.510738 0.714717 13320 0
-0.0691443 -0.629123 1.80566 1
0.46582 0.914661 14440 0
-0.0339091 -0.68094 1.74392 1
0.482644 0.964701 13944 0
40
0.0128208 0.0813991 1.7177 1
0.506662 0.443602 13736 0
-0.00282961 0.1174 1.7408 1
0.498549 0.419737 13920 0
-0.0172104 0.335858 1.73042 1
0.491122 0.269008 13840 0
-0.0299953 0.519488 1.75435 1
0.484739 0.147588 14032 0
-0.124168 0.281151 1.78248 1
0.437822 0.312281 14256 0
-0.0212868 0.0845717 1.64321 1
0.488437 0.438747 13144 0
0.0740205 -0.130727 1.57626 1
0.541916 0.598703 12608 0
0.107838 -0.208944 1.56157 1
0.56164 0.659243 12488 0
0.0825581 0.422152 1.92989 1
0.538184 0.239667 15432 0
0.0764454 0.192168 2.06076 1
0.533111 0.38902 16480 0
0.134703 0.123717 2.15016 1
0.555919 0.431522 17200 0
0.158023 0.0980516 2.18149 1
0.564658 0.446507 17448 0
-0.0301748 -0.000569061 1.74555 1
0.48457 0.500388 13960 0
0.0356155 -0.360814 1.65217 1
0.519241 0.759908 13216 0
0.00457666 -0.715254 1.64904 1
0.502477 1.0162 13192 0
0.0506408 -0.746873 1.57517 1
0.528696 1.0643 12600 0
0.0580918 0.0383611 1.67019 1
0.531046 0.472665 13360 0
-0.0400388 -0.334453 1.76645 1
0.479768 0.725334 14128 0
-0.0865469 -0.68488 1.839 1
0.457993 0.943226 14712 0
-0.107985 -0.729711 1.81415 1
0.44687 0.978707 14512 0
40
-0.00469202 0.0694677 1.71918 1
0.497564 0.45191 13752 0
-0.0180451 0.111095 1.74276 1
0.490758 0.424134 13936 0
-0.0192843 0.336127 1.73269 1
0.490066 0.269126 13856 0
-0.0317939 0.519756 1.75701 1
0.483848 0.147938 14056 0
-0.138222 0.31144 1.77877 1
0.43064 0.291624 14224 0
-0.028967 0.107847 1.65108 1
0.48434 0.422262 13208 0
0.0736286 -0.113415 1.58495 1
0.541465 0.585163 12672 0
0.111355 -0.1925 1.56593 1
0.563473 0.646303 12520 0
0.0771193 0.393183 1.93988 1
0.535485 0.25878 15512 0
0.0745705 0.184874 2.06478 1
0.532237 0.39344 16512 0
0.122033 0.086273 2.15469 1
0.550553 0.452348 17232 0
0.131252 0.0344384 2.18946 1
0.553509 0.48128 17512 0
-0.041127 -0.000736452 1.74331 1
0.478942 0.500503 13944 0
0.0355916 -0.360857 1.65216 1
0.519229 0.759942 13216 0
0.00486501 -0.714169 1.64864 1
0.502634 1.01555 13184 0
0.0495099 -0.746028 1.57502 1
0.528058 1.06372 12600 0
0.0302533 0.0127484 1.68223 1
0.516052 0.490981 13456 0
-0.0208908 -0.323053 1.73916 1
0.489278 0.721069 13912 0
-0.0835073 -0.674741 1.83244 1
0.459323 0.938228 14656 0
-0.090843 -0.72263 1.80375 1
0.455046 0.976795 14424 0
40
-0.0196048 0.0618116 1.71826 1
0.489816 0.457187 13744 0
-0.0319929 0.106316 1.74312 1
0.483618 0.427412 13944 0
-0.0212547 0.336496 1.73463 1
0.489063 0.269132 13872 0
-0.0333673 0.520055 1.75936 1
0.483071 0.148208 14072 0
-0.144488 0.305806 1.7805 1
0.427566 0.295593 14240 0
-0.0292817 0.106922 1.6542 1
0.4842 0.423074 13232 0
0.0768109 -0.113488 1.58777 1
0.543181 0.585066 12696 0
0.116551 -0.192217 1.56679 1
0.566399 0.646007 12528 0
0.0746845 0.379151 1.94462 1
0.534281 0.267956 15552 0
0.0751606 0.184157 2.06418 1
0.532501 0.393822 16512 0
0.124423 0.0703893 2.15774 1
0.55147 0.461176 17256 0
0.1356 0.0145526 2.19455 1
0.555153 0.492108 17552 0
-0.0604168 -0.00423992 1.73837 1
0.468978 0.502903 13904 0
0.0351457 -0.361141 1.6526 1
0.518983 0.760077 13216 0
0.0051049 -0.713373 1.64827 1
0.502764 1.01509 13184 0
0.048625 -0.745503 1.57483 1
0.52756 1.06339 12592 0
0.0141035 0.00354767 1.68413 1
0.507475 0.497493 13472 0
-0.0171917 -0.323813 1.73713 1
0.491166 0.721848 13896 0
-0.0841652 -0.675605 1.83368 1
0.45903 0.938492 14664 0
-0.0756762 -0.715673 1.79343 1
0.462336 0.974922 14344 0
40
-0.0143653 0.0559432 1.71907 1
0.492541 0.46127 13752 0
-0.0343945 0.1034 1.74389 1
0.482396 0.429435 13944 0
-0.0232029 0.337025 1.73634 1
0.488072 0.268995 13888 0
-0.0353005 0.520489 1.76181 1
0.482116 0.148403 14088 0
-0.147961 0.299918 1.78104 1
0.425847 0.299589 14248 0
-0.029105 0.104302 1.65576 1
0.48431 0.425029 13240 0
0.0795512 -0.114599 1.58955 1
0.544671 0.585803 12712 0
0.120355 -0.192369 1.56747 1
0.568536 0.646059 12536 0
0.0732439 0.370613 1.94765 1
0.533567 0.273534 15576 0
0.0775042 0.187634 2.06158 1
0.533557 0.391681 16488 0
0.185319 0.0815752 2.13028 1
0.577649 0.454426 17040 0
0.234909 0.0975626 2.13047 1
0.598419 0.4455 17040 0
-0.0512287 -0.00993305 1.73599 1
0.47366 0.50681 13880 0
0.0335345 -0.362502 1.65401 1
0.518097 0.760834 13232 0
0.00524708 -0.713785 1.64796 1
0.502842 1.01548 13176 0
0.0480739 -0.746126 1.57468 1
0.52725 1.06391 12592 0
0.0431884 0.0038228 1.69153 1
0.52279 0.49731 13528 0
-0.0100627 -0.325925 1.72934 1
0.494806 0.7243 13832 0
-0.0846427 -0.675516 1.83462 1
0.458819 0.938211 14672 0
-0.0637582 -0.709758 1.78467 1
0.468112 0.97331 14272 0
40
-0.00816218 0.0524273 1.71964 1
0.495763 0.463716 13752 0
-0.0343095 0.100834 1.74454 1
0.482446 0.431211 13952 0
-0.0250709 0.337635 1.73782 1
0.487123 0.268774 13896 0
-0.0370382 0.520915 1.76377 1
0.481256 0.148507 14104 0
-0.149739 0.294767 1.78109 1
0.424958 0.303037 14248 0
-0.0287031 0.101134 1.65634 1
0.484532 0.427333 13248 0
0.0817688 -0.116196 1.59074 1
0.545882 0.586933 12720 0
0.123068 -0.192857 1.56817 1
0.570049 0.646364 12544 0
0.0724123 0.36536 1.94957 1
0.533153 0.276964 15592 0
0.0801879 0.192955 2.05802 1
0.534779 0.388417 16464 0
0.257106 0.178136 2.05587 1
0.611627 0.396879 16440 0
0.307486 0.213256 2.04841 1
0.633987 0.376099 16384 0
-0.0434924 -0.0137384 1.73472 1
0.477621 0.509425 13872 0
0.031476 -0.364466 1.65578 1
0.516968 0.761967 13240 0
0.00540346 -0.714445 1.64761 1
0.502927 1.01607 13176 0
0.047867 -0.747046 1.57455 1
0.527135 1.06466 12592 0
0.0608937 0.00537896 1.69472 1
0.532072 0.496223 13552 0
-0.00511649 -0.327418 1.72334 1
0.49735 0.726112 13784 0
-0.0849922 -0.674856 1.83527 1
0.458664 0.937626 14680 0
-0.0553809 -0.705684 1.77843 1
0.472204 0.972242 14224 0
40
-0.00273588 0.0509524 1.72017 1
0.49858 0.464748 13760 0
-0.0327592 0.0990475 1.7451 1
0.483244 0.432451 13960 0
-0.027137 0.338302 1.73913 1
0.486072 0.268493 13912 0
-0.0387612 0.521352 1.76537 1
0.480402 0.14853 14120 0
-0.150538 0.291554 1.78041 1
0.424529 0.30511 14240 0
-0.0282222 0.0983927 1.65642 1
0.484792 0.429305 13248 0
0.0832887 -0.117529 1.59179 1
0.546704 0.587872 12728 0
0.1248 -0.193533 1.56922 1
0.570988 0.646779 12552 0
0.0720284 0.361915 1.95102 1
0.532953 0.279232 15608 0
0.0826097 0.198358 2.05481 1
0.535885 0.385113 16432 0
0.273194 0.279792 1.97201 1
0.623657 0.331143 15776 0
0.330448 0.330064 1.95767 1
0.650667 0.299344 15656 0
-0.0384064 -0.0156602 1.73432 1
0.480234 0.510746 13872 0
0.029468 -0.366391 1.65746 1
0.515869 0.763085 13256 0
0.00550203 -0.715012 1.64729 1
0.502981 1.01658 13176 0
0.0478639 -0.747856 1.57447 1
0.527135 1.0653 12592 0
0.0703268 0.00740631 1.69628 1
0.537006 0.494804 13568 0
-0.00168463 -0.328341 1.71869 1
0.499125 0.727363 13744 0
-0.0853084 -0.673698 1.83562 1
0.458518 0.936792 14680 0
-0.0494752 -0.702753 1.77404 1
0.475107 0.971445 14192 0
40
0.00142347 0.0506718 1.72049 1
0.500739 0.464948 13760 0
-0.0305864 0.0979541 1.74551 1
0.484359 0.433213 13960 0
-0.0290812 0.338882 1.74018 1
0.485083 0.268236 13920 0
-0.04001 0.521656 1.76653 1
0.479784 0.148555 14128 0
-0.150851 0.289285 1.77976 1
0.424345 0.306555 14232 0
-0.0278066 0.0961062 1.65649 1
0.485016 0.430951 13248 0
0.0841944 -0.119027 1.59293 1
0.547178 0.588929 12736 0
0.125365 -0.194858 1.57116 1
0.571221 0.647601 12568 0
0.0721223 0.35997 1.95214 1
0.532977 0.280543 15616 0
0.0845698 0.203429 2.05185 1
0.53679 0.382006 16408 0
0.286208 0.30932 1.95256 1
0.630837 0.311463 15616 0
0.345095 0.364229 1.93727 1
0.659002 0.276242 15496 0
-0.0351204 -0.0166697 1.73425 1
0.481924 0.51144 13872 0
0.027718 -0.368014 1.65886 1
0.514914 0.764027 13264 0
0.00548356 -0.715508 1.647 1
0.502972 1.01703 13168 0
0.0478387 -0.748519 1.57441 1
0.527122 1.06582 12592 0
0.0757917 0.00924516 1.69669 1
0.539872 0.493515 13568 0
0.000249251 -0.328952 1.71582 1
0.50013 0.728167 13720 0
-0.0856504 -0.672612 1.83585 1
0.458357 0.936033 14680 0
-0.0456231 -0.70087 1.77112 1
0.477007 0.970957 14168 0
40
0.00142576 0.0513203 1.72024 1
0.50074 0.464495 13760 0
-0.0305709 0.0974223 1.74568 1
0.484369 0.433582 13960 0
-0.0308643 0.339399 1.74103 1
0.484176 0.267995 13928 0
-0.0466403 0.521722 1.76749 1
0.476446 0.148703 14136 0
-0.151231 0.298592 1.77603 1
0.423995 0.299912 14208 0
-0.0295907 0.099856 1.65694 1
0.484059 0.428277 13248 0
0.0819012 -0.116497 1.59558 1
0.545817 0.586894 12760 0
0.119673 -0.190597 1.57744 1
0.567717 0.643799 12616 0
0.0733836 0.362305 1.95265 1
0.533545 0.279178 15616 0
0.0861761 0.209998 2.04755 1
0.537567 0.37794 16376 0
0.180005 0.165934 2.10591 1
0.576295 0.406225 16840 0
0.19751 0.130976 2.15304 1
0.581883 0.427601 17224 0
-0.0379079 -0.0151785 1.73365 1
0.480483 0.51042 13864 0
0.0264325 -0.369128 1.65988 1
0.514214 0.764664 13272 0
0.00545601 -0.715474 1.64673 1
0.502957 1.01709 13168 0
0.0478859 -0.748611 1.57439 1
0.527149 1.0659 12592 0
0.0674609 0.0119483 1.69313 1
0.535565 0.491601 13544 0
0.00263884 -0.330458 1.71234 1
0.501376 0.729677 13696 0
-0.0859343 -0.671954 1.836 1
0.458222 0.935572 14680 0
-0.0428993 -0.699785 1.76921 1
0.478357 0.970737 14152 0
40
-0.00707575 0.0522635 1.72034 1
0.496329 0.463844 13760 0
-0.0335569 0.0973019 1.74595 1
0.482844 0.433674 13960 0
-0.0325847 0.339912 1.74174 1
0.483301 0.267739 13928 0
-0.0509574 0.521919 1.76814 1
0.474276 0.1487 14144 0
-0.150445 0.315815 1.76939 1
0.424106 0.287577 14152 0
-0.0328942 0.107937 1.65753 1
0.482286 0.4225 13256 0
0.0751746 -0.110907 1.60091 1
0.541914 0.582449 12800 0
0.107907 -0.184135 1.58791 1
0.560657 0.638007 12696 0
0.0748197 0.365754 1.95256 1
0.534203 0.277066 15616 0
0.0870066 0.215362 2.04402 1
0.537995 0.374606 16352 0
0.159995 0.144408 2.12381 1
0.567243 0.419077 16984 0
0.183208 0.114805 2.16187 1
0.575643 0.436799 17288 0
-0.0497507 -0.0115019 1.73392 1
0.474389 0.507895 13864 0
0.0256299 -0.369761 1.66051 1
0.513777 0.765016 13280 0
0.00529828 -0.714882 1.64638 1
0.502872 1.01677 13168 0
0.0481638 -0.748281 1.57452 1
0.527304 1.0656 12592 0
0.0363842 0.00593231 1.69189 1
0.519195 0.495827 13528 0
0.0275263 -0.330076 1.67242 1
0.514691 0.734888 13376 0
-0.0752933 -0.656709 1.81665 1
0.463005 0.930224 14528 0
-0.0325944 -0.693174 1.75743 1
0.483445 0.969414 14056 0
40
-0.0146642 0.0533691 1.72045 1
0.492392 0.463082 13760 0
-0.0372615 0.0976048 1.74622 1
0.480953 0.433478 13968 0
-0.0340894 0.340361 1.74229 1
0.482536 0.267506 13936 0
-0.0542026 0.522091 1.76847 1
0.472643 0.148649 14144 0
-0.150064 0.325992 1.76555 1
0.424133 0.280255 14120 0
-0.0365887 0.118596 1.65287 1
0.480241 0.414607 13216 0
0.0719245 -0.10674 1.60071 1
0.540107 0.579361 12800 0
0.0932287 -0.17733 1.59704 1
0.552106 0.632148 12776 0
0.0760659 0.369038 1.95226 1
0.534778 0.275029 15616 0
0.0874575 0.219378 2.04127 1
0.538243 0.372095 16328 0
0.132975 0.105821 2.15914 1
0.554972 0.441671 17272 0
0.14245 0.0468873 2.21602 1
0.557378 0.474819 17728 0
-0.0596254 -0.00829984 1.73436 1
0.469314 0.505695 13872 0
0.0251638 -0.369983 1.66091 1
0.513523 0.765111 13280 0
0.00493732 -0.713619 1.64604 1
0.502677 1.01596 13168 0
0.0484887 -0.747413 1.57479 1
0.527483 1.06485 12592 0
0.0229995 0.00351407 1.69142 1
0.512137 0.497527 13528 0
0.029549 -0.334362 1.669 1
0.515803 0.738426 13344 0
-0.0764043 -0.656796 1.81724 1
0.462472 0.930142 14536 0
-0.0301936 -0.692542 1.75556 1
0.484648 0.969487 14040 0
40
-0.0198978 0.0541883 1.72047 1
0.489677 0.462516 13760 0
-0.0404604 0.0979708 1.74638 1
0.47932 0.433235 13968 0
-0.0354511 0.340761 1.7427 1
0.481842 0.267287 13936 0
-0.0557304 0.52223 1.76872 1
0.471875 0.148604 14144 0
-0.149733 0.332621 1.76292 1
0.424188 0.275453 14096 0
-0.0391121 0.125571 1.64952 1
0.478835 0.409401 13192 0
0.0663958 -0.101035 1.59902 1
0.537063 0.575199 12792 0
0.0840128 -0.173848 1.60205 1
0.546808 0.629147 12816 0
0.0770007 0.371739 1.95192 1
0.535212 0.273343 15608 0
0.0876903 0.222295 2.03915 1
0.538385 0.37026 16312 0
0.121277 0.0904886 2.17407 1
0.549792 0.450465 17392 0
0.127257 0.0236376 2.23609 1
0.550798 0.487419 17888 0
-0.0657442 -0.00619013 1.73457 1
0.466169 0.504247 13872 0
0.0248536 -0.370032 1.66119 1
0.513354 0.765101 13288 0
0.00452283 -0.712244 1.64573 1
0.502453 1.01507 13160 0
0.0488357 -0.746397 1.57512 1
0.527674 1.06396 12600 0
0.0160263 0.00225947 1.69116 1
0.508459 0.49841 13528 0
0.0386682 -0.407322 1.6606 1
0.520785 0.791921 13280 0
-0.0920875 -0.693022 1.8402 1
0.455333 0.948204 14720 0
-0.107162 -0.740658 1.82072 1
0.447465 0.984135 14560 0
40
-0.0236357 0.0550641 1.72039 1
0.487737 0.461908 13760 0
-0.0430765 0.0985059 1.74649 1
0.477985 0.432874 13968 0
-0.0366294 0.341109 1.743 1
0.481242 0.267089 13936 0
-0.0567995 0.522338 1.76889 1
0.471339 0.148567 14144 0
-0.149635 0.336594 1.76143 1
0.424173 0.272577 14088 0
-0.0408384 0.129787 1.64749 1
0.477874 0.406244 13176 0
0.0610955 -0.097425 1.59731 1
0.534141 0.57259 12776 0
0.077663 -0.172185 1.60435 1
0.543209 0.627729 12832 0
0.0779717 0.375842 1.95093 1
0.535674 0.270725 15600 0
0.0879987 0.22528 2.03682 1
0.538564 0.368368 16288 0
0.0963992 0.336557 1.98434 1
0.543362 0.298147 15872 0
0.140009 0.371411 1.97604 1
0.563243 0.276308 15808 0
-0.0698666 -0.00452691 1.73466 1
0.464049 0.503106 13872 0
0.0247715 -0.369609 1.66127 1
0.51331 0.764786 13288 0
0.00401711 -0.710542 1.64548 1
0.502179 1.01391 13160 0
0.049088 -0.745062 1.57545 1
0.527812 1.06283 12600 0
0.0119029 0.00161189 1.69094 1
0.506283 0.498866 13520 0
0.0177616 -0.371414 1.67194 1
0.509482 0.764381 13368 0
-0.0934972 -0.689292 1.84016 1
0.454648 0.9458 14720 0
-0.089707 -0.729865 1.80621 1
0.455669 0.980913 14448 0
40
-0.0266352 0.0567426 1.72018 1
0.486179 0.460742 13760 0
-0.0454172 0.0996125 1.74654 1
0.476789 0.432122 13968 0
-0.0376212 0.341389 1.7432 1
0.480736 0.266926 13944 0
-0.0575422 0.522443 1.76899 1
0.470965 0.148516 14144 0
-0.149762 0.340295 1.76041 1
0.424065 0.269944 14080 0
-0.044027 0.132262 1.64916 1
0.476171 0.404553 13192 0
0.0507791 -0.0965856 1.60173 1
0.528298 0.571765 12808 0
0.0717907 -0.172115 1.60608 1
0.539898 0.627539 12848 0
0.0788171 0.37935 1.94989 1
0.53608 0.268462 15592 0
0.0881736 0.227702 2.03477 1
0.538679 0.366819 16272 0
0.0826488 0.385693 1.95211 1
0.537791 0.264858 15616 0
0.127446 0.409239 1.95361 1
0.55823 0.250694 15624 0
-0.0729203 -0.00294657 1.73454 1
0.462475 0.502022 13872 0
0.0247974 -0.36899 1.66119 1
0.513324 0.764355 13288 0
0.00350999 -0.708538 1.64527 1
0.501904 1.01253 13160 0
0.0493114 -0.743364 1.57577 1
0.527932 1.06144 12600 0
0.00955041 0.0028868 1.69069 1
0.505042 0.497968 13520 0
0.00860784 -0.358841 1.67539 1
0.504586 0.754906 13400 0
-0.0937281 -0.682714 1.83846 1
0.454494 0.941954 14704 0
-0.0734601 -0.719069 1.79209 1
0.463412 0.977532 14336 0
40
-0.0285653 0.0592172 1.71985 1
0.485175 0.459022 13752 0
-0.0471333 0.101078 1.74652 1
0.475912 0.431123 13968 0
-0.0384718 0.341584 1.74333 1
0.480302 0.26681 13944 0
-0.0578916 0.522553 1.76896 1
0.470789 0.148435 14144 0
-0.149826 0.342722 1.75973 1
0.424003 0.268213 14072 0
-0.0465804 0.133571 1.65074 1
0.474813 0.4037 13200 0
0.0416905 -0.0971518 1.60446 1
0.523193 0.572063 12832 0
0.0661651 -0.173119 1.60634 1
0.536766 0.628262 12848 0
0.0798339 0.382219 1.94911 1
0.53656 0.266617 15592 0
0.0870182 0.229737 2.02999 1
0.538262 0.365311 16232 0
0.0897075 0.441399 1.92281 1
0.541643 0.226796 15376 0
0.149869 0.497147 1.90671 1
0.570159 0.189692 15248 0
-0.0749164 -0.00164605 1.7345 1
0.461447 0.501129 13872 0
0.0247928 -0.368327 1.66102 1
0.513323 0.763907 13288 0
0.00306073 -0.706589 1.64512 1
0.501661 1.01117 13160 0
0.0494982 -0.741601 1.57606 1
0.528033 1.06 12608 0
0.0113698 0.00741281 1.68921 1
0.506008 0.494777 13512 0
0.00228524 -0.347579 1.67829 1
0.501215 0.746478 13424 0
-0.0934346 -0.67638 1.83637 1
0.454585 0.938353 14688 0
-0.0618408 -0.710948 1.78164 1
0.469018 0.974908 14248 0
40
-0.0296881 0.062728 1.71964 1
0.48459 0.456587 13752 0
-0.0481292 0.103121 1.74678 1
0.475406 0.429741 13968 0
-0.0392357 0.341712 1.74338 1
0.479912 0.266729 13944 0
-0.0580662 0.522635 1.76881 1
0.470698 0.14835 14144 0
-0.149153 0.316836 1.77323 1
0.424921 0.287351 14184 0
-0.046663 0.125009 1.64671 1
0.474706 0.409653 13168 0
0.0365852 -0.109314 1.59369 1
0.520491 0.581633 12744 0
0.0603272 -0.188229 1.59811 1
0.533695 0.640176 12784 0
0.0820951 0.383674 1.94875 1
0.537602 0.265686 15584 0
0.0858587 0.229423 2.02577 1
0.537831 0.365216 16200 0
0.120454 0.446616 1.9322 1
0.555644 0.22491 15456 0
0.18495 0.488262 1.92562 1
0.585731 0.198231 15400 0
-0.0762738 -0.000602225 1.73447 1
0.460748 0.500413 13872 0
0.0247053 -0.367674 1.6606 1
0.513279 0.763506 13280 0
0.0026657 -0.704832 1.64504 1
0.501446 1.00992 13160 0
0.0491307 -0.739865 1.57601 1
0.527826 1.05871 12608 0
0.0153934 0.0136739 1.68857 1
0.508137 0.490362 13504 0
-0.00207121 -0.33828 1.67822 1
0.498898 0.739894 13424 0
-0.092284 -0.667676 1.83255 1
0.455051 0.933613 14656 0
-0.0543892 -0.702949 1.77157 1
0.472596 0.972235 14168 0
40
-0.0302736 0.0722975 1.72089 1
0.484298 0.450001 13760 0
-0.0490654 0.10913 1.74789 1
0.474944 0.425694 13976 0
-0.0399206 0.341781 1.74337 1
0.479561 0.26668 13944 0
-0.0576155 0.52271 1.76839 1
0.470919 0.148217 14144 0
-0.14973 0.319968 1.77593 1
0.424744 0.285575 14200 0
-0.0491378 0.126531 1.64609 1
0.473355 0.408518 13168 0
0.0241225 -0.102709 1.57784 1
0.513646 0.57747 12616 0
0.0407167 -0.168369 1.57199 1
0.523119 0.627469 12568 0
0.112953 0.376603 1.9576 1
0.551502 0.271044 15656 0
0.078984 0.217696 2.01056 1
0.535065 0.371137 16080 0
0.170007 0.40827 1.96093 1
0.577385 0.252213 15680 0
0.223451 0.455404 1.96154 1
0.601681 0.223693 15688 0
-0.077548 0.00267333 1.73472 1
0.460098 0.498166 13872 0
0.0243334 -0.367077 1.65981 1
0.513086 0.763203 13272 0
0.00239732 -0.701523 1.64498 1
0.501301 1.00755 13152 0
0.0488654 -0.736615 1.57592 1
0.527677 1.05629 12600 0
0.0203893 0.0210523 1.69014 1
0.510768 0.485176 13520 0
-0.00553452 -0.330425 1.67616 1
0.497053 0.734611 13408 0
-0.0909894 -0.659188 1.8283 1
0.455578 0.929096 14624 0
-0.0488044 -0.69599 1.76367 1
0.4753 0.969655 14104 0
40
-0.0303341 0.078172 1.72164 1
0.484273 0.445962 13768 0
-0.0495529 0.113379 1.74859 1
0.474705 0.422832 13984 0
-0.0405162 0.341799 1.74333 1
0.479256 0.266663 13944 0
-0.0571336 0.522695 1.7679 1
0.471154 0.148129 14136 0
-0.14615 0.301789 1.77414 1
0.42647 0.297555 14192 0
-0.045452 0.106094 1.63657 1
0.47521 0.422848 13088 0
0.0218597 -0.113741 1.56192 1
0.512492 0.586667 12488 0
0.0364921 -0.170028 1.561 1
0.520866 0.629631 12488 0
0.121851 0.374797 1.96006 1
0.55549 0.272428 15680 0
0.105503 0.205211 2.00982 1
0.546856 0.378483 16072 0
0.18035 0.393448 1.92864 1
0.583468 0.257211 15424 0
0.216985 0.472086 1.91933 1
0.60091 0.207273 15352 0
-0.0782428 0.00493065 1.73474 1
0.459741 0.496617 13872 0
0.0233709 -0.366644 1.65859 1
0.512577 0.763087 13264 0
0.00207957 -0.699108 1.645 1
0.501128 1.00579 13152 0
0.0485893 -0.734222 1.57594 1
0.52752 1.05447 12600 0
0.0242938 0.0256831 1.69142 1
0.51282 0.481929 13528 0
-0.00796247 -0.325656 1.67453 1
0.495756 0.731451 13392 0
-0.0904494 -0.654172 1.82561 1
0.455777 0.926458 14600 0
-0.0453567 -0.691497 1.75856 1
0.476978 0.967979 14064 0
40
-0.0306723 0.0811759 1.722 1
0.484101 0.443897 13768 0
-0.0500633 0.116009 1.74898 1
0.47445 0.42106 13984 0
-0.0410602 0.341776 1.74327 1
0.478976 0.266671 13944 0
-0.0558476 0.522614 1.76711 1
0.471791 0.148026 14136 0
-0.143349 0.293003 1.77261 1
0.427817 0.303279 14176 0
-0.0439983 0.0956461 1.63179 1
0.475933 0.430242 13048 0
0.0208384 -0.11927 1.55398 1
0.511969 0.591343 12424 0
0.0341018 -0.171605 1.55351 1
0.519594 0.631464 12424 0
0.127624 0.373583 1.96168 1
0.558071 0.273352 15688 0
0.189432 0.209722 1.99175 1
0.584893 0.374685 15928 0
0.184829 0.386022 1.91354 1
0.586216 0.259914 15304 0
0.175805 0.448038 1.88045 1
0.583449 0.216439 15040 0
-0.0788544 0.00638027 1.73476 1
0.459427 0.495623 13872 0
0.0208564 -0.366888 1.65702 1
0.511235 0.76351 13256 0
0.00178579 -0.697518 1.64505 1
0.500969 1.00463 13160 0
0.048368 -0.73266 1.57602 1
0.527394 1.05327 12608 0
0.025688 0.0276286 1.69187 1
0.513552 0.480565 13528 0
-0.00988784 -0.322775 1.67299 1
0.494725 0.729614 13376 0
-0.090264 -0.651276 1.82399 1
0.455828 0.924947 14584 0
-0.0431809 -0.68871 1.75531 1
0.478042 0.966956 14040 0
40
-0.0309415 0.0830212 1.72218 1
0.483963 0.442627 13776 0
-0.0503683 0.117705 1.74924 1
0.474298 0.419917 13992 0
-0.0415508 0.341724 1.7432 1
0.478724 0.266697 13944 0
-0.0548913 0.522506 1.7663 1
0.472261 0.147938 14128 0
-0.142511 0.288666 1.77321 1
0.428263 0.306256 14184 0
-0.0443602 0.0907014 1.63043 1
0.475715 0.433793 13040 0
0.0195603 -0.127292 1.54921 1
0.51127 0.597787 12392 0
0.0323056 -0.17609 1.54801 1
0.518628 0.635379 12384 0
0.131525 0.372755 1.96278 1
0.559812 0.273981 15696 0
0.215957 0.210172 1.98974 1
0.596878 0.374289 15912 0
0.185405 0.379824 1.90488 1
0.586877 0.262695 15232 0
0.157823 0.43546 1.86515 1
0.575528 0.222139 14920 0
-0.0794684 0.00710942 1.73489 1
0.459114 0.495123 13872 0
0.0146528 -0.368077 1.65568 1
0.507899 0.764579 13240 0
0.0016178 -0.696695 1.64507 1
0.500878 1.00402 13160 0
0.048151 -0.731831 1.57603 1
0.527271 1.05264 12608 0
0.0270752 0.0281647 1.69142 1
0.514288 0.480183 13528 0
-0.0117771 -0.320667 1.67124 1
0.49371 0.728353 13368 0
-0.0902577 -0.649136 1.82273 1
0.455801 0.923845 14576 0
-0.0419304 -0.686573 1.75277 1
0.478647 0.96618 14016 0
40
-0.0311842 0.0826327 1.72242 1
0.48384 0.442904 13776 0
-0.050601 0.118448 1.74946 1
0.474183 0.419422 13992 0
-0.0419886 0.341644 1.74313 1
0.478499 0.266741 13944 0
-0.0540537 0.522377 1.76557 1
0.472673 0.147879 14120 0
-0.141998 0.285849 1.77366 1
0.42854 0.308196 14184 0
-0.0449806 0.0874707 1.62984 1
0.475366 0.436128 13032 0
0.0185907 -0.131471 1.54599 1
0.510733 0.601208 12360 0
0.0311632 -0.179461 1.54392 1
0.518017 0.638337 12344 0
0.134276 0.372168 1.96356 1
0.561039 0.274427 15704 0
0.199948 0.159927 2.0202 1
0.588344 0.405785 16160 0
0.27419 0.291492 1.94951 1
0.62554 0.322052 15592 0
0.320763 0.296156 1.95251 1
0.646637 0.319483 15616 0
-0.0803644 0.00637708 1.73569 1
0.458672 0.495627 13880 0
0.00856796 -0.369036 1.65487 1
0.504621 0.765398 13232 0
0.00138272 -0.696432 1.64518 1
0.50075 1.0038 13160 0
0.0477636 -0.731632 1.57606 1
0.527051 1.05247 12608 0
0.0289357 0.0179125 1.68971 1
0.515285 0.487384 13512 0
-0.0135231 -0.320321 1.66913 1
0.492768 0.728396 13352 0
-0.0903889 -0.64803 1.82168 1
0.455711 0.923364 14568 0
-0.0412266 -0.685331 1.75085 1
0.478982 0.965848 14000 0
40
-0.0312452 0.0801154 1.72291 1
0.483813 0.444659 13776 0
-0.0506819 0.118127 1.74982 1
0.474147 0.419657 13992 0
-0.0424214 0.341532 1.74305 1
0.478276 0.266807 13944 0
-0.0534367 0.522249 1.765 1
0.472976 0.147852 14120 0
-0.142001 0.283928 1.77512 1
0.428596 0.30964 14200 0
-0.0472266 0.0850606 1.63086 1
0.474152 0.437927 13040 0
0.0178017 -0.134089 1.54391 1
0.510292 0.603363 12344 0
0.0303755 -0.182109 1.54113 1
0.517593 0.640633 12328 0
0.136262 0.371727 1.96413 1
0.561924 0.27476 15712 0
0.205093 0.147633 2.02668 1
0.590328 0.413306 16208 0
0.303137 0.0483659 2.05269 1
0.631816 0.471958 16416 0
0.359522 0.094227 2.03392 1
0.657778 0.444864 16264 0
-0.0811443 0.00419933 1.73725 1
0.458308 0.497123 13896 0
0.00358233 -0.369474 1.6544 1
0.501933 0.765788 13232 0
0.00103009 -0.696815 1.6454 1
0.500559 1.00401 13160 0
0.0470999 -0.732118 1.57612 1
0.526674 1.05282 12608 0
0.0302974 0.00905113 1.68895 1
0.516012 0.493622 13504 0
-0.0152986 -0.322832 1.66793 1
0.491813 0.730351 13336 0
-0.0912977 -0.64907 1.82175 1
0.455267 0.92403 14568 0
-0.0414839 -0.685271 1.74985 1
0.478839 0.966075 13992 0
40
-0.0312467 0.0774431 1.72341 1
0.483817 0.446521 13784 0
-0.0506551 0.117358 1.7502 1
0.474166 0.420197 14000 0
-0.0428133 0.341405 1.74297 1
0.478075 0.266885 13936 0
-0.052968 0.522129 1.76455 1
0.473206 0.147844 14112 0
-0.142033 0.282672 1.77627 1
0.428627 0.310607 14208 0
-0.0500441 0.0837101 1.63265 1
0.47264 0.438979 13056 0
0.0171102 -0.13583 1.54236 1
0.509902 0.604809 12336 0
0.0297045 -0.184145 1.53906 1
0.517227 0.642395 12312 0
0.137666 0.371355 1.96457 1
0.562548 0.275035 15712 0
0.199292 0.136837 2.03486 1
0.58742 0.419968 16272 0
0.266883 -0.0428238 2.07695 1
0.614696 0.524539 16608 0
0.327146 -0.0527079 2.08622 1
0.63997 0.530068 16688 0
-0.0819762 0.0015318 1.73907 1
0.457925 0.498952 13912 0
-0.000912874 -0.369539 1.65435 1
0.499507 0.765844 13232 0
0.000533545 -0.697737 1.64569 1
0.500289 1.00459 13160 0
0.0461762 -0.733167 1.57617 1
0.52615 1.0536 12608 0
0.0311786 0.00367295 1.68867 1
0.51648 0.497411 13504 0
-0.0366688 -0.322875 1.66778 1
0.480375 0.730403 13336 0
-0.0964464 -0.652574 1.8174 1
0.452632 0.927337 14536 0
-0.0452588 -0.686807 1.74649 1
0.476869 0.968015 13968 0
40
-0.0310926 0.0750571 1.72386 1
0.483901 0.448182 13784 0
-0.050732 0.116417 1.75039 1
0.47413 0.420846 14000 0
-0.0431628 0.341266 1.74293 1
0.477895 0.266973 13936 0
-0.0526269 0.522022 1.76423 1
0.473374 0.147851 14112 0
-0.139842 0.282314 1.77439 1
0.429653 0.310646 14192 0
-0.0509372 0.0819379 1.63247 1
0.472149 0.440264 13056 0
0.0163534 -0.137231 1.54126 1
0.509471 0.605967 12328 0
0.0290368 -0.186114 1.53745 1
0.516858 0.644069 12296 0
0.138599 0.371024 1.96491 1
0.562961 0.275275 15712 0
0.189037 0.135993 2.04336 1
0.582576 0.420793 16344 0
0.224052 -0.114091 2.08463 1
0.595934 0.565135 16672 0
0.25757 -0.163061 2.09653 1
0.60966 0.592564 16768 0
-0.0823351 -0.000717259 1.74063 1
0.457779 0.50049 13920 0
-0.00449678 -0.369497 1.65451 1
0.497574 0.765787 13232 0
2.70772e-005 -0.698943 1.646 1
0.500015 1.00536 13160 0
0.0457658 -0.734382 1.57653 1
0.525912 1.05439 12608 0
0.0318603 0.000783463 1.68861 1
0.516841 0.499448 13504 0
-0.019271 -0.325588 1.64504 1
0.489544 0.735551 13160 0
-0.0921603 -0.653315 1.80168 1
0.454342 0.931557 14408 0
-0.0437672 -0.687015 1.73916 1
0.477537 0.970131 13912 0
40
-0.0308241 0.0734721 1.72444 1
0.484045 0.449293 13792 0
-0.0504256 0.115574 1.75085 1
0.474293 0.421439 14000 0
-0.0434581 0.341126 1.74291 1
0.477744 0.267067 13936 0
-0.0524292 0.521938 1.764 1
0.473471 0.147863 14112 0
-0.140672 0.283347 1.77842 1
0.429396 0.310383 14224 0
-0.0546191 0.0824367 1.63557 1
0.470192 0.440015 13080 0
0.0146773 -0.138082 1.54159 1
0.508498 0.606601 12328 0
0.0281852 -0.187647 1.5367 1
0.516371 0.645326 12288 0
0.139185 0.37073 1.96521 1
0.563218 0.275488 15720 0
0.181945 0.134167 2.04862 1
0.579274 0.422057 16384 0
0.1745 -0.13588 2.07109 1
0.575205 0.578081 16568 0
0.197208 -0.191975 2.08518 1
0.584418 0.60957 16680 0
-0.082454 -0.00267745 1.74222 1
0.457756 0.501829 13936 0
-0.00694155 -0.36954 1.65474 1
0.496256 0.765781 13232 0
-0.000472112 -0.700219 1.64629 1
0.499744 1.0062 13168 0
0.0448168 -0.735777 1.57655 1
0.525374 1.05543 12608 0
0.0324564 -0.00088353 1.68873 1
0.517155 0.500623 13504 0
-0.0176695 -0.334688 1.6486 1
0.490433 0.741612 13184 0
-0.0944956 -0.660304 1.80875 1
0.453368 0.934468 14464 0
-0.0460515 -0.69022 1.74051 1
0.476383 0.97196 13920 0
40
-0.0305268 0.0725599 1.725 1
0.484204 0.449939 13792 0
-0.0500294 0.114998 1.75133 1
0.474502 0.421852 14008 0
-0.0437218 0.340978 1.74295 1
0.477609 0.267172 13936 0
-0.0523944 0.521836 1.76384 1
0.473486 0.147899 14104 0
-0.141207 0.283873 1.78078 1
0.429222 0.310283 14240 0
-0.058241 0.0833357 1.63866 1
0.468276 0.439475 13104 0
0.0127878 -0.138424 1.54259 1
0.507399 0.606795 12336 0
0.0273388 -0.188929 1.53643 1
0.515883 0.646345 12288 0
0.139496 0.370464 1.9655 1
0.563349 0.275681 15720 0
0.155418 0.140256 2.02057 1
0.568656 0.417389 16160 0
0.136783 -0.12797 2.03665 1
0.559947 0.57478 16288 0
0.141169 -0.210291 2.0502 1
0.561461 0.622072 16400 0
-0.0824283 -0.00402228 1.74342 1
0.457798 0.502746 13944 0
-0.00868865 -0.369756 1.65503 1
0.495314 0.765889 13240 0
-0.00093993 -0.701405 1.64652 1
0.49949 1.00699 13168 0
0.0438849 -0.737076 1.57651 1
0.524847 1.05643 12608 0
0.0333356 -0.00112583 1.68963 1
0.51761 0.500793 13512 0
-0.0166645 -0.341045 1.6524 1
0.490998 0.745635 13216 0
-0.0962681 -0.665066 1.8148 1
0.452651 0.936143 14512 0
-0.0483149 -0.693247 1.74248 1
0.47525 0.973492 13936 0
40
-0.030851 0.0718191 1.72553 1
0.484041 0.450465 13800 0
-0.0500262 0.114566 1.75174 1
0.474509 0.422164 14008 0
-0.0439742 0.340824 1.74305 1
0.477481 0.267291 13944 0
-0.0525388 0.521714 1.76377 1
0.473412 0.147967 14104 0
-0.142912 0.28531 1.78564 1
0.428562 0.309841 14280 0
-0.0614672 0.0844455 1.64159 1
0.466578 0.438778 13128 0
0.00970212 -0.138603 1.54539 1
0.505604 0.60674 12360 0
0.0259378 -0.190392 1.53722 1
0.515061 0.647403 12296 0
0.13959 0.370229 1.9658 1
0.563382 0.275858 15720 0
0.150346 0.140934 2.02265 1
0.566347 0.417074 16176 0
0.11813 -0.177207 2.05248 1
0.551373 0.602753 16416 0
0.118053 -0.316097 2.07273 1
0.550838 0.681497 16576 0
-0.0842453 -0.00563898 1.7449 1
0.456905 0.503846 13952 0
-0.00994875 -0.369993 1.65535 1
0.494635 0.766008 13240 0
-0.00137417 -0.702389 1.6467 1
0.499255 1.00764 13168 0
0.042965 -0.738208 1.57642 1
0.524327 1.05731 12608 0
0.032178 -0.00102156 1.69023 1
0.516993 0.500719 13520 0
-0.017137 -0.341562 1.65549 1
0.49076 0.745548 13240 0
-0.0970398 -0.665718 1.81731 1
0.452338 0.935967 14536 0
-0.0496712 -0.694119 1.74325 1
0.474567 0.973878 13944 0
40
-0.0310199 0.0713277 1.72603 1
0.483958 0.450818 13808 0
-0.0501156 0.114237 1.75205 1
0.474468 0.422402 14016 0
-0.0442518 0.340654 1.74333 1
0.477343 0.267445 13944 0
-0.0526414 0.52162 1.76382 1
0.47336 0.14804 14104 0
-0.140252 0.286236 1.78261 1
0.429773 0.3089 14256 0
-0.0622594 0.0835494 1.64129 1
0.466141 0.439417 13128 0
0.00781589 -0.141516 1.5472 1
0.504509 0.608856 12376 0
0.0247776 -0.194005 1.53816 1
0.514378 0.650108 12304 0
0.139503 0.370026 1.96621 1
0.56333 0.276027 15728 0
0.146902 0.142059 2.02547 1
0.564738 0.416529 16200 0
0.107252 -0.159751 2.044 1
0.546836 0.593015 16344 0
0.0997024 -0.329048 2.06326 1
0.543133 0.689801 16504 0
-0.0847051 -0.00645399 1.74599 1
0.456697 0.504399 13960 0
-0.0108153 -0.370238 1.65565 1
0.494169 0.766137 13240 0
-0.00176299 -0.703193 1.64685 1
0.499044 1.00818 13168 0
0.0426393 -0.739014 1.5766 1
0.52414 1.05786 12608 0
0.0312662 -0.000226675 1.69092 1
0.516505 0.50016 13520 0
-0.0176838 -0.341313 1.65823 1
0.490481 0.744962 13264 0
-0.0976239 -0.665773 1.81944 1
0.452107 0.935493 14552 0
-0.0502607 -0.694721 1.74465 1
0.474286 0.973909 13952 0
40
-0.0311254 0.0709079 1.72645 1
0.483908 0.45112 13808 0
-0.050566 0.11384 1.75211 1
0.47424 0.422674 14016 0
-0.0445287 0.340546 1.74391 1
0.477209 0.267596 13944 0
-0.0528274 0.521585 1.76412 1
0.473271 0.148124 14112 0
-0.112731 0.291937 1.74434 1
0.442314 0.300817 13952 0
-0.0549533 0.0750327 1.62831 1
0.469876 0.445159 13024 0
0.00627364 -0.143256 1.54898 1
0.503615 0.610068 12384 0
0.0237112 -0.196561 1.53934 1
0.513749 0.651969 12312 0
0.139302 0.369911 1.96678 1
0.56322 0.276162 15728 0
0.14492 0.143491 2.02873 1
0.563761 0.415823 16224 0
0.104764 -0.140397 2.03846 1
0.545874 0.581969 16304 0
0.09172 -0.324268 2.05282 1
0.539881 0.687995 16416 0
-0.0848121 -0.00709104 1.74695 1
0.456666 0.504831 13968 0
-0.0114003 -0.370495 1.65596 1
0.493855 0.766272 13240 0
-0.00216921 -0.70397 1.64698 1
0.498824 1.00869 13168 0
0.0435906 -0.740251 1.57808 1
0.524656 1.05827 12624 0
0.0304067 0.000680891 1.69138 1
0.516047 0.499521 13528 0
-0.0182684 -0.340595 1.66066 1
0.490181 0.74409 13280 0
-0.0980502 -0.665499 1.82119 1
0.451944 0.934896 14568 0
-0.0488888 -0.695131 1.74864 1
0.475045 0.973105 13984 0
40
-0.0306364 0.0689292 1.72714 1
0.484167 0.452503 13816 0
-0.0515331 0.112268 1.75144 1
0.473737 0.423712 14008 0
-0.0448267 0.340492 1.74493 1
0.477069 0.267768 13952 0
-0.0532169 0.521646 1.76511 1
0.473089 0.148281 14120 0
-0.0585599 0.242656 1.68263 1
0.468935 0.32837 13456 0
-0.0345321 0.0119273 1.59509 1
0.480676 0.491101 12760 0
0.0109328 -0.181053 1.55172 1
0.506289 0.638862 12408 0
0.0264238 -0.224867 1.54188 1
0.515297 0.673567 12328 0
0.138985 0.369861 1.96758 1
0.56305 0.276284 15736 0
0.143963 0.144966 2.03206 1
0.563237 0.415097 16256 0
0.105773 -0.12536 2.03552 1
0.546382 0.573295 16280 0
0.0923936 -0.309527 2.04487 1
0.54033 0.680146 16352 0
-0.0807233 -0.00971175 1.74888 1
0.4588 0.506609 13984 0
-0.0117537 -0.370815 1.65631 1
0.493666 0.766445 13248 0
-0.00286359 -0.706139 1.64728 1
0.498448 1.01017 13176 0
0.0479762 -0.744408 1.58415 1
0.527032 1.05925 12672 0
0.0296424 0.00116316 1.6916 1
0.515641 0.499182 13528 0
-0.0188116 -0.339721 1.66269 1
0.489901 0.743167 13296 0
-0.0983624 -0.665071 1.82261 1
0.451829 0.934278 14576 0
-0.0439376 -0.695407 1.75754 1
0.477686 0.970897 14056 0
40
-0.0297137 0.0650163 1.72814 1
0.484653 0.455225 13824 0
-0.0524643 0.109528 1.75081 1
0.473253 0.425548 14000 0
-0.0451255 0.340587 1.74655 1
0.476938 0.267919 13968 0
-0.0536737 0.521882 1.76669 1
0.472882 0.148436 14128 0
-0.0282395 0.212568 1.64857 1
0.48471 0.346545 13184 0
-0.02171 -0.0285074 1.57524 1
0.487698 0.521538 12600 0
0.0133909 -0.198227 1.55347 1
0.507694 0.651864 12424 0
0.0282748 -0.241614 1.5438 1
0.516348 0.686262 12344 0
0.138577 0.369925 1.96873 1
0.562829 0.276375 15744 0
0.142011 0.156636 2.03962 1
0.562148 0.408603 16312 0
0.107598 -0.0962086 2.03666 1
0.547156 0.55622 16288 0
0.0960563 -0.268095 2.04225 1
0.541983 0.656233 16336 0
-0.0754785 -0.0140665 1.75184 1
0.461542 0.509556 14008 0
-0.0119247 -0.371182 1.6567 1
0.493575 0.766646 13248 0
-0.00368562 -0.70941 1.64771 1
0.498003 1.0124 13176 0
0.051784 -0.749079 1.58959 1
0.529078 1.06084 12712 0
0.0285983 0.000853781 1.69137 1
0.515092 0.499399 13528 0
-0.0191004 -0.339174 1.66387 1
0.489753 0.742602 13304 0
-0.098567 -0.664599 1.82368 1
0.451757 0.933714 14584 0
-0.0400429 -0.695546 1.76422 1
0.479741 0.969209 14112 0
40
-0.028718 0.0614194 1.72899 1
0.485174 0.457723 13824 0
-0.0530787 0.106823 1.75034 1
0.472932 0.427367 14000 0
-0.0453216 0.340791 1.7488 1
0.476868 0.268079 13984 0
-0.0538621 0.522253 1.76888 1
0.472821 0.148622 14144 0
-0.0169122 0.202289 1.63573 1
0.490771 0.352818 13080 0
-0.0174196 -0.0417866 1.56841 1
0.490086 0.531708 12544 0
0.0144011 -0.206023 1.55442 1
0.50827 0.657739 12432 0
0.029343 -0.251297 1.54508 1
0.516951 0.693566 12360 0
0.138163 0.370078 1.97027 1
0.562592 0.276458 15760 0
0.142162 0.16703 2.04651 1
0.562005 0.402866 16368 0
0.111089 -0.0773577 2.03903 1
0.54863 0.545152 16312 0
0.101406 -0.243001 2.04306 1
0.544303 0.641554 16344 0
-0.071269 -0.0175129 1.75405 1
0.463733 0.511883 14032 0
-0.0119382 -0.371582 1.65712 1
0.49357 0.766867 13256 0
-0.00450051 -0.712642 1.64812 1
0.497563 1.01461 13184 0
0.054592 -0.75288 1.5937 1
0.530576 1.06223 12744 0
0.0276682 0.000434662 1.69104 1
0.514604 0.499694 13528 0
-0.0193189 -0.338701 1.66473 1
0.489642 0.742139 13312 0
-0.0987113 -0.664131 1.82451 1
0.451708 0.933211 14592 0
-0.0371384 -0.695615 1.7691 1
0.481262 0.967961 14152 0
40
-0.0173537 0.0559022 1.73241 1
0.491059 0.461596 13856 0
-0.048555 0.102568 1.75129 1
0.475253 0.430298 14008 0
-0.0454052 0.341132 1.75126 1
0.476858 0.268172 14008 0
-0.0535612 0.522826 1.77159 1
0.473014 0.148774 14168 0
-0.0169463 0.199003 1.637 1
0.49076 0.355322 13088 0
-0.0147771 -0.0500578 1.5644 1
0.491569 0.538082 12512 0
0.0149525 -0.210988 1.55501 1
0.508583 0.661479 12440 0
0.0300415 -0.257598 1.54592 1
0.517346 0.698312 12360 0
0.137787 0.370336 1.97202 1
0.562366 0.2765 15776 0
0.143079 0.175168 2.05187 1
0.562241 0.398399 16408 0
0.114368 -0.0651434 2.04127 1
0.55001 0.537981 16328 0
0.106015 -0.227406 2.04454 1
0.546283 0.632373 16352 0
-0.0446772 -0.0233129 1.76398 1
0.477393 0.515729 14104 0
-0.0116461 -0.37234 1.65761 1
0.493729 0.767331 13256 0
-0.00519582 -0.715635 1.64849 1
0.497187 1.01665 13184 0
0.0564752 -0.755595 1.59636 1
0.531578 1.06331 12768 0
0.0382462 -7.29042e-005 1.69034 1
0.520196 0.500051 13520 0
-0.0194282 -0.338582 1.66525 1
0.489586 0.741978 13320 0
-0.0988315 -0.663929 1.82516 1
0.451667 0.932925 14600 0
-0.0352246 -0.695809 1.77237 1
0.48226 0.967227 14176 0
40
-0.00873429 0.0535962 1.73471 1
0.495506 0.463229 13872 0
-0.0434921 0.0997977 1.75239 1
0.477847 0.432223 14016 0
-0.045364 0.341456 1.75375 1
0.476911 0.268282 14024 0
-0.0530116 0.523348 1.77416 1
0.473329 0.148933 14192 0
-0.0173019 0.197052 1.63882 1
0.490576 0.356899 13104 0
-0.0157859 -0.0461321 1.56674 1
0.491007 0.535043 12528 0
0.0153897 -0.212699 1.55543 1
0.508832 0.662745 12440 0
0.0303968 -0.26136 1.5464 1
0.517545 0.701145 12368 0
0.137487 0.370609 1.9739 1
0.562171 0.276549 15784 0
0.143906 0.180687 2.05551 1
0.562491 0.395384 16440 0
0.116758 -0.0575215 2.04288 1
0.551015 0.53351 16336 0
0.109224 -0.217982 2.04572 1
0.547657 0.626814 16360 0
-0.0335884 -0.0254667 1.76828 1
0.483045 0.51714 14144 0
-0.0112894 -0.373084 1.65806 1
0.493923 0.767792 13264 0
-0.00577736 -0.717953 1.64877 1
0.496872 1.01824 13184 0
0.0577495 -0.757447 1.59816 1
0.532254 1.06406 12784 0
0.0507527 0.00294448 1.68838 1
0.526831 0.497924 13504 0
-0.0195285 -0.338464 1.66567 1
0.489535 0.741834 13320 0
-0.0989222 -0.663741 1.82568 1
0.451636 0.93268 14600 0
-0.0338679 -0.695924 1.77468 1
0.482966 0.966697 14192 0
