89 20
40
0.352164 -0.0932152 2.18045 1
0.644162 0.550878 17440 0
0.350697 -0.0351483 2.22683 1
0.640572 0.518785 17808 0
0.344284 0.30134 2.2546 1
0.636302 0.340933 18032 0
0.360886 0.474478 2.24713 1
0.643349 0.248707 17976 0
0.202567 0.181431 2.22544 1
0.581247 0.402974 17800 0
0.163186 -0.0580344 2.19777 1
0.566276 0.531426 17576 0
0.155714 -0.251507 2.14876 1
0.564683 0.639301 17184 0
0.156068 -0.319768 2.13665 1
0.565198 0.678112 17088 0
0.502241 0.165642 2.22586 1
0.701404 0.411434 17800 0
0.536405 -0.0749484 2.18342 1
0.719285 0.540852 17464 0
0.54459 -0.27188 2.14624 1
0.726488 0.650762 17168 0
0.546349 -0.333181 2.13692 1
0.728211 0.68556 17088 0
0.287349 -0.158311 2.16735 1
0.618341 0.586931 17336 0
0.260108 -0.529169 2.1744 1
0.606775 0.789633 17392 0
0.253018 -0.807709 2.18538 1
0.603342 0.939866 17480 0
0.254538 -0.837272 2.11078 1
0.607637 0.972081 16880 0
0.4185 -0.160344 2.16551 1
0.6725 0.588122 17320 0
0.44109 -0.524629 2.17527 1
0.680996 0.787033 17400 0
0.442089 -0.80137 2.20401 1
0.67904 0.932724 17632 0
0.443075 -0.830899 2.12942 1
0.685725 0.964387 17032 0
40
0.351696 -0.0932288 2.18039 1
0.643975 0.550887 17440 0
0.350218 -0.0352019 2.22681 1
0.640381 0.518814 17808 0
0.343376 0.301185 2.25479 1
0.63593 0.341029 18032 0
0.359835 0.474596 2.24708 1
0.642935 0.248639 17976 0
0.201837 0.181263 2.2258 1
0.580941 0.40308 17800 0
0.162882 -0.0583097 2.19766 1
0.566155 0.531577 17576 0
0.155543 -0.251138 2.1483 1
0.564626 0.639127 17184 0
0.15584 -0.31941 2.13614 1
0.565119 0.677955 17088 0
0.501352 0.165724 2.22591 1
0.701043 0.411393 17800 0
0.535971 -0.0748536 2.18316 1
0.719133 0.540806 17464 0
0.544352 -0.272017 2.14627 1
0.726386 0.650836 17168 0
0.546121 -0.333148 2.13695 1
0.728112 0.685539 17088 0
0.28696 -0.158366 2.16734 1
0.618181 0.586962 17336 0
0.259858 -0.529272 2.1743 1
0.606677 0.789702 17392 0
0.252985 -0.807822 2.18536 1
0.60333 0.939932 17480 0
0.254445 -0.837386 2.11076 1
0.607599 0.972148 16880 0
0.418113 -0.160257 2.16535 1
0.672353 0.588081 17320 0
0.440835 -0.524524 2.1753 1
0.680888 0.786971 17400 0
0.441937 -0.801367 2.20392 1
0.678986 0.932741 17624 0
0.442867 -0.830871 2.12932 1
0.685646 0.964393 17032 0
40
0.351241 -0.0932614 2.18034 1
0.643792 0.550906 17440 0
0.349758 -0.0352742 2.2268 1
0.640197 0.518852 17808 0
0.342635 0.30098 2.25495 1
0.635628 0.341148 18032 0
0.358737 0.474703 2.24704 1
0.642501 0.248578 17976 0
0.201197 0.181097 2.22613 1
0.580673 0.403182 17808 0
0.162546 -0.0585786 2.19755 1
0.566023 0.531724 17576 0
0.155391 -0.250788 2.14789 1
0.564575 0.638959 17176 0
0.155656 -0.319069 2.13568 1
0.565055 0.677804 17080 0
0.500584 0.165786 2.22596 1
0.700731 0.411361 17800 0
0.535615 -0.0747746 2.18298 1
0.719007 0.540766 17456 0
0.544137 -0.272138 2.14632 1
0.726291 0.650899 17168 0
0.545899 -0.333039 2.13707 1
0.728006 0.685468 17096 0
0.286568 -0.15844 2.16731 1
0.618021 0.587003 17336 0
0.25963 -0.529355 2.17421 1
0.606588 0.789759 17392 0
0.252959 -0.807917 2.18534 1
0.60332 0.939987 17480 0
0.254364 -0.837481 2.11075 1
0.607566 0.972205 16880 0
0.417723 -0.160194 2.16522 1
0.672202 0.588051 17320 0
0.440596 -0.524412 2.17534 1
0.680787 0.786905 17400 0
0.44181 -0.801347 2.20384 1
0.67894 0.932746 17624 0
0.442691 -0.83083 2.12923 1
0.68558 0.964388 17032 0
40
0.350805 -0.0932798 2.18029 1
0.643617 0.550917 17440 0
0.349319 -0.0353312 2.22679 1
0.640022 0.518883 17808 0
0.341975 0.300802 2.25509 1
0.635358 0.341251 18040 0
0.357809 0.474851 2.24701 1
0.642135 0.248496 17976 0
0.200623 0.180975 2.22644 1
0.580431 0.403261 17808 0
0.162244 -0.0587955 2.19745 1
0.565903 0.531843 17576 0
0.154635 -0.247796 2.14743 1
0.564275 0.637331 17176 0
0.155438 -0.318464 2.13523 1
0.564978 0.677504 17080 0
0.499892 0.165848 2.22603 1
0.700447 0.411331 17808 0
0.535363 -0.074706 2.18287 1
0.718914 0.54073 17456 0
0.543908 -0.272254 2.14641 1
0.726186 0.650957 17168 0
0.545703 -0.332916 2.13724 1
0.727907 0.685385 17096 0
0.286186 -0.158495 2.16729 1
0.617865 0.587035 17336 0
0.259417 -0.529421 2.17413 1
0.606504 0.789806 17392 0
0.252936 -0.807995 2.18532 1
0.603311 0.940033 17480 0
0.254292 -0.837559 2.11074 1
0.607536 0.972253 16880 0
0.417349 -0.160123 2.16511 1
0.672057 0.588017 17320 0
0.440336 -0.524247 2.17537 1
0.680678 0.786811 17400 0
0.441669 -0.801275 2.20374 1
0.678892 0.932727 17624 0
0.442499 -0.830734 2.12912 1
0.685509 0.964359 17032 0
40
0.350404 -0.0932753 2.18026 1
0.643454 0.550916 17440 0
0.348923 -0.0353663 2.22679 1
0.639863 0.518902 17808 0
0.341421 0.300649 2.25521 1
0.635131 0.341341 18040 0
0.357022 0.474989 2.24699 1
0.641824 0.24842 17968 0
0.200088 0.180895 2.22674 1
0.580206 0.403317 17808 0
0.161985 -0.0589634 2.19736 1
0.5658 0.531936 17576 0
0.153966 -0.245196 2.14707 1
0.564008 0.635913 17176 0
0.155219 -0.31787 2.13482 1
0.564899 0.677207 17072 0
0.499278 0.165917 2.2261 1
0.700194 0.411297 17808 0
0.538763 -0.0738308 2.18738 1
0.71985 0.54017 17496 0
0.543703 -0.27236 2.14654 1
0.726087 0.651007 17168 0
0.545552 -0.332783 2.13747 1
0.727819 0.685291 17096 0
0.285826 -0.15853 2.16728 1
0.617717 0.587054 17336 0
0.259226 -0.529478 2.17406 1
0.606429 0.789847 17392 0
0.252916 -0.808066 2.18531 1
0.603304 0.940074 17480 0
0.254225 -0.837632 2.11072 1
0.607508 0.972296 16880 0
0.417001 -0.160032 2.16501 1
0.671921 0.587971 17320 0
0.440087 -0.524075 2.1754 1
0.680573 0.786713 17400 0
0.441519 -0.801184 2.20362 1
0.678841 0.932702 17624 0
0.442296 -0.83062 2.129 1
0.685435 0.964323 17024 0
40
0.350026 -0.0932715 2.18024 1
0.643301 0.550914 17440 0
0.348553 -0.0353985 2.2268 1
0.639715 0.518919 17808 0
0.340954 0.300516 2.25532 1
0.63494 0.341419 18040 0
0.356352 0.475121 2.24697 1
0.641559 0.248348 17968 0
0.19963 0.180833 2.22702 1
0.580012 0.403362 17816 0
0.161742 -0.0591052 2.19728 1
0.565704 0.532013 17576 0
0.153726 -0.24395 2.14682 1
0.563915 0.635238 17168 0
0.155082 -0.317599 2.13453 1
0.564851 0.677081 17072 0
0.498748 0.165973 2.22616 1
0.699976 0.41127 17808 0
0.540218 -0.0734266 2.18967 1
0.720214 0.539909 17512 0
0.543468 -0.272479 2.14671 1
0.725972 0.651061 17168 0
0.545446 -0.332651 2.13779 1
0.72774 0.685189 17096 0
0.285474 -0.158562 2.16729 1
0.617572 0.587071 17336 0
0.259055 -0.529526 2.174 1
0.606362 0.789882 17384 0
0.252898 -0.808129 2.1853 1
0.603297 0.940111 17480 0
0.254162 -0.837696 2.11072 1
0.607482 0.972334 16880 0
0.416672 -0.159948 2.16493 1
0.671792 0.587928 17312 0
0.439845 -0.523901 2.17543 1
0.680471 0.786613 17400 0
0.441343 -0.801076 2.20348 1
0.678781 0.93267 17624 0
0.442066 -0.83049 2.12885 1
0.685351 0.964281 17024 0
40
0.349676 -0.0932571 2.18024 1
0.643158 0.550906 17440 0
0.348214 -0.0354179 2.22682 1
0.639577 0.518929 17808 0
0.340533 0.300405 2.25543 1
0.634767 0.341485 18040 0
0.355795 0.475239 2.24695 1
0.641339 0.248284 17968 0
0.199207 0.180819 2.22731 1
0.579832 0.403382 17816 0
0.161536 -0.0592004 2.19722 1
0.565622 0.532066 17576 0
0.15355 -0.24301 2.14664 1
0.563847 0.634727 17168 0
0.154967 -0.317365 2.13429 1
0.56481 0.676969 17072 0
0.498295 0.166022 2.22623 1
0.699788 0.411246 17808 0
0.541002 -0.0731879 2.19109 1
0.720391 0.539753 17528 0
0.543144 -0.272606 2.14696 1
0.725811 0.651114 17168 0
0.545351 -0.332514 2.13815 1
0.727662 0.685082 17104 0
0.285145 -0.158579 2.16731 1
0.617435 0.58708 17336 0
0.258903 -0.529567 2.17395 1
0.606302 0.789911 17384 0
0.252882 -0.808186 2.1853 1
0.603291 0.940143 17480 0
0.254101 -0.837756 2.11071 1
0.607456 0.972368 16880 0
0.416371 -0.159864 2.16487 1
0.671673 0.587884 17312 0
0.439625 -0.523737 2.17546 1
0.680378 0.78652 17400 0
0.44117 -0.800967 2.20335 1
0.678721 0.932637 17624 0
0.441836 -0.830361 2.12872 1
0.685266 0.964238 17024 0
40
0.349392 -0.0932465 2.18024 1
0.643041 0.5509 17440 0
0.347934 -0.0354345 2.22685 1
0.639463 0.518938 17808 0
0.340202 0.300313 2.25552 1
0.634631 0.34154 18040 0
0.355334 0.475375 2.24693 1
0.641156 0.24821 17968 0
0.198867 0.180802 2.22756 1
0.579687 0.403402 17816 0
0.16135 -0.0592851 2.19717 1
0.565548 0.532113 17576 0
0.15343 -0.242359 2.14651 1
0.563801 0.634375 17168 0
0.154878 -0.317173 2.13409 1
0.564778 0.676878 17072 0
0.497916 0.166065 2.2263 1
0.69963 0.411226 17808 0
0.541502 -0.0730274 2.19212 1
0.72049 0.539647 17536 0
0.542869 -0.272743 2.14729 1
0.725662 0.651166 17176 0
0.545296 -0.332391 2.13859 1
0.727593 0.684975 17104 0
0.284873 -0.158595 2.16733 1
0.617322 0.587088 17336 0
0.25877 -0.529594 2.1739 1
0.60625 0.789932 17384 0
0.252869 -0.80823 2.18529 1
0.603286 0.940168 17480 0
0.254049 -0.837802 2.11071 1
0.607434 0.972394 16880 0
0.416138 -0.159793 2.16483 1
0.67158 0.587847 17312 0
0.439405 -0.523551 2.17549 1
0.680286 0.786414 17400 0
0.440966 -0.800827 2.20321 1
0.67865 0.93259 17624 0
0.441579 -0.830202 2.12857 1
0.685172 0.964182 17024 0
40
0.349139 -0.093237 2.18026 1
0.642937 0.550895 17440 0
0.347681 -0.0354503 2.22689 1
0.63936 0.518946 17808 0
0.33988 0.300221 2.25562 1
0.634497 0.341595 18040 0
0.354913 0.475507 2.24691 1
0.640991 0.248137 17968 0
0.198573 0.180797 2.22779 1
0.579561 0.403415 17816 0
0.161191 -0.0593517 2.19713 1
0.565485 0.532149 17576 0
0.153344 -0.241883 2.14642 1
0.563768 0.634117 17168 0
0.154802 -0.317005 2.13394 1
0.564752 0.676798 17064 0
0.497592 0.166095 2.22636 1
0.699495 0.411212 17808 0
0.541822 -0.0729266 2.19288 1
0.720544 0.539579 17536 0
0.542592 -0.272901 2.14773 1
0.725501 0.651223 17176 0
0.545264 -0.33229 2.1393 1
0.727504 0.684858 17112 0
0.28463 -0.15861 2.16736 1
0.61722 0.587095 17336 0
0.258653 -0.529604 2.17387 1
0.606203 0.789942 17384 0
0.252859 -0.80826 2.18529 1
0.603282 0.940185 17480 0
0.254003 -0.837834 2.11071 1
0.607415 0.972413 16880 0
0.415938 -0.15973 2.16482 1
0.671499 0.587813 17312 0
0.439207 -0.523386 2.17554 1
0.680201 0.786318 17400 0
0.440762 -0.800701 2.20307 1
0.678578 0.932548 17624 0
0.441326 -0.830061 2.12844 1
0.685077 0.964132 17024 0
40
0.348906 -0.0932197 2.1803 1
0.642839 0.550884 17440 0
0.347443 -0.0354563 2.22694 1
0.639261 0.518949 17808 0
0.33959 0.300143 2.25571 1
0.634377 0.341643 18040 0
0.354568 0.475629 2.24685 1
0.640858 0.248066 17968 0
0.198314 0.180804 2.22801 1
0.579449 0.403421 17824 0
0.161046 -0.0594024 2.1971 1
0.565427 0.532177 17576 0
0.1534 -0.242525 2.14624 1
0.563797 0.634484 17168 0
0.154742 -0.31687 2.13381 1
0.56473 0.676733 17064 0
0.497314 0.166122 2.22644 1
0.699377 0.411201 17808 0
0.542134 -0.0728416 2.19363 1
0.720596 0.539519 17544 0
0.542444 -0.27308 2.14841 1
0.725368 0.651274 17184 0
0.545346 -0.332216 2.14051 1
0.72741 0.684712 17120 0
0.284395 -0.158613 2.16743 1
0.61712 0.587094 17336 0
0.258547 -0.529603 2.17384 1
0.606161 0.789945 17384 0
0.252851 -0.808282 2.18529 1
0.603279 0.940197 17480 0
0.253964 -0.837857 2.11071 1
0.607398 0.972426 16880 0
0.415762 -0.159669 2.16482 1
0.671426 0.587779 17312 0
0.439023 -0.523227 2.17559 1
0.680121 0.786224 17400 0
0.440556 -0.800577 2.20294 1
0.678506 0.932507 17616 0
0.441078 -0.829925 2.12831 1
0.684984 0.964085 17024 0
40
0.348696 -0.0932168 2.18035 1
0.64275 0.550882 17440 0
0.347233 -0.035467 2.227 1
0.639173 0.518954 17816 0
0.339377 0.30008 2.25577 1
0.634289 0.34168 18040 0
0.354207 0.475735 2.24672 1
0.640722 0.247996 17968 0
0.198098 0.180798 2.2282 1
0.579356 0.403432 17824 0
0.160915 -0.0594564 2.19709 1
0.565373 0.532206 17576 0
0.15347 -0.243075 2.14615 1
0.563829 0.634795 17168 0
0.1547 -0.316759 2.13372 1
0.564715 0.676678 17064 0
0.497071 0.166146 2.22652 1
0.699272 0.411191 17808 0
0.5421 -0.0728189 2.19402 1
0.720542 0.5395 17552 0
0.545532 -0.265636 2.1563 1
0.725821 0.646612 17248 0
0.545924 -0.331813 2.14289 1
0.727397 0.684283 17136 0
0.284177 -0.158633 2.1675 1
0.617026 0.587102 17336 0
0.258453 -0.529596 2.17382 1
0.606123 0.789943 17384 0
0.252844 -0.808299 2.18528 1
0.603276 0.940207 17480 0
0.253927 -0.837875 2.11071 1
0.607383 0.972437 16880 0
0.415595 -0.159624 2.16485 1
0.671355 0.587753 17312 0
0.438863 -0.523085 2.17564 1
0.680051 0.78614 17400 0
0.440367 -0.800469 2.20282 1
0.678439 0.932471 17616 0
0.440855 -0.829809 2.12819 1
0.684901 0.964046 17024 0
40
0.348509 -0.0932176 2.18041 1
0.642669 0.550881 17440 0
0.347049 -0.0354777 2.22707 1
0.639095 0.518959 17816 0
0.339213 0.300023 2.25582 1
0.634222 0.341713 18040 0
0.353868 0.475835 2.24656 1
0.640597 0.247925 17968 0
0.197912 0.18079 2.22838 1
0.579275 0.403445 17824 0
0.160801 -0.0595078 2.1971 1
0.565327 0.532234 17576 0
0.153592 -0.24251 2.14655 1
0.563868 0.634456 17168 0
0.154675 -0.316589 2.13367 1
0.564706 0.676588 17064 0
0.496862 0.166166 2.2266 1
0.699181 0.411184 17808 0
0.542131 -0.072796 2.19436 1
0.720521 0.539481 17552 0
0.547494 -0.260767 2.16139 1
0.7261 0.643586 17288 0
0.546332 -0.331438 2.14498 1
0.727345 0.683895 17152 0
0.283973 -0.158659 2.1676 1
0.616937 0.587112 17336 0
0.258364 -0.529586 2.17382 1
0.606087 0.789939 17384 0
0.252837 -0.808315 2.18528 1
0.603273 0.940216 17480 0
0.253892 -0.837892 2.1107 1
0.607368 0.972447 16880 0
0.415446 -0.159586 2.1649 1
0.67129 0.587731 17312 0
0.438722 -0.522949 2.17571 1
0.679987 0.786056 17400 0
0.440223 -0.800374 2.20275 1
0.678386 0.932435 17616 0
0.440684 -0.82971 2.12811 1
0.684836 0.964006 17024 0
40
0.348336 -0.0932171 2.1805 1
0.642592 0.550878 17440 0
0.346884 -0.0354851 2.22715 1
0.639024 0.518962 17816 0
0.339088 0.299975 2.25585 1
0.63417 0.341741 18040 0
0.353507 0.475926 2.2463 1
0.64047 0.247847 17968 0
0.197756 0.180786 2.22856 1
0.579206 0.403454 17824 0
0.160705 -0.0595518 2.19713 1
0.565287 0.532258 17576 0
0.15368 -0.241896 2.14705 1
0.563889 0.634085 17176 0
0.154656 -0.316419 2.13365 1
0.564699 0.676495 17064 0
0.496688 0.166181 2.22667 1
0.699104 0.411179 17808 0
0.542262 -0.0727733 2.19485 1
0.720525 0.53946 17552 0
0.548671 -0.257495 2.16464 1
0.726246 0.641572 17312 0
0.546624 -0.331069 2.14671 1
0.727284 0.683543 17168 0
0.283765 -0.158681 2.16775 1
0.616843 0.587118 17336 0
0.258282 -0.529574 2.17382 1
0.606053 0.789931 17384 0
0.252831 -0.808328 2.18528 1
0.603271 0.940224 17480 0
0.253859 -0.837907 2.1107 1
0.607354 0.972456 16880 0
0.415306 -0.159552 2.16497 1
0.671226 0.587709 17312 0
0.438601 -0.522833 2.1758 1
0.679931 0.785981 17400 0
0.44011 -0.800304 2.20269 1
0.678346 0.932409 17616 0
0.440548 -0.829636 2.12806 1
0.684784 0.963978 17024 0
40
0.348199 -0.0932234 2.18061 1
0.642529 0.550879 17440 0
0.346764 -0.035495 2.22724 1
0.63897 0.518967 17816 0
0.339042 0.29993 2.25588 1
0.634151 0.341767 18040 0
0.353163 0.476004 2.246 1
0.640352 0.247772 17968 0
0.197627 0.180753 2.22872 1
0.579149 0.403479 17824 0
0.160631 -0.0596276 2.19719 1
0.565255 0.532298 17576 0
0.153769 -0.241415 2.14753 1
0.563912 0.633788 17176 0
0.154655 -0.316309 2.13365 1
0.564698 0.676433 17064 0
0.496551 0.166201 2.22677 1
0.699041 0.411172 17808 0
0.542515 -0.0727322 2.19552 1
0.720561 0.539426 17560 0
0.549448 -0.255234 2.16678 1
0.726342 0.64019 17328 0
0.546884 -0.330713 2.14831 1
0.727223 0.683209 17184 0
0.283583 -0.158716 2.16792 1
0.616759 0.58713 17336 0
0.258212 -0.529565 2.17384 1
0.606024 0.789924 17384 0
0.252825 -0.808344 2.18528 1
0.603268 0.940232 17480 0
0.253829 -0.837925 2.1107 1
0.607341 0.972466 16880 0
0.415194 -0.159526 2.16509 1
0.671171 0.58769 17320 0
0.438497 -0.522703 2.17591 1
0.679879 0.785895 17400 0
0.439999 -0.800228 2.20263 1
0.678305 0.932379 17616 0
0.440421 -0.82956 2.12801 1
0.684735 0.963946 17024 0
40
0.348071 -0.0932268 2.18075 1
0.642467 0.550878 17440 0
0.346654 -0.0355008 2.22736 1
0.638919 0.518969 17816 0
0.339017 0.299887 2.2559 1
0.634139 0.341791 18040 0
0.352869 0.476076 2.24571 1
0.640254 0.247701 17960 0
0.197521 0.18072 2.22887 1
0.579101 0.403503 17824 0
0.16057 -0.0597073 2.19728 1
0.565228 0.53234 17576 0
0.153872 -0.240961 2.14804 1
0.56394 0.633505 17184 0
0.154663 -0.316206 2.13368 1
0.564701 0.676373 17064 0
0.496448 0.166226 2.22689 1
0.698989 0.411163 17808 0
0.542641 -0.0727113 2.19601 1
0.720563 0.539406 17568 0
0.550033 -0.253707 2.16826 1
0.726428 0.639255 17344 0
0.547149 -0.330441 2.14974 1
0.727181 0.682936 17192 0
0.283404 -0.15875 2.16816 1
0.616673 0.58714 17344 0
0.258147 -0.529555 2.17387 1
0.605995 0.789914 17384 0
0.252818 -0.80836 2.18528 1
0.603266 0.940241 17480 0
0.253801 -0.837943 2.11071 1
0.60733 0.972476 16880 0
0.415088 -0.159502 2.16526 1
0.671113 0.58767 17320 0
0.438425 -0.52255 2.17607 1
0.679835 0.78579 17408 0
0.439909 -0.800153 2.2026 1
0.678271 0.932345 17616 0
0.440322 -0.829488 2.12798 1
0.684696 0.963912 17016 0
40
0.347967 -0.093212 2.18096 1
0.642411 0.550865 17440 0
0.346562 -0.0354913 2.22751 1
0.638872 0.518963 17816 0
0.339015 0.299847 2.25591 1
0.634138 0.341813 18040 0
0.352589 0.476141 2.24531 1
0.640167 0.247622 17960 0
0.197426 0.180684 2.22903 1
0.579057 0.403529 17832 0
0.160524 -0.0597969 2.1974 1
0.565205 0.532386 17576 0
0.154008 -0.240548 2.14862 1
0.563979 0.63324 17184 0
0.15469 -0.316109 2.13377 1
0.564709 0.676312 17064 0
0.49642 0.166248 2.22708 1
0.69896 0.411159 17816 0
0.542277 -0.0727461 2.19622 1
0.720394 0.539421 17568 0
0.550511 -0.252664 2.1694 1
0.726506 0.63861 17352 0
0.547503 -0.330299 2.15132 1
0.727162 0.682724 17208 0
0.283241 -0.158782 2.16846 1
0.616589 0.587145 17344 0
0.258088 -0.529545 2.17392 1
0.605969 0.789903 17384 0
0.252811 -0.808377 2.18528 1
0.603263 0.940251 17480 0
0.253779 -0.837961 2.11071 1
0.60732 0.972486 16880 0
0.415022 -0.159472 2.16553 1
0.671065 0.587642 17320 0
0.43837 -0.522365 2.17629 1
0.679796 0.785661 17408 0
0.439821 -0.800065 2.20257 1
0.678237 0.932302 17616 0
0.440235 -0.829408 2.12796 1
0.684661 0.963872 17016 0
40
0.347889 -0.0932058 2.18125 1
0.642361 0.550855 17448 0
0.34649 -0.0354833 2.22771 1
0.638831 0.518956 17816 0
0.339032 0.299807 2.25592 1
0.634144 0.341835 18040 0
0.352362 0.476199 2.2449 1
0.640103 0.247545 17952 0
0.197353 0.180644 2.22918 1
0.579023 0.403557 17832 0
0.160495 -0.0599017 2.19757 1
0.565189 0.532441 17576 0
0.154229 -0.240186 2.1493 1
0.564051 0.632997 17192 0
0.15484 -0.315869 2.13405 1
0.564764 0.676155 17072 0
0.496437 0.166278 2.22732 1
0.698946 0.411152 17816 0
0.541271 -0.0728657 2.19609 1
0.719998 0.539488 17568 0
0.550924 -0.251929 2.17029 1
0.726584 0.638151 17360 0
0.548055 -0.330277 2.15319 1
0.727193 0.682553 17224 0
0.283109 -0.158841 2.16886 1
0.616513 0.587161 17344 0
0.258048 -0.52953 2.17399 1
0.605949 0.789885 17384 0
0.252805 -0.808392 2.18528 1
0.60326 0.940259 17480 0
0.25376 -0.837977 2.11071 1
0.607312 0.972494 16880 0
0.41499 -0.159457 2.16592 1
0.67102 0.587618 17320 0
0.438358 -0.522173 2.17655 1
0.679768 0.785521 17408 0
0.439741 -0.799989 2.20255 1
0.678207 0.932266 17616 0
0.440163 -0.829343 2.12794 1
0.684633 0.96384 17016 0
40
0.347832 -0.0931954 2.18161 1
0.642313 0.55084 17448 0
0.346434 -0.0354672 2.22795 1
0.638793 0.518946 17816 0
0.339059 0.299767 2.25592 1
0.634155 0.341856 18040 0
0.352197 0.476268 2.24447 1
0.640064 0.24746 17952 0
0.197292 0.180609 2.22932 1
0.578994 0.403582 17832 0
0.160481 -0.0600016 2.19776 1
0.565177 0.532492 17576 0
0.154526 -0.239903 2.15014 1
0.564149 0.632789 17200 0
0.155109 -0.315553 2.13454 1
0.564861 0.675938 17072 0
0.496475 0.166307 2.22756 1
0.69894 0.411147 17816 0
0.541153 -0.0729375 2.19683 1
0.719876 0.539514 17568 0
0.55122 -0.251389 2.17091 1
0.72664 0.637815 17360 0
0.548519 -0.33023 2.15475 1
0.727221 0.682394 17232 0
0.282994 -0.158907 2.16944 1
0.616435 0.587174 17352 0
0.258035 -0.529502 2.17412 1
0.605937 0.789853 17392 0
0.252799 -0.808404 2.18528 1
0.603258 0.940266 17480 0
0.253743 -0.83799 2.11071 1
0.607305 0.972501 16880 0
0.41499 -0.15945 2.16641 1
0.670982 0.587595 17328 0
0.438446 -0.521898 2.17697 1
0.67977 0.785317 17408 0
0.439662 -0.799893 2.20252 1
0.678178 0.932221 17616 0
0.440093 -0.829262 2.12791 1
0.684605 0.9638 17016 0
40
0.347802 -0.0932101 2.18207 1
0.642271 0.550838 17456 0
0.346392 -0.035459 2.22825 1
0.638758 0.518939 17824 0
0.339087 0.299729 2.25592 1
0.634166 0.341876 18040 0
0.352073 0.476317 2.24403 1
0.640042 0.247385 17952 0
0.197262 0.180572 2.22945 1
0.578977 0.403607 17832 0
0.160474 -0.0601141 2.198 1
0.565168 0.532549 17576 0
0.154842 -0.239645 2.15121 1
0.564248 0.63258 17208 0
0.155417 -0.315222 2.13516 1
0.564971 0.675703 17080 0
0.496531 0.166333 2.2278 1
0.698941 0.411142 17816 0
0.542085 -0.0729125 2.19942 1
0.719995 0.539454 17592 0
0.551415 -0.250969 2.17135 1
0.726674 0.637557 17368 0
0.548854 -0.330068 2.15605 1
0.727223 0.682195 17248 0
0.282921 -0.159014 2.1702 1
0.616364 0.587202 17360 0
0.258054 -0.529422 2.17431 1
0.605936 0.789783 17392 0
0.252796 -0.808408 2.18528 1
0.603257 0.940268 17480 0
0.253731 -0.837994 2.11071 1
0.6073 0.972503 16880 0
0.415033 -0.159473 2.16699 1
0.670954 0.587584 17328 0
0.438604 -0.521555 2.17751 1
0.67979 0.785057 17416 0
0.439589 -0.799782 2.20249 1
0.678151 0.932166 17616 0
0.440032 -0.82917 2.12789 1
0.684582 0.963753 17016 0
40
0.347802 -0.0932512 2.18264 1
0.642234 0.550847 17456 0
0.34637 -0.035459 2.22862 1
0.638726 0.518936 17824 0
0.33912 0.29969 2.25591 1
0.63418 0.341896 18040 0
0.351983 0.47635 2.24358 1
0.640035 0.247316 17944 0
0.197245 0.180534 2.22956 1
0.578966 0.403632 17832 0
0.160508 -0.0602432 2.1983 1
0.565172 0.532615 17584 0
0.155196 -0.23947 2.15256 1
0.564355 0.6324 17216 0
0.155733 -0.315173 2.13587 1
0.565082 0.675617 17080 0
0.496606 0.16637 2.22805 1
0.698949 0.411133 17824 0
0.54296 -0.0728503 2.20166 1
0.720126 0.53938 17608 0
0.551518 -0.250655 2.17176 1
0.726674 0.637359 17368 0
0.54905 -0.329925 2.15728 1
0.727174 0.682012 17256 0
0.282893 -0.159164 2.17111 1
0.616304 0.587248 17368 0
0.258118 -0.529264 2.17456 1
0.60595 0.789664 17392 0
0.25279 -0.808392 2.18527 1
0.603254 0.94026 17480 0
0.253716 -0.837978 2.11071 1
0.607293 0.972494 16880 0
0.41512 -0.159533 2.16774 1
0.670931 0.587586 17336 0
0.438787 -0.521196 2.17809 1
0.679818 0.784786 17424 0
0.439547 -0.79966 2.20249 1
0.678134 0.9321 17616 0
0.440001 -0.829067 2.1279 1
0.684568 0.963694 17016 0
40
0.347849 -0.0933062 2.18334 1
0.642208 0.550861 17464 0
0.34638 -0.0354596 2.22909 1
0.638701 0.518932 17832 0
0.339159 0.299649 2.25589 1
0.634196 0.341916 18040 0
0.351949 0.476288 2.24291 1
0.640063 0.247274 17936 0
0.19724 0.180497 2.22968 1
0.57896 0.403657 17832 0
0.160586 -0.0603837 2.19868 1
0.565193 0.532685 17584 0
0.155707 -0.239537 2.15418 1
0.564518 0.632337 17232 0
0.156186 -0.314785 2.13689 1
0.56524 0.675318 17088 0
0.496691 0.166405 2.22829 1
0.698961 0.411123 17824 0
0.543461 -0.0728361 2.20317 1
0.720179 0.539345 17624 0
0.550235 -0.253264 2.17242 1
0.726078 0.638747 17376 0
0.549141 -0.329757 2.15843 1
0.72709 0.681822 17264 0
0.282933 -0.159339 2.17222 1
0.616261 0.587299 17376 0
0.258255 -0.529025 2.17485 1
0.605992 0.789494 17392 0
0.252782 -0.808341 2.18527 1
0.603251 0.940232 17480 0
0.253697 -0.83793 2.11071 1
0.607285 0.972467 16880 0
0.415264 -0.159612 2.16862 1
0.67092 0.587594 17344 0
0.439005 -0.520796 2.17871 1
0.679856 0.784486 17424 0
0.439539 -0.799502 2.20252 1
0.678128 0.932009 17616 0
0.440002 -0.828931 2.12793 1
0.684566 0.963611 17016 0
40
0.347938 -0.0933445 2.18415 1
0.642191 0.550863 17472 0
0.346418 -0.035437 2.22962 1
0.638683 0.518916 17832 0
0.339228 0.299601 2.25584 1
0.634227 0.341938 18040 0
0.351951 0.476186 2.24216 1
0.64011 0.247244 17936 0
0.197246 0.180463 2.22978 1
0.578959 0.403679 17832 0
0.160673 -0.0605248 2.19913 1
0.565215 0.532755 17592 0
0.156323 -0.240037 2.15596 1
0.56472 0.632505 17240 0
0.156766 -0.31438 2.1382 1
0.565442 0.674985 17104 0
0.496861 0.166454 2.22858 1
0.699004 0.411109 17824 0
0.543731 -0.0728513 2.20422 1
0.720182 0.539335 17632 0
0.549013 -0.256466 2.17301 1
0.725515 0.640463 17384 0
0.549196 -0.329629 2.1595 1
0.727002 0.681663 17272 0
0.28301 -0.159496 2.17347 1
0.616226 0.587335 17384 0
0.258442 -0.528752 2.17516 1
0.606054 0.789303 17400 0
0.252774 -0.80827 2.18527 1
0.603248 0.940194 17480 0
0.253682 -0.837867 2.11071 1
0.607279 0.972431 16880 0
0.415473 -0.159704 2.16969 1
0.670923 0.587602 17352 0
0.439265 -0.520429 2.17938 1
0.679907 0.784197 17432 0
0.43957 -0.799349 2.20258 1
0.678135 0.931914 17616 0
0.440049 -0.828799 2.12801 1
0.684579 0.963521 17024 0
40
0.348078 -0.0933711 2.18517 1
0.642182 0.550853 17480 0
0.346489 -0.0353925 2.23027 1
0.638671 0.518886 17840 0
0.339331 0.299527 2.25573 1
0.634274 0.341969 18040 0
0.351985 0.476012 2.24128 1
0.640179 0.247237 17928 0
0.197271 0.18044 2.22988 1
0.578965 0.403696 17832 0
0.160777 -0.0606465 2.19975 1
0.565239 0.532811 17592 0
0.156938 -0.240614 2.15757 1
0.564926 0.632724 17256 0
0.15735 -0.314038 2.13951 1
0.565646 0.674687 17112 0
0.497183 0.166506 2.22893 1
0.699101 0.411095 17824 0
0.543971 -0.0728886 2.20514 1
0.720188 0.539338 17640 0
0.547961 -0.259057 2.17351 1
0.725031 0.641849 17384 0
0.549182 -0.329543 2.1605 1
0.72689 0.681531 17280 0
0.283123 -0.159672 2.17496 1
0.616192 0.587371 17392 0
0.258714 -0.528419 2.17547 1
0.60615 0.789079 17400 0
0.252763 -0.808157 2.18525 1
0.603245 0.940137 17480 0
0.253666 -0.837771 2.1107 1
0.607273 0.97238 16880 0
0.415773 -0.159821 2.17109 1
0.670936 0.587609 17368 0
0.439525 -0.520038 2.18005 1
0.679958 0.783898 17440 0
0.43963 -0.799161 2.20265 1
0.678154 0.931798 17616 0
0.440129 -0.828637 2.12809 1
0.684605 0.963412 17024 0
40
0.348288 -0.0934199 2.18647 1
0.642184 0.55085 17488 0
0.346615 -0.0353278 2.23108 1
0.638671 0.518845 17848 0
0.339551 0.299405 2.25544 1
0.634377 0.342014 18040 0
0.352141 0.475648 2.24003 1
0.640319 0.247289 17920 0
0.197326 0.180421 2.22997 1
0.578984 0.40371 17832 0
0.160915 -0.0607531 2.20046 1
0.565273 0.532858 17600 0
0.157507 -0.241184 2.15898 1
0.565118 0.632951 17264 0
0.157994 -0.313675 2.1409 1
0.565872 0.674372 17120 0
0.497576 0.166547 2.22928 1
0.699227 0.411087 17832 0
0.544134 -0.0729477 2.20587 1
0.720181 0.539357 17640 0
0.546935 -0.261583 2.17407 1
0.724551 0.643195 17392 0
0.549097 -0.329614 2.1616 1
0.72674 0.681477 17288 0
0.283295 -0.159897 2.17693 1
0.616158 0.587415 17408 0
0.258996 -0.528149 2.17577 1
0.606251 0.788893 17400 0
0.252751 -0.808076 2.18522 1
0.603241 0.940099 17480 0
0.253652 -0.837713 2.11068 1
0.607268 0.97235 16880 0
0.416165 -0.160011 2.17294 1
0.670951 0.587638 17376 0
0.439775 -0.519804 2.18066 1
0.68001 0.78369 17440 0
0.439742 -0.799041 2.20276 1
0.67819 0.931712 17616 0
0.440273 -0.828544 2.12822 1
0.684655 0.963332 17024 0
40
0.348503 -0.0935117 2.18818 1
0.64216 0.55086 17504 0
0.346756 -0.0352395 2.23209 1
0.638665 0.518789 17856 0
0.339828 0.299182 2.25483 1
0.634524 0.342088 18032 0
0.35239 0.475252 2.23854 1
0.640512 0.247331 17904 0
0.197389 0.180405 2.23005 1
0.579006 0.403722 17840 0
0.161078 -0.0608572 2.20131 1
0.565314 0.532902 17608 0
0.158073 -0.241775 2.16021 1
0.565315 0.633201 17280 0
0.158691 -0.313331 2.14221 1
0.566122 0.674074 17136 0
0.498243 0.166499 2.22962 1
0.699464 0.411126 17832 0
0.544489 -0.0731245 2.2068 1
0.720232 0.539436 17648 0
0.546316 -0.262221 2.17488 1
0.724214 0.643491 17392 0
0.548922 -0.329745 2.16288 1
0.726533 0.681442 17296 0
0.283332 -0.160292 2.17995 1
0.616012 0.58751 17432 0
0.25926 -0.527992 2.17604 1
0.606347 0.788771 17408 0
0.252727 -0.808037 2.18515 1
0.603234 0.940091 17480 0
0.253626 -0.837694 2.11063 1
0.607259 0.972351 16880 0
0.416639 -0.160408 2.17534 1
0.670957 0.587759 17400 0
0.439986 -0.519651 2.1812 1
0.680052 0.783537 17448 0
0.43986 -0.798957 2.20287 1
0.67823 0.931646 17616 0
0.440422 -0.828498 2.12835 1
0.684705 0.963276 17024 0
40
0.34887 -0.0940492 2.19079 1
0.64214 0.551091 17520 0
0.347015 -0.0353424 2.23361 1
0.638674 0.518831 17864 0
0.340193 0.298561 2.25361 1
0.634741 0.342331 18024 0
0.352733 0.474589 2.2365 1
0.640777 0.247454 17888 0
0.197499 0.180366 2.23012 1
0.579048 0.403746 17840 0
0.161274 -0.061008 2.20226 1
0.565366 0.532969 17616 0
0.158965 -0.242661 2.16139 1
0.565648 0.633617 17288 0
0.159622 -0.313182 2.14347 1
0.566471 0.673889 17144 0
0.499015 0.166293 2.22983 1
0.699754 0.411244 17832 0
0.545013 -0.0734922 2.20783 1
0.720341 0.539616 17656 0
0.545716 -0.263057 2.17592 1
0.72386 0.64388 17400 0
0.548699 -0.33011 2.16456 1
0.726265 0.681502 17312 0
0.283526 -0.161325 2.18446 1
0.615852 0.587893 17472 0
0.259584 -0.528113 2.17637 1
0.606463 0.788793 17408 0
0.252615 -0.808295 2.18478 1
0.603206 0.940307 17472 0
0.253474 -0.838048 2.11028 1
0.607213 0.97263 16880 0
0.417397 -0.161518 2.17902 1
0.670979 0.588217 17432 0
0.440263 -0.519671 2.18175 1
0.68012 0.783477 17448 0
0.440017 -0.798976 2.20302 1
0.678281 0.931626 17624 0
0.440609 -0.828597 2.12856 1
0.684765 0.963287 17024 0
40
0.349447 -0.0948358 2.19415 1
0.642157 0.55144 17552 0
0.347417 -0.0355746 2.23562 1
0.63871 0.518938 17880 0
0.340575 0.297239 2.25158 1
0.635014 0.342887 18008 0
0.353305 0.473131 2.23315 1
0.641217 0.247852 17864 0
0.197663 0.180273 2.23019 1
0.579111 0.403799 17840 0
0.161452 -0.0612398 2.20325 1
0.565408 0.53308 17624 0
0.160013 -0.243591 2.16236 1
0.566051 0.634068 17296 0
0.161084 -0.313424 2.14468 1
0.567042 0.673926 17152 0
0.500217 0.165806 2.22999 1
0.700221 0.411511 17832 0
0.545484 -0.0741283 2.20887 1
0.720428 0.53994 17664 0
0.546632 -0.262782 2.1795 1
0.723868 0.643493 17432 0
0.548971 -0.331583 2.16831 1
0.725986 0.681997 17344 0
0.283869 -0.162729 2.18994 1
0.615702 0.588435 17512 0
0.259903 -0.52847 2.17669 1
0.606578 0.788946 17408 0
0.252361 -0.809007 2.18385 1
0.603146 0.940882 17464 0
0.25315 -0.838956 2.10938 1
0.607121 0.973344 16872 0
0.418706 -0.163132 2.18377 1
0.671142 0.588905 17464 0
0.440571 -0.519686 2.1822 1
0.680208 0.783425 17456 0
0.440216 -0.798992 2.20314 1
0.678352 0.931611 17624 0
0.440836 -0.828708 2.12873 1
0.684846 0.963312 17024 0
40
0.350167 -0.0966218 2.19847 1
0.64217 0.552306 17584 0
0.347998 -0.0364583 2.23832 1
0.638774 0.519385 17904 0
0.341313 0.293664 2.24732 1
0.635563 0.344483 17976 0
0.354021 0.468393 2.22659 1
0.641919 0.249642 17808 0
0.198082 0.17964 2.23014 1
0.57928 0.404135 17840 0
0.161627 -0.0620697 2.20449 1
0.565442 0.533509 17632 0
0.161884 -0.245166 2.16321 1
0.566798 0.634882 17304 0
0.163372 -0.314611 2.14551 1
0.567967 0.674516 17160 0
0.501592 0.164648 2.22983 1
0.700785 0.412123 17832 0
0.545888 -0.0754366 2.20986 1
0.720492 0.540627 17672 0
0.545643 -0.270545 2.18384 1
0.723019 0.647438 17464 0
0.548942 -0.333741 2.17075 1
0.725721 0.682976 17360 0
0.284246 -0.164987 2.19591 1
0.61554 0.589418 17560 0
0.260189 -0.528979 2.17695 1
0.606683 0.78919 17408 0
0.251916 -0.810038 2.18242 1
0.603032 0.941733 17456 0
0.252582 -0.84031 2.10801 1
0.606951 0.974417 16864 0
0.420186 -0.166101 2.19009 1
0.671252 0.590262 17520 0
0.441009 -0.520182 2.1825 1
0.680363 0.783657 17456 0
0.440477 -0.799467 2.20302 1
0.678468 0.931892 17624 0
0.441111 -0.829491 2.12867 1
0.684967 0.963763 17024 0
40
0.35104 -0.0997524 2.20376 1
0.642183 0.553871 17624 0
0.348754 -0.0382429 2.24144 1
0.638882 0.520306 17928 0
0.342224 0.287459 2.24087 1
0.636316 0.347331 17920 0
0.354432 0.46152 2.21896 1
0.642573 0.252467 17744 0
0.198742 0.17743 2.22982 1
0.579556 0.4053 17832 0
0.161835 -0.0644861 2.20631 1
0.565473 0.534785 17648 0
0.164065 -0.246937 2.16385 1
0.567677 0.635816 17304 0
0.166455 -0.316956 2.14588 1
0.569238 0.675786 17160 0
0.503333 0.161491 2.2291 1
0.701549 0.413779 17832 0
0.545963 -0.0789192 2.21085 1
0.720424 0.542483 17680 0
0.544969 -0.276971 2.18684 1
0.722438 0.650733 17488 0
0.548988 -0.337092 2.17402 1
0.725399 0.684534 17392 0
0.284764 -0.169054 2.20345 1
0.615355 0.591309 17624 0
0.260452 -0.529714 2.17712 1
0.606782 0.789569 17416 0
0.251236 -0.811442 2.18044 1
0.602847 0.942901 17440 0
0.251708 -0.8422 2.10612 1
0.606676 0.975909 16848 0
0.421714 -0.170276 2.19718 1
0.671319 0.592232 17576 0
0.441548 -0.520944 2.18267 1
0.68057 0.784051 17456 0
0.440883 -0.800292 2.20263 1
0.678664 0.932414 17616 0
0.441494 -0.830788 2.12835 1
0.685155 0.964558 17024 0
40
0.351905 -0.103705 2.20927 1
0.642178 0.555866 17672 0
0.34952 -0.0408111 2.24449 1
0.638998 0.52164 17952 0
0.342586 0.279315 2.23386 1
0.636889 0.35119 17864 0
0.354958 0.453431 2.2113 1
0.64328 0.255962 17688 0
0.199465 0.174262 2.22936 1
0.579862 0.406972 17832 0
0.162441 -0.0678607 2.20818 1
0.565662 0.536574 17664 0
0.166599 -0.249162 2.16416 1
0.568713 0.637021 17312 0
0.169375 -0.318959 2.14605 1
0.570447 0.676884 17168 0
0.505213 0.156097 2.22807 1
0.702395 0.416621 17824 0
0.544696 -0.0852683 2.21108 1
0.71989 0.545896 17688 0
0.544531 -0.280939 2.18874 1
0.722066 0.65276 17504 0
0.549244 -0.342752 2.17802 1
0.725091 0.687288 17424 0
0.285295 -0.173497 2.21065 1
0.615193 0.593404 17680 0
0.260688 -0.530939 2.17704 1
0.606883 0.790249 17416 0
0.250377 -0.812919 2.17708 1
0.602654 0.944391 17416 0
0.250667 -0.844236 2.10302 1
0.606391 0.977764 16824 0
0.423188 -0.175216 2.20431 1
0.671362 0.594601 17632 0
0.442288 -0.522556 2.1825 1
0.680885 0.784951 17456 0
0.441413 -0.801922 2.20199 1
0.67893 0.93342 17608 0
0.441967 -0.833162 2.12784 1
0.685398 0.965997 17016 0
40
0.353031 -0.109654 2.21557 1
0.642227 0.558902 17720 0
0.350534 -0.0452152 2.24773 1
0.6392 0.523941 17976 0
0.342732 0.271115 2.22797 1
0.637309 0.355177 17816 0
0.35578 0.443081 2.20267 1
0.644173 0.260599 17616 0
0.200385 0.168439 2.22843 1
0.580264 0.410042 17824 0
0.16324 -0.0725514 2.21003 1
0.56593 0.53907 17680 0
0.169067 -0.251928 2.16411 1
0.569732 0.638545 17312 0
0.172624 -0.321088 2.14593 1
0.571802 0.678075 17160 0
0.506763 0.146928 2.22638 1
0.70317 0.421459 17808 0
0.542933 -0.0953103 2.2113 1
0.719156 0.551296 17688 0
0.544209 -0.284225 2.19015 1
0.721792 0.654448 17520 0
0.549145 -0.349182 2.18129 1
0.724713 0.690516 17448 0
0.286152 -0.179473 2.21822 1
0.615145 0.596291 17744 0
0.260947 -0.532969 2.17646 1
0.607018 0.791437 17408 0
0.249398 -0.813857 2.17346 1
0.602422 0.945644 17384 0
0.249529 -0.845747 2.09977 1
0.606072 0.97936 16792 0
0.424795 -0.181452 2.21176 1
0.671433 0.597637 17688 0
0.443239 -0.526143 2.18156 1
0.681353 0.787031 17448 0
0.442178 -0.805384 2.2009 1
0.679329 0.935508 17600 0
0.4426 -0.837705 2.12697 1
0.68574 0.96873 17008 0
40
0.354513 -0.117179 2.22186 1
0.642419 0.562766 17768 0
0.351916 -0.0520366 2.25072 1
0.639563 0.527516 18000 0
0.342505 0.258061 2.22189 1
0.637594 0.361773 17768 0
0.356316 0.431969 2.19491 1
0.644901 0.265778 17552 0
0.201235 0.159988 2.2273 1
0.580645 0.414513 17816 0
0.164011 -0.076908 2.21148 1
0.566198 0.541389 17688 0
0.174863 -0.260184 2.16258 1
0.572174 0.643186 17296 0
0.184357 -0.334809 2.14303 1
0.576787 0.685935 17144 0
0.507449 0.13862 2.22512 1
0.70356 0.425858 17800 0
0.542077 -0.103807 2.21255 1
0.718686 0.555837 17696 0
0.544061 -0.287624 2.19138 1
0.721607 0.656207 17528 0
0.548245 -0.359713 2.18431 1
0.724034 0.69599 17472 0
0.287494 -0.18666 2.22541 1
0.615312 0.599824 17800 0
0.261226 -0.53551 2.17483 1
0.607212 0.793046 17392 0
0.248741 -0.814076 2.16937 1
0.602345 0.946606 17352 0
0.248754 -0.846595 2.0962 1
0.605923 0.980657 16768 0
0.426682 -0.188442 2.21878 1
0.67165 0.601078 17744 0
0.444238 -0.531245 2.17987 1
0.681902 0.790039 17432 0
0.44286 -0.810086 2.19969 1
0.679705 0.938291 17592 0
0.443122 -0.843561 2.12607 1
0.686037 0.972206 17008 0
40
0.356403 -0.126622 2.22778 1
0.642798 0.567644 17816 0
0.353592 -0.0612128 2.25284 1
0.640096 0.532337 18016 0
0.342229 0.245926 2.21684 1
0.637796 0.367973 17728 0
0.356651 0.420898 2.18857 1
0.645458 0.271119 17504 0
0.202041 0.1447 2.22533 1
0.58104 0.422613 17800 0
0.165669 -0.0866268 2.21313 1
0.566817 0.546584 17704 0
0.179702 -0.26764 2.16121 1
0.574218 0.647383 17288 0
0.192515 -0.344664 2.14142 1
0.580245 0.691552 17128 0
0.507836 0.128118 2.22425 1
0.703796 0.431448 17792 0
0.541234 -0.114427 2.21493 1
0.718112 0.561484 17712 0
0.544244 -0.293769 2.19281 1
0.721537 0.65944 17536 0
0.547106 -0.371645 2.186 1
0.723396 0.702335 17480 0
0.289305 -0.195866 2.23197 1
0.615697 0.604439 17848 0
0.261576 -0.538588 2.1717 1
0.607511 0.795155 17368 0
0.24851 -0.814348 2.16575 1
0.602421 0.9475 17320 0
0.248493 -0.847459 2.09303 1
0.605972 0.981876 16744 0
0.429225 -0.197407 2.22602 1
0.672111 0.605542 17808 0
0.445035 -0.537133 2.17782 1
0.682401 0.79353 17416 0
0.44352 -0.815752 2.19804 1
0.680107 0.941687 17584 0
0.44375 -0.850273 2.1248 1
0.686413 0.976249 16992 0
40
0.357932 -0.134812 2.23231 1
0.64312 0.571873 17856 0
0.355015 -0.07008 2.25394 1
0.640592 0.537004 18024 0
0.341723 0.232746 2.21267 1
0.637851 0.374813 17696 0
0.356919 0.408061 2.18265 1
0.645962 0.277498 17456 0
0.202561 0.134205 2.22429 1
0.581287 0.428192 17792 0
0.166715 -0.0934914 2.21412 1
0.567209 0.550253 17712 0
0.182758 -0.272066 2.16062 1
0.575501 0.649861 17280 0
0.197972 -0.35036 2.14176 1
0.582506 0.694687 17128 0
0.50854 0.11301 2.22387 1
0.704113 0.439521 17784 0
0.541027 -0.129438 2.21852 1
0.717676 0.569437 17744 0
0.54465 -0.305999 2.19438 1
0.721544 0.665959 17552 0
0.545604 -0.387141 2.18602 1
0.72278 0.710769 17488 0
0.290694 -0.203787 2.237 1
0.615991 0.608418 17896 0
0.262073 -0.541943 2.16783 1
0.607907 0.797523 17336 0
0.249255 -0.814196 2.16107 1
0.60295 0.948386 17288 0
0.248719 -0.847938 2.09038 1
0.606204 0.982761 16720 0
0.43153 -0.205642 2.23183 1
0.672585 0.609658 17848 0
0.445704 -0.541901 2.17611 1
0.682818 0.796368 17408 0
0.443728 -0.820617 2.19623 1
0.680341 0.944688 17568 0
0.443903 -0.855864 2.12333 1
0.686605 0.979711 16984 0
40
0.359883 -0.144262 2.23676 1
0.643613 0.576758 17888 0
0.356848 -0.0805942 2.25464 1
0.641273 0.542542 18032 0
0.342381 0.218121 2.20906 1
0.638343 0.382488 17672 0
0.357259 0.397495 2.17822 1
0.646398 0.282819 17424 0
0.202733 0.115687 2.2224 1
0.581425 0.438048 17776 0
0.167898 -0.104432 2.21479 1
0.567666 0.556117 17712 0
0.18704 -0.280115 2.16022 1
0.577284 0.654323 17280 0
0.202984 -0.354098 2.14285 1
0.584552 0.696664 17136 0
0.509095 0.10181 2.22406 1
0.704318 0.44552 17792 0
0.540807 -0.140678 2.22215 1
0.717232 0.575343 17776 0
0.544976 -0.316554 2.19652 1
0.72146 0.671516 17568 0
0.544036 -0.39801 2.18606 1
0.722136 0.716683 17488 0
0.292635 -0.213678 2.24211 1
0.616499 0.613421 17936 0
0.262683 -0.545062 2.1641 1
0.608345 0.799752 17312 0
0.250391 -0.813866 2.15474 1
0.603724 0.949522 17232 0
0.250164 -0.848442 2.08412 1
0.607141 0.984497 16672 0
0.434109 -0.214857 2.23782 1
0.673152 0.614266 17896 0
0.446218 -0.545531 2.17481 1
0.683138 0.798532 17392 0
0.444187 -0.825022 2.19214 1
0.680864 0.94791 17536 0
0.444517 -0.860797 2.11972 1
0.687182 0.983297 16952 0
40
0.362361 -0.156812 2.24166 1
0.644286 0.583253 17928 0
0.359108 -0.0941865 2.2553 1
0.642126 0.549702 18040 0
0.343373 0.201827 2.20593 1
0.63894 0.391112 17640 0
0.357539 0.374126 2.16984 1
0.647079 0.294797 17352 0
0.202869 0.102528 2.22148 1
0.581513 0.445072 17768 0
0.16864 -0.112813 2.21524 1
0.567951 0.560608 17720 0
0.190529 -0.287297 2.16107 1
0.578695 0.658217 17288 0
0.209202 -0.356348 2.14423 1
0.587086 0.697787 17152 0
0.509767 0.0883323 2.22513 1
0.704489 0.452755 17800 0
0.542602 -0.154158 2.22896 1
0.717287 0.582311 17824 0
0.544723 -0.328961 2.19873 1
0.721135 0.678059 17584 0
0.539703 -0.40951 2.18538 1
0.720436 0.723013 17480 0
0.294759 -0.225303 2.24723 1
0.617077 0.619319 17976 0
0.263661 -0.548696 2.16036 1
0.608936 0.802272 17280 0
0.251646 -0.813447 2.14942 1
0.604502 0.950402 17192 0
0.251039 -0.848752 2.08069 1
0.607693 0.985475 16640 0
0.437692 -0.228443 2.2453 1
0.674 0.621087 17960 0
0.44697 -0.551419 2.17341 1
0.683565 0.801948 17384 0
0.44473 -0.828375 2.1868 1
0.681527 0.950828 17488 0
0.44526 -0.864655 2.11497 1
0.687916 0.986555 16912 0
40
0.364287 -0.170859 2.24642 1
0.644746 0.590519 17968 0
0.360785 -0.108849 2.2559 1
0.642752 0.557425 18040 0
0.343959 0.185939 2.20307 1
0.639359 0.399553 17624 0
0.356659 0.356783 2.1643 1
0.647092 0.303809 17312 0
0.202599 0.0857732 2.22089 1
0.581426 0.454036 17760 0
0.169428 -0.138119 2.21769 1
0.568193 0.574122 17736 0
0.197069 -0.311502 2.16547 1
0.581231 0.671199 17320 0
0.213242 -0.358128 2.14538 1
0.58872 0.698668 17160 0
0.509688 0.0751568 2.22614 1
0.704365 0.45982 17808 0
0.543149 -0.166631 2.23439 1
0.716977 0.588754 17872 0
0.525465 -0.376161 2.19783 1
0.713404 0.703691 17576 0
0.529527 -0.434138 2.17178 1
0.717634 0.737906 17368 0
0.296487 -0.238705 2.25267 1
0.617479 0.626112 18016 0
0.265085 -0.552249 2.15733 1
0.609679 0.804657 17256 0
0.252608 -0.813143 2.14561 1
0.605087 0.951033 17160 0
0.251822 -0.849042 2.07796 1
0.608171 0.986278 16616 0
0.440191 -0.241866 2.25186 1
0.674484 0.627828 18008 0
0.447772 -0.557849 2.17167 1
0.684043 0.805714 17368 0
0.445183 -0.830518 2.1822 1
0.682095 0.952947 17456 0
0.445892 -0.86729 2.1109 1
0.688546 0.988979 16880 0
40
0.365496 -0.184541 2.25074 1
0.644947 0.59758 18000 0
0.361861 -0.12295 2.2567 1
0.643127 0.56484 18048 0
0.344555 0.171895 2.20142 1
0.639704 0.407071 17608 0
0.355649 0.343305 2.16039 1
0.646941 0.310879 17280 0
0.202391 0.0730904 2.22062 1
0.581353 0.460828 17760 0
0.170146 -0.151954 2.2191 1
0.568438 0.581494 17752 0
0.200396 -0.329159 2.17529 1
0.582229 0.680086 17400 0
0.217116 -0.359118 2.14709 1
0.59026 0.699058 17176 0
0.509342 0.0640436 2.227 1
0.704147 0.465775 17808 0
0.543467 -0.176967 2.23899 1
0.716658 0.594066 17904 0
0.524346 -0.384845 2.20224 1
0.712523 0.707976 17616 0
0.524069 -0.441711 2.17236 1
0.715333 0.741991 17376 0
0.297403 -0.253481 2.25805 1
0.617562 0.633599 18064 0
0.266367 -0.555651 2.15483 1
0.610337 0.806889 17232 0
0.253347 -0.812912 2.14279 1
0.605533 0.951499 17136 0
0.232309 -0.861806 2.12051 1
0.597787 0.983684 16960 0
0.44174 -0.253489 2.25724 1
0.67468 0.633651 18056 0
0.448583 -0.56449 2.17007 1
0.684512 0.809582 17360 0
0.445627 -0.831678 2.17706 1
0.682707 0.95465 17416 0
0.446515 -0.868943 2.10628 1
0.689223 0.990985 16848 0
40
0.366162 -0.197075 2.2545 1
0.644969 0.604034 18032 0
0.362493 -0.136426 2.25761 1
0.643319 0.571918 18056 0
0.345331 0.153325 2.20013 1
0.640101 0.417061 17600 0
0.354205 0.326847 2.15742 1
0.646546 0.319697 17256 0
0.202092 0.0590155 2.22108 1
0.581216 0.468378 17768 0
0.170595 -0.162114 2.22068 1
0.56857 0.586882 17760 0
0.202304 -0.341266 2.18302 1
0.582718 0.686049 17464 0
0.219337 -0.359839 2.14812 1
0.59114 0.699362 17184 0
0.509043 0.0484427 2.22861 1
0.70388 0.474131 17824 0
0.543993 -0.191513 2.24512 1
0.716276 0.60152 17960 0
0.516448 -0.399053 2.20194 1
0.709351 0.715684 17608 0
0.51809 -0.449168 2.16922 1
0.713184 0.746432 17352 0
0.297595 -0.266527 2.26265 1
0.617398 0.64019 18096 0
0.267575 -0.559102 2.15272 1
0.610946 0.809098 17216 0
0.254081 -0.812674 2.14037 1
0.605959 0.951878 17120 0
0.224157 -0.869518 2.14371 1
0.593334 0.982731 17144 0
0.442839 -0.265354 2.26235 1
0.674718 0.639591 18096 0
0.450306 -0.582255 2.16771 1
0.685422 0.819672 17336 0
0.446089 -0.831341 2.17141 1
0.683372 0.955649 17368 0
0.447138 -0.869199 2.10119 1
0.689946 0.99232 16808 0
40
0.365367 -0.211339 2.25858 1
0.644394 0.611362 18064 0
0.361751 -0.15139 2.25901 1
0.642937 0.579757 18072 0
0.3452 0.135641 2.19926 1
0.640103 0.426598 17592 0
0.353071 0.314555 2.15589 1
0.64618 0.326355 17240 0
0.201687 0.0439331 2.22146 1
0.581039 0.476463 17768 0
0.171152 -0.171239 2.22242 1
0.56874 0.5917 17776 0
0.203482 -0.350492 2.18776 1
0.583019 0.690665 17496 0
0.220939 -0.360263 2.14903 1
0.591766 0.699512 17192 0
0.508765 0.035149 2.23006 1
0.703636 0.481242 17840 0
0.544783 -0.20385 2.25081 1
0.716043 0.607787 18000 0
0.49611 -0.434988 2.18906 1
0.702289 0.736489 17512 0
0.501738 -0.470725 2.16138 1
0.707205 0.759197 17288 0
0.296259 -0.281174 2.26771 1
0.616611 0.647564 18136 0
0.268831 -0.562768 2.15104 1
0.611554 0.811367 17208 0
0.254712 -0.8125 2.13846 1
0.606317 0.952184 17104 0
0.243455 -0.860518 2.10069 1
0.603445 0.987519 16800 0
0.442246 -0.279088 2.26781 1
0.674065 0.646463 18136 0
0.451457 -0.595933 2.16598 1
0.686045 0.827444 17320 0
0.446377 -0.830905 2.16746 1
0.683825 0.95624 17336 0
0.44761 -0.869274 2.09765 1
0.690467 0.993192 16776 0
40
0.364572 -0.225038 2.26217 1
0.643851 0.618392 18096 0
0.36098 -0.165194 2.26032 1
0.64255 0.586979 18080 0
0.344671 0.122125 2.19858 1
0.639932 0.433892 17584 0
0.352219 0.301943 2.15558 1
0.645849 0.333293 17240 0
0.201773 0.0292162 2.22262 1
0.581031 0.484356 17776 0
0.172209 -0.184388 2.22597 1
0.569054 0.598584 17800 0
0.201774 -0.368477 2.20581 1
0.581649 0.698809 17640 0
0.221867 -0.363495 2.15423 1
0.591929 0.700817 17232 0
0.508258 0.0171286 2.23231 1
0.703228 0.490868 17856 0
0.544079 -0.221145 2.25611 1
0.715256 0.616657 18048 0
0.491458 -0.44389 2.18749 1
0.700537 0.741503 17496 0
0.490964 -0.481252 2.15809 1
0.703065 0.765397 17264 0
0.295238 -0.294233 2.27211 1
0.615984 0.654119 18176 0
0.270091 -0.566364 2.14972 1
0.612145 0.81355 17192 0
0.255373 -0.812397 2.13673 1
0.606679 0.952492 17088 0
0.25406 -0.856355 2.07707 1
0.609179 0.990676 16616 0
0.441634 -0.292076 2.27233 1
0.673478 0.652974 18176 0
0.452629 -0.60592 2.16519 1
0.686595 0.833052 17320 0
0.446522 -0.830373 2.16431 1
0.684153 0.956612 17312 0
0.447887 -0.869189 2.09483 1
0.690842 0.993808 16752 0
40
0.364308 -0.236774 2.26536 1
0.643544 0.624391 18120 0
0.360639 -0.177792 2.26186 1
0.642318 0.593549 18088 0
0.343654 0.10456 2.19886 1
0.639501 0.443407 17584 0
0.352141 0.287309 2.15639 1
0.645761 0.341432 17248 0
0.201348 0.0131128 2.22475 1
0.580783 0.492985 17792 0
0.173134 -0.194237 2.22909 1
0.569328 0.603704 17832 0
0.202664 -0.379493 2.21882 1
0.581528 0.703551 17744 0
0.224423 -0.376186 2.16507 1
0.592523 0.706788 17320 0
0.508275 0.00429195 2.23436 1
0.703048 0.497714 17872 0
0.544088 -0.233483 2.26037 1
0.714854 0.622933 18080 0
0.49307 -0.438904 2.20049 1
0.700006 0.737379 17600 0
0.48605 -0.486029 2.15884 1
0.700962 0.767938 17264 0
0.294839 -0.306464 2.27649 1
0.615604 0.660216 18208 0
0.271846 -0.572005 2.1481 1
0.612959 0.816912 17184 0
0.256275 -0.812114 2.13463 1
0.607161 0.95278 17072 0
0.260336 -0.853367 2.06292 1
0.612643 0.992318 16496 0
0.441789 -0.304104 2.2763 1
0.673237 0.658996 18208 0
0.454112 -0.614975 2.16519 1
0.687206 0.838029 17320 0
0.446602 -0.830173 2.16208 1
0.684375 0.956971 17296 0
0.448072 -0.869319 2.09283 1
0.691104 0.994355 16736 0
40
0.364395 -0.249799 2.26917 1
0.643338 0.631014 18152 0
0.360643 -0.19182 2.26428 1
0.642168 0.600822 18112 0
0.343044 0.0867793 2.20032 1
0.639161 0.453062 17600 0
0.351784 0.267156 2.15816 1
0.645494 0.352676 17264 0
0.200915 -0.00105459 2.22828 1
0.580482 0.500563 17824 0
0.176473 -0.223672 2.23548 1
0.570463 0.619079 17880 0
0.204165 -0.407577 2.24138 1
0.581306 0.716415 17928 0
0.227152 -0.40579 2.18465 1
0.592808 0.721061 17472 0
0.509594 -0.013034 2.23902 1
0.703151 0.506928 17912 0
0.544013 -0.250032 2.26548 1
0.71434 0.63135 18120 0
0.480336 -0.458568 2.18336 1
0.69637 0.749961 17464 0
0.471589 -0.507411 2.14207 1
0.696509 0.781915 17136 0
0.294895 -0.320248 2.28152 1
0.615371 0.667053 18248 0
0.274089 -0.581149 2.1459 1
0.614008 0.822308 17160 0
0.257175 -0.811822 2.13262 1
0.607639 0.953043 17056 0
0.263687 -0.851851 2.05536 1
0.614513 0.993252 16440 0
0.44235 -0.317906 2.28085 1
0.67311 0.66588 18240 0
0.455226 -0.621838 2.16481 1
0.687699 0.841862 17312 0
0.446644 -0.830403 2.16035 1
0.684541 0.957465 17280 0
0.448195 -0.869849 2.09118 1
0.691306 0.995045 16728 0
40
0.365416 -0.26504 2.27412 1
0.643426 0.638705 18192 0
0.361304 -0.207402 2.26788 1
0.642202 0.60884 18136 0
0.342077 0.0706062 2.20286 1
0.638609 0.461854 17616 0
0.351924 0.249936 2.16078 1
0.645376 0.362339 17280 0
0.200887 -0.0164701 2.23232 1
0.580325 0.508781 17856 0
0.178829 -0.242344 2.23935 1
0.57128 0.628796 17912 0
0.205406 -0.423128 2.25064 1
0.581463 0.723748 18000 0
0.228442 -0.420364 2.19426 1
0.592927 0.727997 17552 0
0.51052 -0.0247465 2.24267 1
0.703189 0.513132 17936 0
0.544718 -0.261782 2.27006 1
0.714185 0.637245 18160 0
0.476352 -0.46502 2.17855 1
0.69517 0.754036 17424 0
0.465193 -0.51704 2.13485 1
0.6945 0.788237 17072 0
0.296524 -0.33675 2.28735 1
0.615712 0.675213 18296 0
0.275872 -0.593336 2.14274 1
0.614919 0.829552 17136 0
0.256994 -0.846331 2.13175 1
0.607607 0.972496 17048 0
0.263873 -0.891387 2.056 1
0.614558 1.01598 16440 0
0.443706 -0.331823 2.28605 1
0.673246 0.672748 18288 0
0.456384 -0.627457 2.16423 1
0.688227 0.845043 17312 0
0.443498 -0.865247 2.16298 1
0.683018 0.976081 17296 0
0.445358 -0.905941 2.094 1
0.68984 1.01489 16752 0
40
0.366624 -0.279011 2.279 1
0.643592 0.645703 18232 0
0.362218 -0.221534 2.27166 1
0.642325 0.616062 18168 0
0.341621 0.0569582 2.2058 1
0.63824 0.469269 17640 0
0.351793 0.235975 2.16396 1
0.645108 0.37022 17304 0
0.199905 -0.0328766 2.23769 1
0.57974 0.517486 17896 0
0.18148 -0.261911 2.24312 1
0.572216 0.638961 17944 0
0.206071 -0.440512 2.26116 1
0.581347 0.731856 18088 0
0.220203 -0.48129 2.24691 1
0.587476 0.754926 17968 0
0.511623 -0.0392554 2.24804 1
0.703143 0.520782 17984 0
0.54579 -0.276441 2.2761 1
0.714036 0.644545 18208 0
0.4742 -0.469335 2.17582 1
0.694532 0.756716 17400 0
0.461525 -0.523451 2.13049 1
0.693362 0.792408 17040 0
0.29816 -0.351427 2.29245 1
0.616092 0.682443 18336 0
0.277069 -0.605869 2.14064 1
0.615531 0.836842 17120 0
0.256564 -0.87199 2.13295 1
0.607367 0.986545 17056 0
0.263056 -0.919092 2.05832 1
0.614075 1.03142 16464 0
0.44544 -0.346508 2.29208 1
0.673465 0.679919 18336 0
0.457659 -0.632892 2.16336 1
0.688828 0.848171 17304 0
0.441784 -0.88957 2.16537 1
0.682109 0.988922 17320 0
0.443841 -0.930742 2.09649 1
0.688968 1.02836 16768 0
40
0.367523 -0.295023 2.28529 1
0.643548 0.653641 18280 0
0.362953 -0.237607 2.27705 1
0.642276 0.624188 18216 0
0.341531 0.0418268 2.21086 1
0.637887 0.477484 17680 0
0.3534 0.217946 2.17042 1
0.645337 0.380492 17360 0
0.200656 -0.0470574 2.24296 1
0.579852 0.524969 17936 0
0.182847 -0.273096 2.24587 1
0.57267 0.644718 17960 0
0.206301 -0.449046 2.26798 1
0.581192 0.735638 18136 0
0.219832 -0.493256 2.2566 1
0.586954 0.760143 18048 0
0.513004 -0.0563275 2.25482 1
0.703078 0.52973 18032 0
0.54649 -0.293792 2.28378 1
0.71359 0.653101 18264 0
0.472607 -0.475856 2.17356 1
0.694081 0.760553 17384 0
0.458603 -0.531424 2.12713 1
0.692441 0.797331 17016 0
0.299402 -0.366087 2.29783 1
0.616303 0.689609 18376 0
0.277533 -0.617926 2.13886 1
0.615821 0.843832 17104 0
0.256522 -0.891165 2.13464 1
0.607264 0.99685 17072 0
0.262535 -0.938492 2.0606 1
0.613723 1.04204 16480 0
0.446348 -0.361381 2.29876 1
0.673314 0.687096 18384 0
0.458971 -0.637523 2.16212 1
0.689478 0.850921 17296 0
0.440871 -0.905774 2.16772 1
0.681536 0.997289 17336 0
0.44308 -0.947091 2.09887 1
0.68843 1.03703 16784 0
40
0.368745 -0.309061 2.29133 1
0.643646 0.660528 18328 0
0.36407 -0.251964 2.28263 1
0.642365 0.63137 18256 0
0.342016 0.0268003 2.21795 1
0.637641 0.485619 17736 0
0.35479 0.201654 2.17817 1
0.64539 0.389819 17424 0
0.202618 -0.063831 2.24966 1
0.580393 0.533768 17992 0
0.184126 -0.283967 2.24938 1
0.573064 0.650244 17992 0
0.206586 -0.459295 2.27409 1
0.581086 0.740368 18192 0
0.216945 -0.515693 2.27597 1
0.585082 0.76966 18200 0
0.513989 -0.0694051 2.26062 1
0.702946 0.536539 18080 0
0.54666 -0.307019 2.29001 1
0.713075 0.659558 18320 0
0.473837 -0.484986 2.17098 1
0.694817 0.765868 17360 0
0.457973 -0.540358 2.12415 1
0.692446 0.802754 16992 0
0.301029 -0.379763 2.30321 1
0.616662 0.696233 18424 0
0.277389 -0.627812 2.13706 1
0.615858 0.849628 17096 0
0.257127 -0.904901 2.13638 1
0.60743 1.0041 17088 0
0.262753 -0.951406 2.06337 1
0.613665 1.04876 16504 0
0.447424 -0.374284 2.3048 1
0.673277 0.693268 18432 0
0.462732 -0.652545 2.15451 1
0.691706 0.860459 17232 0
0.440064 -0.916544 2.16971 1
0.681038 1.00274 17352 0
0.442383 -0.957804 2.10081 1
0.687961 1.0426 16800 0
40
0.369821 -0.320718 2.29751 1
0.643677 0.666134 18376 0
0.365265 -0.264634 2.28904 1
0.642432 0.63759 18312 0
0.344441 0.0083224 2.23034 1
0.637847 0.495559 17840 0
0.355114 0.188739 2.1856 1
0.645028 0.397226 17480 0
0.204138 -0.0797795 2.25743 1
0.580717 0.54206 18056 0
0.184567 -0.294882 2.25446 1
0.573074 0.655668 18032 0
0.223167 -0.473436 2.24795 1
0.588613 0.75065 17976 0
0.234373 -0.512684 2.23936 1
0.593419 0.772469 17912 0
0.51417 -0.089997 2.27152 1
0.702043 0.547152 18168 0
0.546566 -0.320607 2.29664 1
0.712424 0.666139 18368 0
0.474817 -0.490405 2.16993 1
0.695314 0.768968 17352 0
0.458811 -0.548124 2.12261 1
0.692938 0.807328 16976 0
0.302316 -0.391906 2.30952 1
0.61684 0.701954 18472 0
0.27718 -0.634473 2.13546 1
0.615857 0.853601 17080 0
0.257748 -0.914033 2.13819 1
0.607598 1.00875 17104 0
0.263178 -0.959471 2.06617 1
0.613694 1.05266 16528 0
0.448197 -0.384586 2.31007 1
0.67318 0.698135 18480 0
0.464946 -0.660696 2.14994 1
0.693032 0.865735 17192 0
0.439498 -0.923712 2.17129 1
0.680673 1.0063 17368 0
0.441959 -0.964803 2.10227 1
0.68765 1.04619 16816 0
40
0.370875 -0.329189 2.30288 1
0.643751 0.670124 18416 0
0.366474 -0.273991 2.29471 1
0.642551 0.642102 18352 0
0.346604 -0.0051935 2.24059 1
0.638078 0.502759 17920 0
0.356388 0.17574 2.19656 1
0.644822 0.404781 17568 0
0.205155 -0.0917163 2.26588 1
0.580816 0.548173 18120 0
0.184822 -0.308861 2.26268 1
0.57291 0.662455 18096 0
0.230916 -0.485221 2.23576 1
0.59219 0.758289 17880 0
0.241347 -0.508169 2.22209 1
0.596947 0.772169 17776 0
0.514869 -0.10325 2.28114 1
0.701464 0.553868 18248 0
0.546319 -0.332237 2.30299 1
0.711742 0.671691 18416 0
0.47742 -0.495817 2.17081 1
0.696305 0.771827 17360 0
0.461602 -0.555534 2.12347 1
0.694033 0.811356 16984 0
0.30333 -0.400573 2.31492 1
0.616959 0.705938 18512 0
0.277041 -0.638702 2.13434 1
0.61586 0.856145 17072 0
0.258211 -0.920093 2.1397 1
0.607715 1.01177 17112 0
0.263511 -0.964606 2.06871 1
0.613698 1.05494 16544 0
0.449237 -0.392982 2.31494 1
0.673216 0.702034 18512 0
0.466298 -0.665357 2.14716 1
0.693844 0.868793 17176 0
0.439201 -0.928631 2.1723 1
0.680467 1.00876 17376 0
0.441742 -0.969604 2.10318 1
0.687476 1.04867 16824 0
40
0.372922 -0.339763 2.31145 1
0.644008 0.674938 18488 0
0.368492 -0.285373 2.3039 1
0.642764 0.647415 18424 0
0.34743 -0.0194734 2.25593 1
0.637466 0.510273 18040 0
0.357644 0.16127 2.2126 1
0.644278 0.413256 17696 0
0.203064 -0.113187 2.28779 1
0.579227 0.558881 18296 0
0.185246 -0.325814 2.27392 1
0.572716 0.670525 18184 0
0.21719 -0.508629 2.26507 1
0.585588 0.767247 18120 0
0.223795 -0.550021 2.26402 1
0.588232 0.789129 18112 0
0.515264 -0.116044 2.29174 1
0.700687 0.560263 18328 0
0.546989 -0.344281 2.31189 1
0.711186 0.67723 18488 0
0.482083 -0.502209 2.17509 1
0.697833 0.77479 17400 0
0.466606 -0.563634 2.12803 1
0.695716 0.815219 17024 0
0.305615 -0.412597 2.32392 1
0.617384 0.711299 18584 0
0.276763 -0.642099 2.13308 1
0.615812 0.858251 17064 0
0.258964 -0.923812 2.1424 1
0.607893 1.01319 17136 0
0.263669 -0.967346 2.07199 1
0.613586 1.05563 16568 0
0.451659 -0.403486 2.32199 1
0.673622 0.706805 18568 0
0.467311 -0.668324 2.1454 1
0.694425 0.870742 17160 0
0.438916 -0.932201 2.17337 1
0.680261 1.01047 17384 0
0.441385 -0.973052 2.10413 1
0.68724 1.05037 16832 0
40
0.375233 -0.351343 2.32162 1
0.644266 0.680108 18568 0
0.370766 -0.29783 2.315 1
0.642956 0.653112 18520 0
0.348757 -0.0345271 2.27427 1
0.636878 0.518068 18192 0
0.356886 0.147634 2.2299 1
0.642856 0.421206 17832 0
0.202183 -0.126259 2.30146 1
0.578414 0.56529 18408 0
0.185439 -0.338646 2.28397 1
0.572471 0.676461 18264 0
0.210015 -0.523457 2.28065 1
0.582195 0.773159 18240 0
0.217016 -0.57088 2.2804 1
0.584944 0.797938 18240 0
0.515906 -0.128009 2.30395 1
0.699871 0.566124 18424 0
0.548766 -0.360983 2.32286 1
0.710872 0.684951 18576 0
0.488939 -0.509394 2.18404 1
0.699824 0.777579 17472 0
0.473806 -0.572036 2.13731 1
0.697874 0.818529 17096 0
0.307363 -0.423855 2.33232 1
0.61763 0.716283 18656 0
0.276452 -0.645093 2.13202 1
0.61574 0.860101 17056 0
0.262262 -0.92645 2.14484 1
0.609143 1.01407 17152 0
0.266177 -0.968963 2.07454 1
0.614526 1.05587 16592 0
0.455101 -0.416268 2.33145 1
0.674235 0.71249 18648 0
0.468313 -0.669736 2.14425 1
0.694946 0.871725 17152 0
0.438608 -0.934432 2.1748 1
0.680016 1.01135 17392 0
0.440999 -0.975055 2.10544 1
0.686959 1.05116 16840 0
40
0.376892 -0.361746 2.33146 1
0.644292 0.684658 18648 0
0.372219 -0.308806 2.32595 1
0.642841 0.658008 18600 0
0.348372 -0.0469753 2.29489 1
0.635499 0.524361 18352 0
0.356233 0.135496 2.24978 1
0.641334 0.428323 17992 0
0.201836 -0.136158 2.31409 1
0.577852 0.570025 18512 0
0.185381 -0.349946 2.29347 1
0.572148 0.681594 18344 0
0.207818 -0.531528 2.28696 1
0.581111 0.776605 18288 0
0.213803 -0.585067 2.29001 1
0.583336 0.804061 18320 0
0.516344 -0.143941 2.32157 1
0.698523 0.57379 18568 0
0.550604 -0.371731 2.33102 1
0.710837 0.689791 18648 0
0.493832 -0.516576 2.19057 1
0.701222 0.780653 17520 0
0.477158 -0.577534 2.14146 1
0.698887 0.820967 17128 0
0.308601 -0.433609 2.34002 1
0.617715 0.720532 18720 0
0.276188 -0.647317 2.13114 1
0.615677 0.861492 17048 0
0.266151 -0.927537 2.14719 1
0.61064 1.01411 17176 0
0.269632 -0.968792 2.07696 1
0.615877 1.05513 16608 0
0.457618 -0.42686 2.33934 1
0.674608 0.717162 18712 0
0.469137 -0.670508 2.14344 1
0.695363 0.872293 17144 0
0.438455 -0.935516 2.17679 1
0.679789 1.01148 17408 0
0.440811 -0.975676 2.10726 1
0.686719 1.05104 16856 0
40
0.378408 -0.37464 2.34359 1
0.644123 0.69025 18744 0
0.373401 -0.321553 2.33915 1
0.642486 0.663602 18712 0
0.347629 -0.0575092 2.31547 1
0.634008 0.529559 18520 0
0.356658 0.125047 2.26847 1
0.640337 0.434396 18144 0
0.202141 -0.14732 2.32952 1
0.577454 0.575264 18632 0
0.185623 -0.357912 2.30112 1
0.572002 0.68511 18408 0
0.206053 -0.538608 2.2933 1
0.5802 0.779515 18344 0
0.211898 -0.594612 2.29637 1
0.582364 0.808165 18368 0
0.515859 -0.15585 2.33681 1
0.697044 0.579374 18688 0
0.552632 -0.375161 2.34036 1
0.710769 0.690778 18720 0
0.495476 -0.523441 2.19336 1
0.701635 0.78402 17544 0
0.478813 -0.582709 2.14379 1
0.69936 0.823491 17144 0
0.309671 -0.445786 2.34956 1
0.617643 0.725804 18792 0
0.276019 -0.649121 2.13018 1
0.615658 0.862661 17040 0
0.269743 -0.9272 2.1496 1
0.612007 1.01334 17192 0
0.272858 -0.967115 2.07938 1
0.617127 1.05352 16632 0
0.459981 -0.438682 2.34815 1
0.674851 0.722339 18784 0
0.469725 -0.671279 2.14284 1
0.695662 0.872825 17136 0
0.438428 -0.93569 2.17938 1
0.679564 1.01096 17432 0
0.440676 -0.97522 2.10962 1
0.686452 1.05016 16872 0
40
0.37878 -0.388981 2.35711 1
0.643437 0.6964 18856 0
0.373482 -0.335567 2.35396 1
0.64162 0.669658 18824 0
0.346329 -0.0685703 2.33857 1
0.632188 0.534896 18704 0
0.356846 0.114143 2.29095 1
0.639033 0.440704 18320 0
0.203756 -0.159742 2.34606 1
0.577522 0.581035 18768 0
0.186192 -0.365778 2.31106 1
0.571912 0.688364 18488 0
0.244319 -0.525202 2.25892 1
0.596541 0.776706 18064 0
0.260247 -0.573937 2.238 1
0.603796 0.805209 17896 0
0.514721 -0.167846 2.35361 1
0.695205 0.584873 18824 0
0.55128 -0.397715 2.35278 1
0.709143 0.701179 18816 0
0.496038 -0.528535 2.19508 1
0.701706 0.78656 17560 0
0.479727 -0.586828 2.14545 1
0.699586 0.825526 17160 0
0.309785 -0.45902 2.3599 1
0.617171 0.73149 18872 0
0.275971 -0.650615 2.12937 1
0.615682 0.863636 17032 0
0.2726 -0.92626 2.1517 1
0.613083 1.01232 17208 0
0.275548 -0.964793 2.08142 1
0.618166 1.05165 16648 0
0.461094 -0.452027 2.3588 1
0.674483 0.728069 18864 0
0.470914 -0.671119 2.14196 1
0.696238 0.872889 17128 0
0.438411 -0.933662 2.1822 1
0.679325 1.0092 17456 0
0.440589 -0.972 2.11222 1
0.686187 1.04767 16896 0
40
0.37838 -0.397867 2.36591 1
0.642752 0.700139 18920 0
0.372865 -0.344629 2.36417 1
0.640775 0.673486 18912 0
0.344889 -0.0777246 2.35883 1
0.630508 0.539215 18864 0
0.357907 0.104845 2.3157 1
0.637957 0.446116 18520 0
0.205032 -0.170268 2.3625 1
0.577465 0.585774 18896 0
0.186823 -0.371098 2.32808 1
0.571629 0.689707 18624 0
0.256771 -0.521392 2.24906 1
0.601906 0.775903 17992 0
0.285079 -0.562091 2.20866 1
0.61521 0.80288 17664 0
0.51449 -0.178655 2.37015 1
0.693756 0.589708 18960 0
0.550377 -0.413976 2.36054 1
0.708114 0.708716 18880 0
0.496041 -0.532242 2.19637 1
0.701588 0.7884 17568 0
0.480166 -0.590051 2.14679 1
0.699644 0.827109 17168 0
0.30901 -0.467891 2.36684 1
0.616535 0.735271 18928 0
0.276031 -0.651696 2.12865 1
0.615746 0.864363 17024 0
0.274474 -0.924902 2.15342 1
0.61377 1.01116 17224 0
0.27728 -0.961972 2.08303 1
0.618817 1.04962 16664 0
0.461315 -0.460872 2.36612 1
0.674026 0.731812 18928 0
0.472292 -0.670349 2.14107 1
0.696894 0.872616 17128 0
0.438783 -0.930312 2.18514 1
0.679236 1.00669 17480 0
0.440928 -0.967143 2.11485 1
0.686098 1.04426 16912 0
40
0.377188 -0.405138 2.37361 1
0.641841 0.703136 18984 0
0.37151 -0.352315 2.37373 1
0.639699 0.676641 18984 0
0.344023 -0.0858043 2.37619 1
0.629229 0.542975 19008 0
0.358027 0.0970417 2.33491 1
0.636868 0.450537 18672 0
0.206291 -0.181246 2.3787 1
0.57741 0.590682 19024 0
0.187662 -0.373097 2.34058 1
0.571566 0.68971 18720 0
0.264014 -0.519926 2.24432 1
0.605002 0.775708 17952 0
0.295579 -0.558688 2.19786 1
0.62004 0.802526 17576 0
0.514175 -0.189666 2.38626 1
0.69233 0.594594 19088 0
0.550054 -0.426485 2.36715 1
0.707411 0.714423 18936 0
0.494739 -0.536177 2.19833 1
0.70088 0.790274 17584 0
0.479776 -0.593439 2.14859 1
0.699314 0.828711 17184 0
0.307549 -0.474632 2.37247 1
0.615709 0.738094 18976 0
0.27618 -0.652578 2.12822 1
0.615832 0.86493 17024 0
0.275673 -0.923909 2.15464 1
0.614202 1.01033 17232 0
0.278344 -0.959774 2.08408 1
0.619212 1.04808 16672 0
0.460473 -0.46885 2.37283 1
0.673218 0.735158 18976 0
0.473528 -0.667831 2.13918 1
0.697584 0.871545 17112 0
0.449824 -0.88747 2.15784 1
0.68607 0.98947 17256 0
0.450518 -0.926679 2.08926 1
0.692474 1.02787 16712 0
40
0.376279 -0.411791 2.38107 1
0.641056 0.705824 19048 0
0.370475 -0.359367 2.38355 1
0.638736 0.679435 19064 0
0.343133 -0.0922428 2.39137 1
0.628077 0.545907 19128 0
0.357132 0.0890417 2.35558 1
0.635327 0.455013 18840 0
0.20736 -0.190915 2.39359 1
0.577327 0.594926 19144 0
0.188592 -0.374892 2.34991 1
0.571635 0.689866 18792 0
0.268876 -0.519466 2.2418 1
0.607055 0.775773 17928 0
0.302155 -0.55716 2.19158 1
0.623063 0.802563 17528 0
0.512838 -0.199009 2.39938 1
0.690781 0.598711 19192 0
0.550066 -0.435117 2.37299 1
0.706906 0.718224 18976 0
0.493129 -0.53921 2.20152 1
0.699937 0.791493 17608 0
0.479046 -0.596347 2.15123 1
0.698767 0.829917 17208 0
0.30637 -0.480679 2.37772 1
0.615011 0.740595 19016 0
0.280575 -0.654925 2.12859 1
0.617655 0.866178 17024 0
0.273854 -0.922678 2.15586 1
0.613384 1.00936 17240 0
0.27591 -0.957364 2.08495 1
0.618121 1.04648 16672 0
0.459958 -0.475325 2.37885 1
0.672586 0.737803 19024 0
0.474267 -0.663916 2.13701 1
0.698094 0.869743 17096 0
0.457266 -0.85851 2.13905 1
0.690811 0.977659 17112 0
0.455407 -0.905038 2.07559 1
0.695845 1.01894 16600 0
40
0.375405 -0.417821 2.38809 1
0.640314 0.708224 19104 0
0.369597 -0.365888 2.39337 1
0.637839 0.681942 19144 0
0.343013 -0.0981566 2.40474 1
0.62732 0.548578 19232 0
0.35631 0.0833389 2.36898 1
0.634252 0.458132 18944 0
0.208613 -0.19808 2.40645 1
0.577378 0.597962 19248 0
0.193463 -0.399834 2.36726 1
0.572946 0.701014 18936 0
0.273588 -0.521372 2.24067 1
0.608987 0.776926 17920 0
0.306721 -0.557137 2.18974 1
0.625027 0.802804 17512 0
0.511309 -0.206054 2.41079 1
0.689312 0.601722 19280 0
0.549953 -0.440963 2.38092 1
0.706174 0.720419 19040 0
0.491239 -0.541739 2.20665 1
0.698707 0.792179 17648 0
0.478013 -0.599046 2.15521 1
0.697972 0.830797 17240 0
0.305173 -0.486294 2.38297 1
0.614309 0.74287 19056 0
0.284972 -0.656827 2.12949 1
0.619449 0.867087 17032 0
0.272467 -0.921175 2.15771 1
0.612713 1.00809 17256 0
0.274143 -0.954912 2.08648 1
0.617278 1.04468 16688 0
0.45931 -0.48082 2.3843 1
0.671948 0.740001 19072 0
0.474625 -0.659958 2.13526 1
0.698405 0.867838 17080 0
0.460144 -0.847274 2.13222 1
0.692627 0.972917 17056 0
0.458213 -0.892483 2.06793 1
0.697782 1.01364 16536 0
40
0.374822 -0.423441 2.3952 1
0.639681 0.710399 19160 0
0.369097 -0.372141 2.40424 1
0.637031 0.684214 19232 0
0.343071 -0.103604 2.41928 1
0.626576 0.550966 19352 0
0.355718 0.0787146 2.38066 1
0.633371 0.460649 19040 0
0.210012 -0.203213 2.41833 1
0.577514 0.600006 19344 0
0.195048 -0.406791 2.37705 1
0.573241 0.703669 19016 0
0.27624 -0.522944 2.24285 1
0.609936 0.77749 17936 0
0.308847 -0.559027 2.19323 1
0.625694 0.803348 17544 0
0.510092 -0.211217 2.42033 1
0.688117 0.60386 19360 0
0.549756 -0.444341 2.38845 1
0.705451 0.721408 19104 0
0.489165 -0.543192 2.21155 1
0.69743 0.792314 17688 0
0.476664 -0.601044 2.15928 1
0.697041 0.831276 17272 0
0.304353 -0.491671 2.38869 1
0.613729 0.744967 19104 0
0.288403 -0.658006 2.1308 1
0.620812 0.867518 17040 0
0.270979 -0.918982 2.16058 1
0.611949 1.00621 17280 0
0.272287 -0.951845 2.08893 1
0.616347 1.04229 16704 0
0.458773 -0.485591 2.38944 1
0.671378 0.741862 19112 0
0.474474 -0.656451 2.13417 1
0.698443 0.866071 17072 0
0.461927 -0.840516 2.12823 1
0.693735 0.970024 17024 0
0.460071 -0.884635 2.06334 1
0.699025 1.01025 16504 0
40
0.374361 -0.428181 2.40149 1
0.639144 0.712197 19208 0
0.368904 -0.377087 2.41374 1
0.63642 0.685928 19304 0
0.343935 -0.106926 2.42903 1
0.626386 0.552389 19432 0
0.35504 0.0761501 2.39158 1
0.63251 0.462105 19128 0
0.21122 -0.206377 2.42783 1
0.577655 0.601167 19416 0
0.196281 -0.411958 2.38261 1
0.573533 0.705775 19056 0
0.278398 -0.526041 2.24629 1
0.610625 0.778706 17968 0
0.309002 -0.561991 2.20055 1
0.625338 0.803942 17600 0
0.509221 -0.214827 2.42846 1
0.687167 0.605281 19424 0
0.549137 -0.445642 2.39584 1
0.704587 0.721371 19160 0
0.48754 -0.544198 2.21491 1
0.696475 0.792411 17712 0
0.475397 -0.602597 2.16253 1
0.696222 0.831632 17296 0
0.303476 -0.496053 2.3942 1
0.613141 0.746582 19152 0
0.2913 -0.658727 2.13262 1
0.621922 0.867608 17056 0
0.269792 -0.917113 2.16304 1
0.611331 1.0046 17304 0
0.270855 -0.949367 2.09101 1
0.61562 1.04034 16728 0
0.458119 -0.490431 2.39464 1
0.670762 0.743742 19152 0
0.474005 -0.653678 2.13361 1
0.6983 0.864621 17064 0
0.46322 -0.836157 2.12551 1
0.694526 0.968184 17000 0
0.461294 -0.879468 2.06021 1
0.699858 1.00804 16480 0
40
0.374011 -0.431689 2.40656 1
0.638721 0.713484 19248 0
0.368794 -0.380799 2.42206 1
0.635911 0.687113 19376 0
0.344899 -0.109124 2.43799 1
0.626274 0.55327 19496 0
0.354558 0.0746933 2.4006 1
0.631833 0.46297 19200 0
0.211914 -0.208571 2.43612 1
0.577645 0.601894 19488 0
0.197077 -0.415319 2.38627 1
0.573718 0.707136 19088 0
0.279687 -0.529698 2.25081 1
0.610914 0.78008 18000 0
0.30794 -0.565403 2.2091 1
0.624424 0.804604 17672 0
0.50859 -0.217357 2.43594 1
0.686361 0.606194 19480 0
0.547569 -0.446618 2.4011 1
0.703555 0.72137 19208 0
0.485998 -0.545096 2.21756 1
0.695619 0.792543 17736 0
0.473388 -0.604193 2.16628 1
0.695055 0.831935 17328 0
0.302723 -0.499247 2.39866 1
0.61265 0.747708 19184 0
0.293549 -0.65911 2.1345 1
0.622755 0.867498 17072 0
0.268475 -0.915397 2.16527 1
0.610674 1.00314 17320 0
0.26935 -0.947146 2.09287 1
0.614876 1.0386 16736 0
0.45765 -0.494146 2.39881 1
0.670291 0.745161 19184 0
0.473391 -0.65151 2.13346 1
0.698057 0.863437 17064 0
0.463964 -0.834904 2.12448 1
0.694933 0.96771 16992 0
0.462162 -0.875774 2.058 1
0.700448 1.00645 16464 0
40
0.374021 -0.433716 2.41113 1
0.638462 0.714081 19288 0
0.369161 -0.382724 2.4298 1
0.635612 0.68746 19432 0
0.345966 -0.110159 2.44495 1
0.626304 0.553622 19552 0
0.354839 0.0742674 2.40915 1
0.631468 0.463312 19272 0
0.211751 -0.209941 2.44384 1
0.57734 0.602239 19544 0
0.196301 -0.407361 2.39941 1
0.573025 0.702054 19192 0
0.240181 -0.542046 2.29069 1
0.593589 0.781619 18320 0
0.262259 -0.54894 2.26736 1
0.603244 0.788136 18136 0
0.508054 -0.218799 2.44239 1
0.685673 0.606616 19536 0
0.545206 -0.446874 2.40752 1
0.702136 0.720906 19256 0
0.48368 -0.545452 2.22216 1
0.694284 0.792129 17776 0
0.470421 -0.605264 2.17255 1
0.693273 0.831565 17376 0
0.302338 -0.50121 2.4022 1
0.612341 0.748315 19216 0
0.295215 -0.659069 2.13658 1
0.623331 0.867117 17088 0
0.265737 -0.913745 2.16665 1
0.609475 1.00191 17328 0
0.266259 -0.945024 2.09392 1
0.613501 1.03713 16744 0
0.457599 -0.496472 2.40322 1
0.669959 0.745863 19224 0
0.472081 -0.648869 2.13476 1
0.697388 0.861743 17072 0
0.464097 -0.835552 2.12577 1
0.69487 0.967788 17000 0
0.462777 -0.873095 2.05652 1
0.700859 1.00527 16448 0
40
0.374408 -0.435058 2.41559 1
0.638349 0.714346 19320 0
0.369946 -0.383848 2.43726 1
0.635485 0.687435 19496 0
0.347265 -0.110208 2.45158 1
0.626436 0.553501 19608 0
0.35507 0.0744499 2.41641 1
0.631159 0.463332 19328 0
0.211248 -0.210938 2.45019 1
0.576957 0.602458 19600 0
0.196609 -0.407696 2.403 1
0.57303 0.701918 19224 0
0.215834 -0.56375 2.31028 1
0.583389 0.790412 18480 0
0.214793 -0.594148 2.31116 1
0.582955 0.805955 18488 0
0.507699 -0.219364 2.44807 1
0.685113 0.606644 19584 0
0.543262 -0.446402 2.41399 1
0.700876 0.720082 19304 0
0.481749 -0.545601 2.22582 1
0.69319 0.791727 17800 0
0.468005 -0.605954 2.17742 1
0.69185 0.831199 17416 0
0.302258 -0.502623 2.4061 1
0.612129 0.748612 19248 0
0.296569 -0.658395 2.1393 1
0.623739 0.866274 17112 0
0.263192 -0.912344 2.16721 1
0.608399 1.00102 17336 0
0.263405 -0.943251 2.09415 1
0.612271 1.03606 16752 0
0.458013 -0.49816 2.40728 1
0.669827 0.746284 19256 0
0.470759 -0.646485 2.13652 1
0.696674 0.860118 17088 0
0.463991 -0.837117 2.12792 1
0.694629 0.96819 17016 0
0.463196 -0.871306 2.05571 1
0.701121 1.00443 16440 0
40
0.374778 -0.435374 2.41994 1
0.638237 0.714117 19352 0
0.370549 -0.38389 2.4444 1
0.635309 0.686908 19552 0
0.347984 -0.109257 2.45911 1
0.62631 0.552877 19672 0
0.355209 0.0750711 2.42296 1
0.630855 0.463126 19376 0
0.210443 -0.211101 2.456 1
0.576482 0.602295 19640 0
0.195224 -0.400035 2.40965 1
0.572316 0.697577 19272 0
0.205782 -0.563874 2.32185 1
0.579109 0.789028 18568 0
0.196567 -0.602913 2.33123 1
0.575263 0.807795 18648 0
0.507443 -0.219503 2.4532 1
0.684632 0.606488 19624 0
0.541988 -0.445864 2.4188 1
0.700006 0.719379 19344 0
0.479486 -0.544793 2.23132 1
0.691808 0.790577 17848 0
0.465341 -0.605627 2.18404 1
0.69018 0.830018 17472 0
0.302273 -0.503175 2.40959 1
0.611972 0.748524 19272 0
0.297527 -0.657305 2.14206 1
0.623979 0.865198 17136 0
0.261402 -0.911094 2.16783 1
0.607631 1.00019 17336 0
0.261408 -0.941705 2.09453 1
0.6114 1.03508 16752 0
0.458435 -0.498948 2.41109 1
0.669714 0.746282 19288 0
0.469419 -0.644134 2.13902 1
0.695884 0.858389 17112 0
0.463788 -0.83885 2.13101 1
0.694262 0.96848 17048 0
0.463453 -0.870216 2.05576 1
0.701228 1.00379 16440 0
40
0.375369 -0.435135 2.42373 1
0.638238 0.713664 19384 0
0.37126 -0.383561 2.45045 1
0.635234 0.686287 19600 0
0.348775 -0.108466 2.46581 1
0.626252 0.552351 19720 0
0.355274 0.0757586 2.42793 1
0.630611 0.462865 19416 0
0.209859 -0.210929 2.46106 1
0.576113 0.602001 19688 0
0.195496 -0.39991 2.41126 1
0.572368 0.697384 19288 0
0.200153 -0.567922 2.32634 1
0.576797 0.790541 18608 0
0.184973 -0.612312 2.3415 1
0.570513 0.811223 18728 0
0.507304 -0.218753 2.45966 1
0.684097 0.605845 19672 0
0.541179 -0.44477 2.42389 1
0.699288 0.718381 19384 0
0.477802 -0.544206 2.23554 1
0.690775 0.789717 17880 0
0.463407 -0.605409 2.18894 1
0.688965 0.82916 17504 0
0.302546 -0.503292 2.41234 1
0.611946 0.748298 19296 0
0.298129 -0.656375 2.1443 1
0.6241 0.8643 17152 0
0.259978 -0.910134 2.16826 1
0.607023 0.999558 17344 0
0.259954 -0.940549 2.09477 1
0.610768 1.03436 16752 0
0.459117 -0.498933 2.41498 1
0.669693 0.745879 19312 0
0.468093 -0.641774 2.14218 1
0.695043 0.856549 17136 0
0.463522 -0.840229 2.13439 1
0.693843 0.968509 17072 0
0.463657 -0.869586 2.0566 1
0.701234 1.00322 16448 0
40
0.376284 -0.434626 2.42716 1
0.63838 0.713113 19416 0
0.37222 -0.383129 2.45564 1
0.635297 0.685683 19640 0
0.349515 -0.107942 2.47096 1
0.626256 0.551989 19760 0
0.355658 0.0765309 2.43235 1
0.630515 0.462554 19456 0
0.209465 -0.210586 2.46524 1
0.575841 0.601663 19720 0
0.196366 -0.402528 2.40992 1
0.572731 0.698786 19272 0
0.19654 -0.573113 2.3278 1
0.575363 0.793013 18616 0
0.178015 -0.622362 2.34543 1
0.567747 0.8158 18760 0
0.507177 -0.218197 2.46464 1
0.683679 0.605363 19712 0
0.540831 -0.443961 2.42765 1
0.698852 0.717646 19416 0
0.476635 -0.543862 2.2389 1
0.690023 0.7891 17904 0
0.462083 -0.605349 2.19275 1
0.688099 0.828556 17536 0
0.303269 -0.503072 2.41482 1
0.612098 0.747935 19312 0
0.298496 -0.655601 2.14601 1
0.624154 0.86358 17168 0
0.258881 -0.909357 2.16856 1
0.606557 0.999063 17344 0
0.258841 -0.939629 2.09492 1
0.610286 1.0338 16752 0
0.460136 -0.4985 2.4187 1
0.669808 0.745287 19344 0
0.466968 -0.640265 2.14584 1
0.694242 0.855103 17160 0
0.463389 -0.842041 2.13812 1
0.693449 0.968698 17104 0
0.463837 -0.869721 2.05834 1
0.701141 1.00287 16464 0
40
0.377111 -0.434247 2.42993 1
0.638526 0.712685 19432 0
0.373074 -0.382899 2.45986 1
0.635375 0.685253 19672 0
0.350079 -0.107528 2.4753 1
0.626239 0.551699 19800 0
0.356177 0.0776028 2.43734 1
0.630438 0.462107 19496 0
0.209178 -0.210197 2.46904 1
0.575621 0.601319 19752 0
0.197011 -0.404806 2.40831 1
0.573018 0.700044 19264 0
0.195735 -0.576694 2.32658 1
0.575094 0.794999 18608 0
0.175386 -0.629941 2.34436 1
0.566777 0.819792 18752 0
0.507029 -0.217809 2.46845 1
0.683342 0.605013 19744 0
0.54051 -0.443328 2.43052 1
0.698499 0.71708 19440 0
0.475388 -0.543509 2.24281 1
0.689196 0.788409 17936 0
0.460735 -0.605239 2.19693 1
0.687193 0.827872 17568 0
0.303968 -0.502851 2.41687 1
0.612261 0.747616 19328 0
0.298714 -0.654963 2.14733 1
0.624168 0.863003 17176 0
0.258085 -0.908746 2.16878 1
0.606219 0.998678 17344 0
0.258009 -0.938899 2.09502 1
0.609926 1.03336 16760 0
0.461059 -0.498116 2.42159 1
0.669945 0.744806 19368 0
0.466029 -0.639338 2.14886 1
0.693579 0.85409 17184 0
0.463322 -0.843554 2.14097 1
0.693164 0.968916 17120 0
0.463924 -0.870208 2.0602 1
0.700998 1.0027 16480 0
40
0.37775 -0.433994 2.43203 1
0.63864 0.712377 19456 0
0.373701 -0.382852 2.4632 1
0.635419 0.68498 19704 0
0.350326 -0.107146 2.47954 1
0.626112 0.551428 19832 0
0.356609 0.0783469 2.44262 1
0.630314 0.461827 19536 0
0.209094 -0.209818 2.4724 1
0.575488 0.600999 19776 0
0.19794 -0.409316 2.40562 1
0.573445 0.7025 19240 0
0.197478 -0.580658 2.321 1
0.575945 0.79774 18568 0
0.17683 -0.636993 2.33752 1
0.567524 0.824319 18696 0
0.50689 -0.217536 2.47183 1
0.683041 0.604738 19768 0
0.540282 -0.443018 2.43251 1
0.698253 0.71675 19456 0
0.47453 -0.543337 2.24602 1
0.688584 0.787905 17968 0
0.459817 -0.605244 2.20027 1
0.686536 0.827376 17600 0
0.304566 -0.502617 2.41845 1
0.612408 0.747339 19344 0
0.298839 -0.654445 2.14833 1
0.624163 0.862547 17184 0
0.257353 -0.908236 2.16881 1
0.605916 0.998391 17344 0
0.257257 -0.938287 2.09495 1
0.609609 1.03303 16752 0
0.461758 -0.497856 2.42369 1
0.670055 0.744466 19384 0
0.465311 -0.63887 2.15122 1
0.693069 0.853444 17208 0
0.463527 -0.844836 2.14302 1
0.693065 0.96918 17144 0
0.464175 -0.870912 2.06191 1
0.70094 1.00269 16488 0
40
0.378333 -0.433907 2.43377 1
0.638755 0.712182 19464 0
0.37428 -0.383043 2.46609 1
0.63547 0.684855 19728 0
0.350517 -0.107066 2.48328 1
0.62599 0.551312 19864 0
0.35701 0.0787666 2.44654 1
0.630251 0.461684 19568 0
0.208984 -0.20963 2.4751 1
0.575366 0.600798 19800 0
0.198519 -0.41316 2.40342 1
0.573727 0.704588 19224 0
0.20104 -0.583323 2.31548 1
0.577499 0.799821 18520 0
0.179036 -0.641281 2.33182 1
0.568533 0.8273 18648 0
0.506763 -0.21745 2.47444 1
0.682802 0.604586 19792 0
0.54011 -0.442795 2.43405 1
0.698064 0.716504 19472 0
0.47355 -0.543461 2.24825 1
0.688007 0.787684 17984 0
0.458814 -0.605484 2.20258 1
0.685934 0.827163 17616 0
0.305106 -0.502515 2.41981 1
0.612544 0.74715 19352 0
0.298925 -0.654001 2.14911 1
0.624153 0.86217 17192 0
0.256044 -0.907706 2.168 1
0.605417 0.998287 17336 0
0.255937 -0.937654 2.094 1
0.609096 1.03292 16744 0
0.462409 -0.497742 2.42531 1
0.670182 0.744248 19400 0
0.464762 -0.63867 2.15302 1
0.69268 0.853038 17224 0
0.46367 -0.845827 2.14434 1
0.693005 0.969439 17152 0
0.464354 -0.871665 2.06328 1
0.700884 1.00279 16504 0
40
0.37881 -0.433861 2.43512 1
0.638853 0.712043 19480 0
0.374735 -0.383319 2.46846 1
0.635504 0.684811 19744 0
0.350408 -0.107237 2.48682 1
0.625772 0.551321 19888 0
0.357314 0.0788474 2.44941 1
0.630209 0.46169 19592 0
0.208967 -0.209536 2.47724 1
0.575295 0.600666 19816 0
0.198919 -0.416525 2.40176 1
0.573927 0.706398 19208 0
0.206096 -0.584453 2.3089 1
0.579674 0.801258 18464 0
0.181915 -0.643283 2.32616 1
0.569804 0.829121 18608 0
0.506643 -0.217466 2.47656 1
0.682603 0.604504 19808 0
0.539952 -0.442668 2.43522 1
0.697911 0.716337 19480 0
0.473161 -0.541845 2.26139 1
0.686761 0.785162 18088 0
0.458408 -0.60478 2.20956 1
0.685182 0.825749 17672 0
0.305594 -0.502432 2.42086 1
0.612675 0.747001 19360 0
0.298972 -0.653639 2.14972 1
0.624137 0.861867 17192 0
0.255045 -0.907286 2.16734 1
0.605037 0.998206 17336 0
0.254948 -0.937147 2.09324 1
0.608714 1.03282 16744 0
0.462926 -0.497644 2.4265 1
0.670288 0.744079 19408 0
0.464376 -0.638523 2.15432 1
0.692403 0.852743 17232 0
0.463748 -0.846482 2.14523 1
0.692958 0.969609 17160 0
0.464472 -0.872289 2.06437 1
0.700829 1.00288 16512 0
40
0.37921 -0.433908 2.43625 1
0.638935 0.711967 19488 0
0.375075 -0.383719 2.47053 1
0.635513 0.684848 19760 0
0.350194 -0.107457 2.48961 1
0.625554 0.551368 19912 0
0.357529 0.0785167 2.45203 1
0.630148 0.461891 19616 0
0.208985 -0.209553 2.47896 1
0.575249 0.600604 19824 0
0.199139 -0.419069 2.40062 1
0.574043 0.707756 19200 0
0.210072 -0.584721 2.30401 1
0.581384 0.802035 18432 0
0.18351 -0.643736 2.32297 1
0.570513 0.829804 18576 0
0.506504 -0.217659 2.47843 1
0.682415 0.604518 19824 0
0.539739 -0.44263 2.43619 1
0.697754 0.716233 19488 0
0.47302 -0.541077 2.26746 1
0.686206 0.783996 18136 0
0.45831 -0.603994 2.21611 1
0.684596 0.824364 17728 0
0.306006 -0.502399 2.4217 1
0.612788 0.7469 19368 0
0.298973 -0.653337 2.15022 1
0.624109 0.861616 17200 0
0.254231 -0.906979 2.1667 1
0.604733 0.998186 17328 0
0.254172 -0.936774 2.09252 1
0.608421 1.03279 16736 0
0.463383 -0.497623 2.4275 1
0.670386 0.743968 19416 0
0.464104 -0.638367 2.15528 1
0.692206 0.852501 17240 0
0.463798 -0.846889 2.14586 1
0.692922 0.969698 17160 0
0.464569 -0.87276 2.06527 1
0.700784 1.00293 16520 0
40
0.379555 -0.433979 2.4372 1
0.639007 0.711919 19496 0
0.375323 -0.384144 2.47235 1
0.635503 0.684917 19776 0
0.349953 -0.107679 2.49183 1
0.625356 0.551429 19928 0
0.35759 0.0780804 2.45435 1
0.630048 0.462139 19632 0
0.208994 -0.209604 2.48033 1
0.57521 0.600573 19840 0
0.199282 -0.420938 2.39981 1
0.574122 0.708754 19192 0
0.212784 -0.584726 2.30072 1
0.582552 0.802469 18400 0
0.184835 -0.643432 2.32047 1
0.571099 0.830004 18560 0
0.506407 -0.21793 2.48028 1
0.682244 0.60457 19840 0
0.539379 -0.442656 2.43698 1
0.697559 0.716176 19488 0
0.475422 -0.541288 2.27345 1
0.686658 0.783358 18184 0
0.461091 -0.604242 2.22293 1
0.685146 0.823503 17776 0
0.306361 -0.502385 2.42239 1
0.612887 0.746823 19376 0
0.298958 -0.653091 2.15061 1
0.62408 0.861413 17200 0
0.253553 -0.906728 2.16612 1
0.604481 0.99818 17328 0
0.253567 -0.936474 2.09189 1
0.608195 1.03278 16728 0
0.463812 -0.497631 2.42836 1
0.670484 0.743886 19424 0
0.46389 -0.638279 2.15607 1
0.692047 0.852323 17248 0
0.463925 -0.847231 2.14651 1
0.692916 0.969745 17168 0
0.446236 -0.892597 2.14011 1
0.686115 0.996376 17120 0
40
0.37983 -0.434087 2.43799 1
0.639063 0.711903 19496 0
0.375481 -0.384606 2.47392 1
0.635474 0.685021 19784 0
0.349719 -0.1079 2.49358 1
0.625184 0.551498 19944 0
0.357568 0.0775799 2.45634 1
0.629934 0.462412 19648 0
0.209019 -0.209681 2.48141 1
0.575187 0.600566 19848 0
0.199376 -0.422278 2.39922 1
0.574175 0.709469 19192 0
0.214531 -0.584665 2.29859 1
0.583307 0.802718 18384 0
0.185709 -0.642571 2.31876 1
0.571488 0.829806 18544 0
0.506331 -0.218254 2.48189 1
0.682098 0.604658 19848 0
0.538953 -0.442733 2.43762 1
0.697351 0.716157 19496 0
0.475599 -0.540937 2.27764 1
0.686385 0.782654 18216 0
0.461292 -0.603805 2.22789 1
0.684814 0.822548 17816 0
0.306644 -0.502389 2.42291 1
0.612967 0.746771 19376 0
0.298945 -0.652893 2.15092 1
0.624057 0.861252 17200 0
0.253016 -0.906531 2.16565 1
0.604283 0.998181 17320 0
0.253109 -0.936239 2.09138 1
0.608026 1.03278 16728 0
0.46418 -0.497692 2.42909 1
0.670567 0.743842 19432 0
0.463734 -0.638134 2.15662 1
0.691933 0.852153 17248 0
0.463993 -0.847403 2.14684 1
0.692915 0.969769 17168 0
0.450058 -0.890129 2.12935 1
0.688658 0.997505 17032 0
40
0.380031 -0.434219 2.43867 1
0.639098 0.711909 19504 0
0.375524 -0.385095 2.47534 1
0.635412 0.685151 19800 0
0.349294 -0.108092 2.49522 1
0.62495 0.551556 19960 0
0.35746 0.0771014 2.4579 1
0.629813 0.462667 19656 0
0.209044 -0.20977 2.48227 1
0.57517 0.600574 19856 0
0.199435 -0.423219 2.39883 1
0.574209 0.709971 19184 0
0.21579 -0.584502 2.29711 1
0.58385 0.802829 18376 0
0.186455 -0.641329 2.31749 1
0.571814 0.829348 18536 0
0.506245 -0.218547 2.48321 1
0.681971 0.604743 19864 0
0.538414 -0.442907 2.43814 1
0.697112 0.716195 19504 0
0.475708 -0.540699 2.28056 1
0.686189 0.782167 18240 0
0.461404 -0.603492 2.2314 1
0.684568 0.821874 17848 0
0.306867 -0.5024 2.42332 1
0.61303 0.746735 19384 0
0.298928 -0.652728 2.15116 1
0.624036 0.86112 17208 0
0.252579 -0.906366 2.16523 1
0.604123 0.998187 17320 0
0.252748 -0.936043 2.09094 1
0.607895 1.03278 16720 0
0.464468 -0.497778 2.42971 1
0.67063 0.743823 19432 0
0.463623 -0.638012 2.15704 1
0.691849 0.852017 17256 0
0.464077 -0.847475 2.14699 1
0.692937 0.969776 17168 0
0.454192 -0.886977 2.11626 1
0.691569 0.998811 16928 0
40
0.380171 -0.434354 2.43921 1
0.639118 0.711927 19512 0
0.37549 -0.385559 2.47656 1
0.635333 0.685282 19808 0
0.348824 -0.108214 2.4966 1
0.624713 0.551586 19968 0
0.357315 0.0765995 2.45941 1
0.62968 0.462933 19672 0
0.209075 -0.209868 2.48298 1
0.575159 0.600592 19856 0
0.199472 -0.423905 2.39854 1
0.574232 0.710336 19184 0
0.2167 -0.584315 2.29608 1
0.584242 0.802868 18368 0
0.187068 -0.63998 2.31658 1
0.572079 0.828785 18528 0
0.50618 -0.218813 2.48435 1
0.681863 0.604822 19872 0
0.537919 -0.443091 2.43853 1
0.696898 0.71625 19504 0
0.475267 -0.540565 2.28362 1
0.685766 0.781719 18264 0
0.461178 -0.603308 2.2343 1
0.684239 0.821359 17872 0
0.307034 -0.502414 2.42364 1
0.613077 0.74671 19384 0
0.298906 -0.6526 2.15136 1
0.624015 0.861016 17208 0
0.252305 -0.906251 2.165 1
0.604021 0.998177 17312 0
0.252524 -0.935906 2.09069 1
0.607812 1.03276 16720 0
0.46469 -0.497877 2.43021 1
0.670676 0.74382 19440 0
0.463555 -0.637838 2.15735 1
0.691794 0.85187 17256 0
0.464152 -0.847214 2.14644 1
0.693017 0.969751 17168 0
0.457937 -0.883095 2.10136 1
0.694517 1.00015 16808 0
40
0.380268 -0.43446 2.4397 1
0.639126 0.711936 19512 0
0.375407 -0.385945 2.47768 1
0.635242 0.685385 19816 0
0.34836 -0.1083 2.49776 1
0.624489 0.551602 19976 0
0.357235 0.0762153 2.46055 1
0.629591 0.463136 19680 0
0.209077 -0.209935 2.48361 1
0.575141 0.600599 19864 0
0.199494 -0.424418 2.39834 1
0.574246 0.710608 19184 0
0.217352 -0.584129 2.29535 1
0.584522 0.802867 18360 0
0.187515 -0.638623 2.31596 1
0.57227 0.828176 18520 0
0.5061 -0.219059 2.48528 1
0.681767 0.604901 19880 0
0.537423 -0.443288 2.43884 1
0.696692 0.716319 19504 0
0.474492 -0.540569 2.28595 1
0.685275 0.781435 18280 0
0.46027 -0.603255 2.23711 1
0.683645 0.820927 17896 0
0.307172 -0.502417 2.42389 1
0.613115 0.746685 19384 0
0.298887 -0.652494 2.15153 1
0.623998 0.86093 17208 0
0.252088 -0.90616 2.1648 1
0.603941 0.998173 17312 0
0.252351 -0.935796 2.09048 1
0.607749 1.03276 16720 0
0.46486 -0.497954 2.43068 1
0.670706 0.743812 19440 0
0.463509 -0.637628 2.15762 1
0.69175 0.851709 17256 0
0.464244 -0.846914 2.14608 1
0.693088 0.969664 17168 0
0.460622 -0.880125 2.0911 1
0.696618 1.00091 16728 0
40
0.380327 -0.434578 2.44014 1
0.639122 0.711956 19520 0
0.375294 -0.386307 2.47868 1
0.635147 0.685484 19824 0
0.347967 -0.108364 2.49865 1
0.624304 0.551615 19984 0
0.357123 0.0758478 2.46146 1
0.629503 0.463327 19688 0
0.209059 -0.210023 2.48416 1
0.575118 0.600619 19872 0
0.199505 -0.424798 2.39819 1
0.574255 0.71081 19184 0
0.217824 -0.58394 2.29488 1
0.584723 0.802832 18352 0
0.187842 -0.637354 2.31558 1
0.572408 0.827577 18520 0
0.506024 -0.219267 2.48601 1
0.681686 0.604969 19888 0
0.537019 -0.443454 2.43911 1
0.696522 0.716376 19512 0
0.473793 -0.540572 2.28774 1
0.684857 0.781215 18296 0
0.459452 -0.603201 2.23931 1
0.683138 0.820583 17912 0
0.307282 -0.502434 2.42412 1
0.613145 0.74667 19392 0
0.298872 -0.652409 2.15165 1
0.623984 0.860861 17208 0
0.25192 -0.906086 2.16463 1
0.60388 0.99817 17312 0
0.25222 -0.935706 2.09029 1
0.607702 1.03275 16720 0
0.464987 -0.498044 2.43109 1
0.670724 0.743814 19448 0
0.463489 -0.637368 2.15784 1
0.691723 0.851531 17256 0
0.464382 -0.846408 2.14532 1
0.693213 0.969549 17160 0
0.462666 -0.87769 2.08285 1
0.698273 1.00151 16656 0
40
0.380358 -0.434688 2.44051 1
0.639112 0.711978 19520 0
0.375156 -0.386629 2.47954 1
0.63505 0.685574 19832 0
0.347587 -0.108416 2.49936 1
0.624133 0.551624 19992 0
0.357019 0.0755276 2.46226 1
0.629423 0.463494 19696 0
0.209036 -0.210107 2.4846 1
0.575096 0.600641 19872 0
0.199504 -0.425094 2.39808 1
0.574258 0.710967 19184 0
0.218166 -0.583757 2.29456 1
0.584867 0.802779 18352 0
0.199964 -0.636863 2.30071 1
0.577579 0.82944 18400 0
0.505943 -0.219469 2.48662 1
0.681612 0.60504 19888 0
0.536675 -0.443587 2.43935 1
0.696377 0.71642 19512 0
0.472076 -0.54059 2.28981 1
0.684021 0.780971 18312 0
0.457571 -0.603137 2.24184 1
0.682183 0.820188 17928 0
0.307368 -0.502451 2.4243 1
0.613169 0.74666 19392 0
0.298858 -0.65234 2.15176 1
0.623972 0.860806 17208 0
0.251787 -0.906026 2.16449 1
0.603832 0.99817 17312 0
0.252122 -0.935635 2.09014 1
0.607668 1.03275 16720 0
0.465081 -0.498129 2.43143 1
0.670734 0.743821 19448 0
0.46348 -0.637114 2.158 1
0.691705 0.851365 17256 0
0.464529 -0.845925 2.14464 1
0.693335 0.969428 17152 0
0.464128 -0.87595 2.07712 1
0.699448 1.00189 16616 0
40
0.38036 -0.434801 2.44083 1
0.639095 0.712005 19520 0
0.375002 -0.386922 2.48029 1
0.634953 0.685658 19840 0
0.347259 -0.108454 2.4999 1
0.623989 0.551632 19992 0
0.356921 0.075248 2.46289 1
0.629354 0.463638 19696 0
0.208994 -0.210203 2.48496 1
0.57507 0.600673 19872 0
0.199496 -0.425314 2.398 1
0.574257 0.711083 19184 0
0.2184 -0.583554 2.29439 1
0.584965 0.802696 18352 0
0.206874 -0.636541 2.292 1
0.580565 0.830524 18336 0
0.505861 -0.219649 2.48711 1
0.681547 0.605105 19896 0
0.536336 -0.443713 2.43955 1
0.696237 0.716464 19512 0
0.471056 -0.540626 2.29113 1
0.683517 0.780827 18328 0
0.456456 -0.603116 2.24347 1
0.681607 0.819944 17944 0
0.307429 -0.502477 2.42446 1
0.613184 0.746657 19392 0
0.298844 -0.652287 2.15184 1
0.623962 0.860762 17208 0
0.251682 -0.90598 2.16438 1
0.603794 0.998171 17312 0
0.252047 -0.935579 2.09002 1
0.607643 1.03275 16720 0
0.465145 -0.498217 2.43173 1
0.670737 0.743835 19448 0
0.463481 -0.636888 2.15812 1
0.691695 0.851221 17264 0
0.464674 -0.845501 2.14405 1
0.693449 0.969322 17152 0
0.465166 -0.87473 2.07311 1
0.700281 1.00216 16584 0
40
0.380345 -0.43491 2.44111 1
0.639073 0.712034 19528 0
0.374839 -0.387183 2.48095 1
0.634859 0.685733 19840 0
0.346974 -0.108487 2.50032 1
0.623867 0.551639 20000 0
0.356828 0.0750141 2.46339 1
0.629294 0.463759 19704 0
0.208928 -0.210325 2.48526 1
0.575037 0.600719 19880 0
0.199481 -0.425482 2.39795 1
0.574253 0.71117 19176 0
0.218617 -0.583299 2.29426 1
0.585054 0.802581 18352 0
0.211025 -0.636078 2.28675 1
0.58237 0.831043 18288 0
0.505783 -0.219802 2.48752 1
0.681489 0.605162 19896 0
0.536034 -0.443822 2.43971 1
0.696114 0.716503 19512 0
0.470199 -0.540668 2.29213 1
0.683103 0.780727 18336 0
0.455534 -0.60311 2.2447 1
0.681141 0.819765 17952 0
0.307471 -0.50251 2.42461 1
0.613192 0.746658 19392 0
0.298847 -0.652215 2.15193 1
0.623958 0.860708 17208 0
0.251588 -0.90592 2.16426 1
0.603761 0.998164 17312 0
0.251985 -0.935511 2.0899 1
0.607623 1.03274 16712 0
0.465189 -0.498302 2.43198 1
0.670735 0.743852 19448 0
0.46347 -0.636755 2.15822 1
0.691681 0.851131 17264 0
0.46484 -0.845154 2.14307 1
0.693607 0.969346 17144 0
0.465951 -0.873906 2.0698 1
0.70094 1.00249 16552 0
40
0.380308 -0.435037 2.44137 1
0.639045 0.712072 19528 0
0.374668 -0.387439 2.48155 1
0.634765 0.685812 19848 0
0.346726 -0.108519 2.50065 1
0.623762 0.551647 20000 0
0.356716 0.0747732 2.46384 1
0.62923 0.463882 19704 0
0.208842 -0.210458 2.48551 1
0.574999 0.600773 19880 0
0.199448 -0.425641 2.39792 1
0.574242 0.711253 19176 0
0.218901 -0.582983 2.29406 1
0.585172 0.802443 18352 0
0.214679 -0.635556 2.2821 1
0.583967 0.831445 18256 0
0.505701 -0.219942 2.48785 1
0.681436 0.605215 19896 0
0.535649 -0.443927 2.43985 1
0.695962 0.716542 19512 0
0.469774 -0.540617 2.29266 1
0.682895 0.780636 18336 0
0.455121 -0.603062 2.2454 1
0.68092 0.81964 17960 0
0.307492 -0.502566 2.42476 1
0.613193 0.74667 19392 0
0.29886 -0.652156 2.15199 1
0.62396 0.860665 17208 0
0.251507 -0.90586 2.16416 1
0.603732 0.998155 17312 0
0.251935 -0.935445 2.08979 1
0.607607 1.03273 16712 0
0.465214 -0.498403 2.4322 1
0.670729 0.743878 19456 0
0.463453 -0.636618 2.1583 1
0.691667 0.851042 17264 0
0.464972 -0.844847 2.14238 1
0.693724 0.969325 17136 0
0.466499 -0.873304 2.06756 1
0.701394 1.00269 16536 0
40
0.380261 -0.435162 2.44161 1
0.639014 0.712113 19528 0
0.37449 -0.387669 2.48209 1
0.634672 0.685882 19856 0
0.346481 -0.108537 2.50089 1
0.623662 0.551651 20000 0
0.356564 0.0745123 2.46428 1
0.629152 0.464014 19712 0
0.208756 -0.210598 2.48568 1
0.574963 0.600833 19880 0
0.199408 -0.425771 2.39789 1
0.574228 0.711319 19176 0
0.218997 -0.582828 2.29402 1
0.585211 0.802368 18352 0
0.217142 -0.635461 2.27916 1
0.58504 0.831823 18232 0
0.50562 -0.220058 2.48813 1
0.681387 0.605259 19904 0
0.535281 -0.444026 2.43996 1
0.695818 0.71658 19512 0
0.469452 -0.540571 2.29304 1
0.68274 0.780565 18344 0
0.454791 -0.602999 2.2459 1
0.680749 0.819536 17960 0
0.307504 -0.502629 2.4249 1
0.613191 0.746687 19392 0
0.298874 -0.652104 2.15205 1
0.623962 0.860627 17216 0
0.251347 -0.905779 2.16399 1
0.603674 0.998149 17304 0
0.251834 -0.935363 2.08963 1
0.607572 1.03273 16712 0
0.465227 -0.49851 2.43243 1
0.670718 0.743909 19456 0
0.463441 -0.636434 2.15836 1
0.691657 0.850931 17264 0
0.465095 -0.8445 2.14173 1
0.693834 0.969274 17128 0
0.46691 -0.872825 2.06591 1
0.701733 1.00282 16520 0
40
0.380204 -0.4353 2.44184 1
0.63898 0.71216 19528 0
0.374292 -0.387889 2.48258 1
0.634574 0.68595 19856 0
0.346262 -0.108546 2.50108 1
0.623575 0.551651 20008 0
0.356393 0.0742702 2.46461 1
0.629073 0.464136 19712 0
0.208658 -0.210737 2.48567 1
0.574928 0.6009 19880 0
0.199334 -0.425866 2.3979 1
0.5742 0.711366 19176 0
0.219059 -0.582652 2.29407 1
0.585233 0.802271 18352 0
0.218671 -0.635346 2.27736 1
0.585706 0.832025 18216 0
0.50554 -0.220164 2.48836 1
0.681341 0.605299 19904 0
0.534928 -0.444117 2.44007 1
0.69568 0.716615 19520 0
0.469143 -0.540472 2.29326 1
0.682602 0.780487 18344 0
0.45448 -0.602883 2.24622 1
0.680599 0.819428 17968 0
0.307505 -0.502711 2.42505 1
0.613184 0.746712 19400 0
0.298889 -0.652057 2.15209 1
0.623966 0.860593 17216 0
0.251196 -0.905698 2.16383 1
0.60362 0.998142 17304 0
0.251766 -0.935286 2.08948 1
0.60755 1.03272 16712 0
0.46523 -0.498644 2.43267 1
0.670702 0.743949 19456 0
0.463433 -0.636236 2.15842 1
0.691649 0.850813 17264 0
0.465204 -0.844205 2.14128 1
0.69392 0.96921 17128 0
0.467232 -0.872472 2.06475 1
0.701985 1.00289 16512 0
40
0.380147 -0.435428 2.44209 1
0.638945 0.712201 19536 0
0.374065 -0.388079 2.48306 1
0.634467 0.686006 19864 0
0.346047 -0.108547 2.5012 1
0.623492 0.551649 20008 0
0.356168 0.0740359 2.46485 1
0.628978 0.464253 19712 0
0.208367 -0.211078 2.485 1
0.574844 0.60109 19872 0
0.199219 -0.425937 2.39792 1
0.574157 0.7114 19176 0
0.219083 -0.582477 2.29417 1
0.585239 0.802166 18352 0
0.219789 -0.635263 2.27607 1
0.586194 0.83217 18208 0
0.505464 -0.220252 2.48856 1
0.681299 0.605333 19904 0
0.534503 -0.444232 2.44015 1
0.695518 0.716664 19520 0
0.468854 -0.54036 2.29334 1
0.682483 0.78042 18344 0
0.454196 -0.602756 2.24639 1
0.680473 0.819337 17968 0
0.30751 -0.502802 2.4252 1
0.613179 0.746741 19400 0
0.298922 -0.651997 2.15212 1
0.623978 0.860554 17216 0
0.250678 -0.905526 2.16328 1
0.603433 0.998174 17304 0
0.251504 -0.935129 2.08901 1
0.607463 1.03275 16712 0
0.465237 -0.498772 2.43312 1
0.670673 0.743967 19464 0
0.46341 -0.636021 2.15862 1
0.691621 0.850661 17264 0
0.465289 -0.844007 2.14105 1
0.693977 0.96915 17128 0
0.467502 -0.872212 2.06395 1
0.70218 1.00294 16504 0
40
0.380098 -0.435559 2.44237 1
0.638911 0.712241 19536 0
0.373817 -0.388248 2.48352 1
0.634352 0.686052 19864 0
0.345782 -0.108534 2.50126 1
0.623395 0.551642 20008 0
0.355954 0.073828 2.46505 1
0.628891 0.464356 19720 0
0.207874 -0.211365 2.48357 1
0.57471 0.601286 19864 0
0.199057 -0.425961 2.39793 1
0.574096 0.711411 19176 0
0.219094 -0.582282 2.29431 1
0.585238 0.802046 18352 0
0.21991 -0.635571 2.27705 1
0.586204 0.832188 18216 0
0.505371 -0.220327 2.48874 1
0.681253 0.605361 19904 0
0.533942 -0.444387 2.44014 1
0.695314 0.71674 19520 0
0.468641 -0.540197 2.29314 1
0.682416 0.780359 18344 0
0.45399 -0.602575 2.24629 1
0.680399 0.819256 17968 0
0.307535 -0.502905 2.42537 1
0.61318 0.746775 19400 0
0.298955 -0.651943 2.15215 1
0.62399 0.86052 17216 0
0.250184 -0.905356 2.16279 1
0.603252 0.998194 17296 0
0.251311 -0.934985 2.08861 1
0.607401 1.03277 16704 0
0.465287 -0.498935 2.43384 1
0.670641 0.743975 19464 0
0.463382 -0.635804 2.15902 1
0.691574 0.850476 17272 0
0.465358 -0.843856 2.14093 1
0.694016 0.969092 17120 0
0.467771 -0.872021 2.06345 1
0.702345 1.00295 16504 0
40
0.380039 -0.435743 2.44271 1
0.63887 0.712301 19536 0
0.37353 -0.388439 2.48402 1
0.634222 0.686106 19872 0
0.345504 -0.108519 2.50127 1
0.623295 0.551634 20008 0
0.355734 0.0736374 2.46519 1
0.628804 0.46445 19720 0
0.207258 -0.211532 2.48165 1
0.574546 0.601444 19848 0
0.198801 -0.425936 2.39787 1
0.574003 0.711403 19176 0
0.21915 -0.581929 2.29426 1
0.585261 0.80187 18352 0
0.220198 -0.635578 2.27728 1
0.586308 0.832158 18216 0
0.505277 -0.220392 2.4889 1
0.681208 0.605386 19904 0
0.533291 -0.444544 2.44002 1
0.695086 0.716827 19520 0
0.468492 -0.539954 2.29264 1
0.682398 0.780293 18336 0
0.453848 -0.602311 2.24588 1
0.680376 0.819173 17960 0
0.307557 -0.503081 2.4256 1
0.613177 0.746837 19400 0
0.298998 -0.651893 2.15218 1
0.624006 0.860487 17216 0
0.249545 -0.905178 2.16215 1
0.603019 0.998243 17296 0
0.25106 -0.934833 2.08809 1
0.60732 1.03282 16704 0
0.46536 -0.499208 2.43474 1
0.670604 0.744018 19472 0
0.463363 -0.635448 2.15944 1
0.691529 0.850212 17272 0
0.465604 -0.843449 2.1414 1
0.694076 0.968763 17128 0
0.451236 -0.889827 2.13148 1
0.688962 0.996839 17048 0
40
0.379986 -0.435936 2.44306 1
0.638831 0.712364 19544 0
0.373226 -0.388615 2.48449 1
0.634088 0.686155 19872 0
0.345147 -0.108477 2.50119 1
0.623172 0.551616 20008 0
0.355475 0.0735011 2.46528 1
0.628705 0.464517 19720 0
0.206493 -0.211474 2.479 1
0.57435 0.601525 19832 0
0.198458 -0.425867 2.39768 1
0.573881 0.711385 19176 0
0.219181 -0.581724 2.29426 1
0.585273 0.801763 18352 0
0.220214 -0.635682 2.27786 1
0.586292 0.832129 18216 0
0.505181 -0.220449 2.48904 1
0.681163 0.605407 19912 0
0.532752 -0.444688 2.4399 1
0.694897 0.716908 19512 0
0.468422 -0.539728 2.2921 1
0.682414 0.780243 18336 0
0.453786 -0.602063 2.24541 1
0.680389 0.819109 17960 0
0.307591 -0.503289 2.42587 1
0.613177 0.746912 19400 0
0.299148 -0.651731 2.15223 1
0.624065 0.860389 17216 0
0.248647 -0.904813 2.1612 1
0.602693 0.998261 17288 0
0.250696 -0.934525 2.0873 1
0.607206 1.03284 16696 0
0.465454 -0.4995 2.43564 1
0.670576 0.74407 19480 0
0.463358 -0.635064 2.15977 1
0.691498 0.849948 17272 0
0.465845 -0.842974 2.14197 1
0.694125 0.968375 17128 0
0.441865 -0.900052 2.17117 1
0.681656 0.993362 17368 0
40
0.379945 -0.436114 2.44341 1
0.638797 0.712421 19544 0
0.372925 -0.388762 2.48494 1
0.633955 0.686192 19872 0
0.344571 -0.108363 2.50097 1
0.622977 0.551566 20000 0
0.355227 0.073423 2.4653 1
0.628615 0.464555 19720 0
0.205744 -0.2112 2.4763 1
0.574161 0.601504 19808 0
0.197977 -0.425666 2.3972 1
0.573716 0.711328 19176 0
0.219171 -0.581538 2.29424 1
0.585271 0.80167 18352 0
0.219963 -0.635809 2.27864 1
0.586164 0.83208 18224 0
0.505059 -0.220491 2.48916 1
0.68111 0.605422 19912 0
0.532257 -0.444857 2.43979 1
0.694726 0.717001 19512 0
0.468171 -0.539612 2.29174 1
0.682344 0.780226 18328 0
0.453549 -0.601927 2.24511 1
0.680319 0.81908 17960 0
0.307651 -0.50349 2.42614 1
0.613187 0.746983 19408 0
0.299315 -0.651551 2.15229 1
0.624132 0.86028 17216 0
0.247829 -0.904454 2.16034 1
0.602396 0.99826 17280 0
0.250395 -0.934223 2.08659 1
0.607113 1.03285 16688 0
0.465583 -0.499761 2.43661 1
0.670555 0.744101 19488 0
0.463352 -0.634707 2.16004 1
0.691471 0.849707 17280 0
0.466102 -0.842511 2.1426 1
0.694175 0.96798 17136 0
0.438369 -0.903778 2.18557 1
0.679031 0.992142 17480 0
40
0.379869 -0.436291 2.44374 1
0.63875 0.712478 19544 0
0.372549 -0.3889 2.48537 1
0.633797 0.686225 19880 0
0.343662 -0.108152 2.50062 1
0.62267 0.551473 20000 0
0.354916 0.0733347 2.46525 1
0.628504 0.464597 19720 0
0.205028 -0.210744 2.47383 1
0.573977 0.601386 19784 0
0.197277 -0.425231 2.39636 1
0.573481 0.711186 19168 0
0.219152 -0.581376 2.29424 1
0.585263 0.801586 18352 0
0.219552 -0.635949 2.27968 1
0.585964 0.832002 18232 0
0.504907 -0.220531 2.48928 1
0.681047 0.605436 19912 0
0.531826 -0.445003 2.43967 1
0.694577 0.717082 19512 0
0.467843 -0.53961 2.29013 1
0.682345 0.780422 18320 0
0.45324 -0.601888 2.24357 1
0.680319 0.819277 17944 0
0.30768 -0.503678 2.42639 1
0.613186 0.74705 19408 0
0.299476 -0.651397 2.15234 1
0.624196 0.860187 17216 0
0.246852 -0.904102 2.15935 1
0.602039 0.998295 17272 0
0.249985 -0.933921 2.08574 1
0.606981 1.0329 16680 0
0.465653 -0.500011 2.43745 1
0.670522 0.744138 19496 0
0.463346 -0.634346 2.16019 1
0.691455 0.849484 17280 0
0.466284 -0.842012 2.14328 1
0.694189 0.967553 17144 0
0.436104 -0.906095 2.19457 1
0.677376 0.991379 17552 0
