77 20
40
0.313865 -0.402911 2.52954 1
0.610753 0.689566 20232 0
0.311882 -0.36188 2.5644 1
0.608557 0.667946 20512 0
0.300513 -0.130716 2.55622 1
0.604934 0.560859 20448 0
0.304443 0.0533042 2.52521 1
0.607612 0.474878 20200 0
0.171429 -0.204167 2.55938 1
0.559787 0.594939 20472 0
0.134876 -0.370945 2.50224 1
0.548113 0.67643 20016 0
0.148121 -0.521776 2.41603 1
0.554723 0.757025 19328 0
0.13666 -0.568687 2.39202 1
0.550995 0.782945 19136 0
0.43454 -0.212405 2.55645 1
0.651721 0.598883 20448 0
0.467342 -0.401541 2.51254 1
0.666026 0.6902 20096 0
0.412182 -0.522363 2.39976 1
0.653312 0.759059 19192 0
0.37635 -0.551685 2.3323 1
0.644033 0.781513 18656 0
0.240222 -0.460507 2.52007 1
0.585085 0.717478 20160 0
0.165402 -0.617943 2.23556 1
0.56604 0.828969 17880 0
0.150774 -0.833825 2.17528 1
0.561868 0.956197 17400 0
0.150489 -0.863299 2.10398 1
0.563844 0.988329 16824 0
0.3932 -0.461549 2.5232 1
0.639096 0.7177 20184 0
0.428216 -0.613423 2.25801 1
0.669274 0.823316 18064 0
0.441425 -0.825785 2.18487 1
0.680337 0.949816 17472 0
0.441076 -0.855359 2.11365 1
0.686266 0.981624 16904 0
40
0.313828 -0.402776 2.52949 1
0.610742 0.689506 20232 0
0.31184 -0.361741 2.56432 1
0.608546 0.667888 20512 0
0.300403 -0.130731 2.55597 1
0.604906 0.560872 20440 0
0.304413 0.0532766 2.52507 1
0.607608 0.474889 20200 0
0.171449 -0.204109 2.55937 1
0.559794 0.594912 20472 0
0.134864 -0.370864 2.50227 1
0.548108 0.67639 20016 0
0.147794 -0.52172 2.41606 1
0.554601 0.756994 19328 0
0.135644 -0.568525 2.39209 1
0.550615 0.782856 19136 0
0.434539 -0.212425 2.55642 1
0.651723 0.598893 20448 0
0.467272 -0.405781 2.5117 1
0.666056 0.692272 20088 0
0.411485 -0.523264 2.39816 1
0.653154 0.759678 19184 0
0.375457 -0.552771 2.33104 1
0.643769 0.78222 18648 0
0.240197 -0.460375 2.52009 1
0.585076 0.717414 20160 0
0.165406 -0.617882 2.23557 1
0.566042 0.828935 17880 0
0.150764 -0.833857 2.17526 1
0.561864 0.956219 17400 0
0.150469 -0.863347 2.10396 1
0.563835 0.988359 16824 0
0.393192 -0.461498 2.52317 1
0.639095 0.717679 20184 0
0.428211 -0.613451 2.25803 1
0.669271 0.823327 18064 0
0.441392 -0.825812 2.18487 1
0.680323 0.949829 17472 0
0.441028 -0.855398 2.11366 1
0.686245 0.981642 16904 0
40
0.313802 -0.40267 2.52944 1
0.610735 0.68946 20232 0
0.311808 -0.361629 2.56424 1
0.608538 0.667841 20512 0
0.300298 -0.130757 2.55574 1
0.604879 0.560889 20440 0
0.304356 0.0532417 2.52492 1
0.607594 0.474904 20192 0
0.171469 -0.204056 2.55937 1
0.559801 0.594887 20472 0
0.134858 -0.370788 2.50229 1
0.548105 0.676352 20016 0
0.147529 -0.521655 2.41606 1
0.554503 0.756961 19328 0
0.13485 -0.568315 2.39198 1
0.550321 0.782765 19128 0
0.43453 -0.212472 2.55636 1
0.651723 0.598917 20448 0
0.467352 -0.405725 2.5119 1
0.666072 0.69223 20088 0
0.411198 -0.522632 2.39747 1
0.653092 0.759439 19176 0
0.374654 -0.552063 2.33017 1
0.643515 0.781964 18640 0
0.240185 -0.460273 2.5201 1
0.585071 0.717365 20160 0
0.16541 -0.617838 2.23557 1
0.566043 0.828912 17880 0
0.150755 -0.833886 2.17524 1
0.561861 0.956239 17400 0
0.150449 -0.86339 2.10395 1
0.563827 0.988387 16824 0
0.393189 -0.461459 2.52314 1
0.639095 0.717663 20184 0
0.428207 -0.613476 2.25805 1
0.669267 0.823337 18064 0
0.441362 -0.825835 2.18487 1
0.680311 0.949842 17472 0
0.440983 -0.855432 2.11367 1
0.686225 0.981661 16904 0
40
0.313778 -0.40257 2.52939 1
0.610729 0.689416 20232 0
0.31178 -0.361526 2.56416 1
0.608532 0.667798 20512 0
0.300194 -0.130782 2.55554 1
0.604851 0.560906 20440 0
0.30429 0.053208 2.52477 1
0.607577 0.474919 20192 0
0.17148 -0.203998 2.55937 1
0.559805 0.594861 20472 0
0.134852 -0.370701 2.50231 1
0.548103 0.676309 20016 0
0.146039 -0.521227 2.41552 1
0.553965 0.756808 19320 0
0.134302 -0.568116 2.3908 1
0.550141 0.782804 19120 0
0.434492 -0.212571 2.55627 1
0.651715 0.598967 20448 0
0.467364 -0.403803 2.51248 1
0.666038 0.691276 20096 0
0.410952 -0.520835 2.39725 1
0.653014 0.758571 19176 0
0.373515 -0.551547 2.32895 1
0.643153 0.781848 18624 0
0.240175 -0.460179 2.52011 1
0.585067 0.71732 20160 0
0.165412 -0.6178 2.23556 1
0.566044 0.828893 17880 0
0.150745 -0.833916 2.17522 1
0.561858 0.95626 17400 0
0.150424 -0.863436 2.10394 1
0.563817 0.988416 16824 0
0.393186 -0.461417 2.52311 1
0.639096 0.717645 20184 0
0.428198 -0.613509 2.25807 1
0.669263 0.823352 18064 0
0.441324 -0.825842 2.18486 1
0.680297 0.949849 17472 0
0.440925 -0.855447 2.11365 1
0.686202 0.981672 16904 0
40
0.313749 -0.402483 2.52935 1
0.61072 0.689379 20232 0
0.311751 -0.361433 2.56409 1
0.608525 0.66776 20512 0
0.300109 -0.130799 2.55537 1
0.604828 0.560918 20440 0
0.304223 0.0531753 2.52463 1
0.607559 0.474933 20192 0
0.17149 -0.203943 2.55937 1
0.559808 0.594835 20472 0
0.134846 -0.370617 2.50233 1
0.5481 0.676268 20016 0
0.144578 -0.520844 2.41505 1
0.553435 0.756669 19320 0
0.133853 -0.568003 2.38988 1
0.549993 0.782857 19112 0
0.434461 -0.212688 2.55618 1
0.65171 0.599025 20448 0
0.467164 -0.401211 2.51304 1
0.66593 0.690006 20104 0
0.411069 -0.519636 2.39747 1
0.653044 0.757952 19176 0
0.372714 -0.551264 2.3281 1
0.642899 0.781807 18624 0
0.24015 -0.460095 2.52012 1
0.585058 0.717279 20160 0
0.165414 -0.617766 2.23555 1
0.566045 0.828876 17880 0
0.150736 -0.833944 2.1752 1
0.561855 0.956279 17400 0
0.150401 -0.863479 2.10392 1
0.563808 0.988444 16824 0
0.393173 -0.461388 2.52308 1
0.639093 0.717635 20184 0
0.42819 -0.61354 2.25809 1
0.669258 0.823366 18064 0
0.441288 -0.825846 2.18484 1
0.680284 0.949855 17472 0
0.440871 -0.855457 2.11364 1
0.686181 0.981682 16904 0
40
0.313713 -0.402366 2.5293 1
0.61071 0.689327 20232 0
0.311719 -0.361326 2.56402 1
0.608517 0.667715 20512 0
0.30003 -0.130816 2.55522 1
0.604807 0.560929 20440 0
0.304143 0.05314 2.52447 1
0.607538 0.474948 20192 0
0.171496 -0.203895 2.55938 1
0.55981 0.594812 20472 0
0.134837 -0.370534 2.50236 1
0.548097 0.676227 20016 0
0.16153 -0.515359 2.4109 1
0.559804 0.754403 19280 0
0.172639 -0.560963 2.38184 1
0.564696 0.780295 19048 0
0.434419 -0.212801 2.55609 1
0.651701 0.599081 20448 0
0.467009 -0.398466 2.51357 1
0.66584 0.688666 20104 0
0.411216 -0.518402 2.39796 1
0.653067 0.757286 19176 0
0.371899 -0.551037 2.32727 1
0.642637 0.78179 18616 0
0.24012 -0.459971 2.52013 1
0.585047 0.71722 20160 0
0.165415 -0.617735 2.23554 1
0.566046 0.828862 17880 0
0.15073 -0.833968 2.17519 1
0.561852 0.956295 17400 0
0.15038 -0.863517 2.10391 1
0.5638 0.988467 16824 0
0.393153 -0.461334 2.52304 1
0.639088 0.717613 20184 0
0.428181 -0.613571 2.25811 1
0.669253 0.823379 18064 0
0.441257 -0.825848 2.18482 1
0.680273 0.94986 17472 0
0.440822 -0.855465 2.11363 1
0.686161 0.981689 16904 0
40
0.313622 -0.402224 2.52924 1
0.61068 0.689265 20232 0
0.311658 -0.361207 2.56393 1
0.608499 0.667665 20504 0
0.299966 -0.130832 2.55506 1
0.604791 0.56094 20440 0
0.304056 0.0531014 2.5243 1
0.607514 0.474964 20192 0
0.171501 -0.203851 2.55938 1
0.559812 0.594792 20472 0
0.134821 -0.370438 2.50238 1
0.54809 0.676179 20016 0
0.163452 -0.514454 2.41016 1
0.560534 0.754035 19280 0
0.162971 -0.559641 2.3838 1
0.561023 0.779403 19064 0
0.434379 -0.21291 2.55599 1
0.651692 0.599136 20440 0
0.466902 -0.395897 2.51402 1
0.665772 0.687416 20112 0
0.411441 -0.517212 2.39858 1
0.653111 0.756629 19184 0
0.370775 -0.551229 2.32596 1
0.642286 0.782048 18600 0
0.239956 -0.459776 2.52012 1
0.584989 0.717129 20160 0
0.165416 -0.617706 2.23552 1
0.566047 0.828849 17880 0
0.150725 -0.83399 2.17518 1
0.561851 0.956309 17400 0
0.150362 -0.86355 2.10391 1
0.563792 0.988488 16824 0
0.393058 -0.461263 2.52298 1
0.639058 0.717584 20176 0
0.428173 -0.613591 2.25812 1
0.669249 0.823388 18064 0
0.441243 -0.82586 2.18482 1
0.680267 0.949867 17472 0
0.440795 -0.855484 2.11362 1
0.68615 0.9817 16904 0
40
0.313531 -0.402088 2.52917 1
0.610651 0.689207 20232 0
0.311595 -0.361089 2.56383 1
0.608481 0.667616 20504 0
0.299894 -0.130847 2.55487 1
0.604774 0.560952 20432 0
0.303968 0.0530748 2.52411 1
0.607491 0.474975 20192 0
0.171503 -0.203811 2.55938 1
0.559812 0.594773 20472 0
0.134804 -0.370353 2.5024 1
0.548084 0.676138 20016 0
0.163797 -0.514098 2.40989 1
0.560669 0.753887 19272 0
0.152973 -0.559727 2.3859 1
0.557229 0.7792 19080 0
0.434347 -0.213017 2.55591 1
0.651686 0.599188 20440 0
0.466821 -0.393867 2.51437 1
0.66572 0.686429 20112 0
0.411664 -0.516226 2.39917 1
0.653157 0.756077 19192 0
0.369782 -0.551443 2.32478 1
0.641977 0.7823 18592 0
0.239796 -0.459599 2.52011 1
0.584933 0.717047 20160 0
0.165417 -0.617677 2.23551 1
0.566048 0.828835 17880 0
0.150722 -0.834009 2.17517 1
0.56185 0.956321 17400 0
0.150348 -0.863581 2.1039 1
0.563786 0.988506 16824 0
0.392978 -0.461199 2.52292 1
0.639034 0.717559 20176 0
0.428169 -0.613609 2.25813 1
0.669246 0.823396 18064 0
0.441231 -0.825872 2.18482 1
0.680262 0.949874 17472 0
0.440772 -0.855505 2.11363 1
0.68614 0.981711 16904 0
40
0.313351 -0.401955 2.52907 1
0.610592 0.689151 20232 0
0.311463 -0.360973 2.56371 1
0.608441 0.667571 20504 0
0.299809 -0.13087 2.55466 1
0.604753 0.560968 20432 0
0.303897 0.0530458 2.52382 1
0.607478 0.474986 20184 0
0.17149 -0.203763 2.55937 1
0.559808 0.594751 20472 0
0.13479 -0.370287 2.5024 1
0.548079 0.676106 20016 0
0.165393 -0.513744 2.40985 1
0.56126 0.753717 19272 0
0.161529 -0.56072 2.38641 1
0.560417 0.779636 19088 0
0.434315 -0.213107 2.55581 1
0.651681 0.599234 20440 0
0.466718 -0.392526 2.51452 1
0.665674 0.685783 20112 0
0.411748 -0.515717 2.39944 1
0.653171 0.755797 19192 0
0.368729 -0.551872 2.32351 1
0.64165 0.782675 18584 0
0.239436 -0.459425 2.52009 1
0.584806 0.716966 20160 0
0.165417 -0.61765 2.23549 1
0.566048 0.828824 17880 0
0.15072 -0.834026 2.17516 1
0.561849 0.956332 17400 0
0.150336 -0.863608 2.1039 1
0.563781 0.988523 16824 0
0.392809 -0.46115 2.5228 1
0.63898 0.717546 20176 0
0.428167 -0.613624 2.25814 1
0.669245 0.823403 18064 0
0.44122 -0.825886 2.18482 1
0.680258 0.949881 17472 0
0.440751 -0.855527 2.11363 1
0.68613 0.981722 16904 0
40
0.31321 -0.401854 2.52895 1
0.610548 0.689113 20224 0
0.311361 -0.360867 2.56353 1
0.608413 0.667534 20504 0
0.29973 -0.130993 2.55409 1
0.604749 0.561038 20432 0
0.303704 0.0529706 2.52312 1
0.60744 0.475014 20184 0
0.171477 -0.203713 2.55934 1
0.559804 0.594729 20472 0
0.134769 -0.370209 2.5024 1
0.548072 0.676069 20016 0
0.149893 -0.515203 2.4104 1
0.555507 0.754379 19280 0
0.150198 -0.563195 2.38731 1
0.556158 0.780765 19096 0
0.43421 -0.213199 2.55554 1
0.65166 0.599288 20440 0
0.466542 -0.391406 2.51451 1
0.665612 0.685254 20112 0
0.411831 -0.515304 2.39972 1
0.653184 0.755562 19192 0
0.367778 -0.552453 2.32227 1
0.64136 0.783123 18576 0
0.239225 -0.459319 2.52005 1
0.584733 0.716919 20160 0
0.165422 -0.617622 2.23548 1
0.566051 0.82881 17880 0
0.150716 -0.834048 2.17515 1
0.561848 0.956346 17400 0
0.150308 -0.863652 2.10389 1
0.563769 0.988548 16824 0
0.392655 -0.461104 2.52268 1
0.638932 0.717535 20176 0
0.428163 -0.613636 2.25814 1
0.669244 0.823409 18064 0
0.441211 -0.825899 2.18482 1
0.680254 0.949888 17472 0
0.440719 -0.855558 2.11365 1
0.686116 0.981737 16904 0
40
0.313055 -0.401813 2.52876 1
0.610501 0.689108 20224 0
0.311241 -0.360813 2.56322 1
0.608384 0.667529 20504 0
0.299638 -0.131254 2.5532 1
0.604753 0.561181 20424 0
0.303406 0.0525922 2.52057 1
0.607443 0.475168 20160 0
0.17146 -0.203657 2.55922 1
0.559801 0.594707 20472 0
0.134742 -0.370144 2.50238 1
0.548062 0.67604 20016 0
0.144784 -0.516213 2.41102 1
0.553601 0.754812 19288 0
0.143713 -0.564717 2.38757 1
0.553727 0.781493 19096 0
0.434065 -0.213295 2.55499 1
0.651642 0.599354 20432 0
0.466364 -0.390504 2.51441 1
0.665555 0.684834 20112 0
0.411913 -0.515009 2.39995 1
0.6532 0.755391 19192 0
0.367395 -0.552667 2.32172 1
0.641246 0.783299 18568 0
0.239041 -0.459261 2.51998 1
0.58467 0.716897 20152 0
0.165427 -0.617608 2.23546 1
0.566053 0.828806 17880 0
0.150711 -0.834069 2.17514 1
0.561846 0.95636 17400 0
0.150272 -0.863698 2.10389 1
0.563754 0.988576 16824 0
0.392459 -0.461127 2.52246 1
0.638875 0.717564 20176 0
0.428163 -0.613675 2.25811 1
0.669246 0.823435 18064 0
0.441197 -0.82591 2.18482 1
0.680248 0.949893 17472 0
0.440667 -0.855591 2.11366 1
0.686093 0.981752 16904 0
40
0.312879 -0.40182 2.52838 1
0.610456 0.689139 20224 0
0.311088 -0.360763 2.56243 1
0.608364 0.667557 20496 0
0.299463 -0.132119 2.55032 1
0.60481 0.561654 20400 0
0.302995 0.0519688 2.51533 1
0.607522 0.475411 20120 0
0.171438 -0.203566 2.55887 1
0.559802 0.594678 20464 0
0.134713 -0.370089 2.50235 1
0.548053 0.676015 20016 0
0.141 -0.516795 2.41128 1
0.552194 0.755072 19288 0
0.138165 -0.566435 2.38743 1
0.551656 0.782366 19096 0
0.433896 -0.213461 2.55403 1
0.65164 0.599468 20432 0
0.466184 -0.389734 2.51415 1
0.665509 0.684489 20112 0
0.411973 -0.51481 2.40007 1
0.653214 0.755279 19200 0
0.367164 -0.552829 2.32132 1
0.641182 0.783432 18568 0
0.238865 -0.459236 2.51988 1
0.584611 0.716895 20152 0
0.165433 -0.6176 2.23543 1
0.566056 0.828805 17880 0
0.150706 -0.83409 2.17513 1
0.561845 0.956374 17400 0
0.150225 -0.863767 2.10388 1
0.563735 0.988616 16824 0
0.392267 -0.461192 2.52211 1
0.638826 0.717626 20176 0
0.428177 -0.613774 2.25798 1
0.669261 0.823505 18056 0
0.441189 -0.825921 2.18482 1
0.680245 0.949899 17472 0
0.440618 -0.855641 2.11368 1
0.68607 0.981776 16904 0
40
0.312668 -0.401835 2.52763 1
0.610414 0.689202 20216 0
0.310848 -0.360569 2.56053 1
0.608361 0.667591 20480 0
0.298302 -0.133546 2.5439 1
0.604667 0.562477 20344 0
0.302109 0.0503041 2.50581 1
0.607614 0.476108 20040 0
0.171382 -0.203429 2.55828 1
0.559796 0.594636 20464 0
0.13465 -0.370044 2.50226 1
0.548032 0.676001 20016 0
0.139091 -0.517399 2.41162 1
0.551481 0.755334 19288 0
0.134364 -0.567091 2.38731 1
0.550237 0.782707 19096 0
0.433922 -0.213929 2.55251 1
0.651739 0.599746 20416 0
0.465914 -0.388615 2.5133 1
0.665468 0.684021 20104 0
0.412868 -0.515024 2.40051 1
0.653519 0.755338 19200 0
0.368182 -0.553046 2.32155 1
0.641559 0.783515 18568 0
0.238691 -0.459237 2.51968 1
0.584556 0.716912 20152 0
0.165475 -0.61758 2.23541 1
0.566074 0.828797 17880 0
0.150704 -0.834108 2.17512 1
0.561844 0.956386 17400 0
0.150165 -0.863868 2.1039 1
0.563709 0.98867 16824 0
0.39211 -0.461301 2.52154 1
0.638802 0.717726 20168 0
0.428215 -0.613969 2.25769 1
0.669298 0.823649 18056 0
0.441185 -0.825939 2.18481 1
0.680244 0.949911 17472 0
0.440561 -0.855736 2.11369 1
0.686045 0.981828 16904 0
40
0.312395 -0.402171 2.52608 1
0.610385 0.689477 20208 0
0.310566 -0.360631 2.55655 1
0.608431 0.667881 20448 0
0.297418 -0.135631 2.53365 1
0.604779 0.56371 20264 0
0.301168 0.0480374 2.49304 1
0.607829 0.477068 19944 0
0.170988 -0.203462 2.55623 1
0.559706 0.594728 20448 0
0.134158 -0.371057 2.50128 1
0.547875 0.676551 20008 0
0.137479 -0.519811 2.41165 1
0.550883 0.756521 19288 0
0.13148 -0.568907 2.38642 1
0.549178 0.783719 19088 0
0.433823 -0.214583 2.54881 1
0.651925 0.600196 20384 0
0.465669 -0.387697 2.51221 1
0.665454 0.683667 20096 0
0.41553 -0.520563 2.39994 1
0.654545 0.758146 19192 0
0.34678 -0.557134 2.30888 1
0.634062 0.787178 18464 0
0.238492 -0.459423 2.51928 1
0.584499 0.717034 20152 0
0.165582 -0.617504 2.23542 1
0.566116 0.828756 17880 0
0.150704 -0.834128 2.1751 1
0.561844 0.9564 17400 0
0.15008 -0.864023 2.10391 1
0.563672 0.988754 16824 0
0.391913 -0.461715 2.52033 1
0.638799 0.718027 20160 0
0.428359 -0.614446 2.25681 1
0.669421 0.824027 18048 0
0.441185 -0.826117 2.1848 1
0.680245 0.950011 17472 0
0.440427 -0.856199 2.11375 1
0.685984 0.982075 16904 0
40
0.312288 -0.403371 2.52335 1
0.610467 0.690248 20184 0
0.310497 -0.361558 2.5499 1
0.608689 0.668751 20392 0
0.296593 -0.138405 2.52002 1
0.605054 0.565364 20160 0
0.297833 0.0444071 2.47253 1
0.607519 0.478625 19776 0
0.170217 -0.204348 2.5492 1
0.559601 0.595403 20392 0
0.13341 -0.372256 2.50018 1
0.547629 0.677199 20000 0
0.134817 -0.522777 2.41182 1
0.549895 0.757967 19288 0
0.128387 -0.570595 2.38494 1
0.54805 0.784737 19072 0
0.433184 -0.214977 2.54024 1
0.652213 0.600719 20320 0
0.465898 -0.387365 2.51026 1
0.665663 0.683651 20080 0
0.418612 -0.523072 2.40082 1
0.655634 0.759295 19200 0
0.341852 -0.554557 2.30752 1
0.632235 0.786018 18456 0
0.238498 -0.46031 2.51838 1
0.584531 0.717532 20144 0
0.166019 -0.617116 2.23548 1
0.566289 0.828541 17880 0
0.15073 -0.834124 2.17507 1
0.561856 0.956404 17400 0
0.150044 -0.864136 2.10392 1
0.563656 0.988815 16824 0
0.3918 -0.462618 2.51851 1
0.638859 0.718611 20144 0
0.428648 -0.615225 2.25518 1
0.669658 0.824673 18040 0
0.4412 -0.826275 2.18473 1
0.680257 0.950112 17472 0
0.440317 -0.856703 2.11374 1
0.685937 0.982359 16904 0
40
0.311007 -0.409587 2.51664 1
0.610307 0.693695 20128 0
0.30932 -0.366518 2.53772 1
0.608797 0.671888 20296 0
0.294866 -0.142335 2.4977 1
0.605375 0.567821 19976 0
0.294085 0.0417886 2.45483 1
0.606931 0.479741 19632 0
0.168716 -0.207234 2.53514 1
0.559403 0.597286 20280 0
0.132329 -0.373723 2.49909 1
0.547264 0.677976 19992 0
0.132304 -0.524991 2.41089 1
0.548983 0.75916 19280 0
0.124411 -0.571736 2.38166 1
0.546626 0.785698 19048 0
0.431778 -0.215558 2.52094 1
0.65288 0.601764 20160 0
0.466742 -0.38797 2.5064 1
0.666219 0.684222 20048 0
0.423965 -0.526942 2.40017 1
0.657667 0.761284 19200 0
0.338845 -0.549478 2.30698 1
0.631102 0.783465 18448 0
0.238343 -0.46601 2.51581 1
0.584563 0.72045 20120 0
0.166742 -0.61619 2.2356 1
0.566574 0.82803 17880 0
0.150808 -0.834088 2.17497 1
0.561891 0.956405 17392 0
0.149979 -0.86432 2.10393 1
0.563629 0.988919 16824 0
0.389636 -0.46804 2.51327 1
0.63838 0.721633 20104 0
0.429719 -0.617665 2.24992 1
0.670479 0.826722 17992 0
0.441284 -0.826526 2.18456 1
0.680305 0.950282 17472 0
0.440153 -0.857556 2.11371 1
0.685871 0.982848 16904 0
40
0.309287 -0.413912 2.50998 1
0.609988 0.696259 20072 0
0.307331 -0.36937 2.52425 1
0.608674 0.674149 20192 0
0.291907 -0.145922 2.46277 1
0.605797 0.570517 19696 0
0.284391 0.0354073 2.42021 1
0.604886 0.482589 19360 0
0.164882 -0.211176 2.51929 1
0.558418 0.59976 20152 0
0.129059 -0.377375 2.49796 1
0.546116 0.679796 19976 0
0.12146 -0.520777 2.39153 1
0.545333 0.75916 19128 0
0.114502 -0.570968 2.37907 1
0.54296 0.785626 19032 0
0.432644 -0.217597 2.49976 1
0.654485 0.603597 19992 0
0.470756 -0.393833 2.49644 1
0.668317 0.687751 19968 0
0.434017 -0.538302 2.3978 1
0.661565 0.76718 19176 0
0.336708 -0.547488 2.30654 1
0.6303 0.782492 18448 0
0.237239 -0.470664 2.51316 1
0.58426 0.722886 20104 0
0.167267 -0.614962 2.23551 1
0.566786 0.82739 17880 0
0.150981 -0.833876 2.1746 1
0.561972 0.956367 17392 0
0.149865 -0.864623 2.10388 1
0.563582 0.989102 16824 0
0.387941 -0.472018 2.50897 1
0.638014 0.723901 20064 0
0.430649 -0.61971 2.24539 1
0.671193 0.828465 17960 0
0.441387 -0.826737 2.18449 1
0.680353 0.950412 17472 0
0.439905 -0.858977 2.11406 1
0.685735 0.983566 16912 0
40
0.306986 -0.416797 2.50205 1
0.609516 0.698253 20016 0
0.304777 -0.371116 2.51027 1
0.608372 0.675947 20080 0
0.289911 -0.14927 2.44485 1
0.605844 0.572663 19552 0
0.279256 0.0308993 2.39697 1
0.60399 0.484658 19168 0
0.16057 -0.215153 2.50163 1
0.557292 0.602357 20008 0
0.124078 -0.381195 2.49708 1
0.544352 0.68168 19976 0
0.114208 -0.516046 2.37997 1
0.542833 0.758053 19032 0
0.102767 -0.553234 2.34128 1
0.539179 0.781221 18728 0
0.432788 -0.219755 2.47883 1
0.655841 0.605508 19824 0
0.475959 -0.399131 2.48614 1
0.670883 0.691066 19888 0
0.438841 -0.543682 2.39656 1
0.663445 0.769991 19168 0
0.335339 -0.546217 2.30632 1
0.629783 0.781863 18448 0
0.235921 -0.473993 2.51046 1
0.583882 0.724704 20080 0
0.167459 -0.613943 2.23525 1
0.566871 0.826885 17880 0
0.151348 -0.833237 2.17375 1
0.562147 0.956197 17384 0
0.149788 -0.864776 2.10373 1
0.563554 0.989223 16824 0
0.385715 -0.475288 2.50283 1
0.637559 0.726005 20016 0
0.431918 -0.622463 2.23988 1
0.672119 0.830735 17912 0
0.441462 -0.826966 2.18449 1
0.680384 0.950537 17472 0
0.439527 -0.860476 2.11463 1
0.685526 0.984281 16912 0
40
0.305028 -0.419676 2.49431 1
0.609155 0.700243 19952 0
0.303115 -0.373404 2.49644 1
0.608378 0.678012 19968 0
0.288549 -0.161303 2.41317 1
0.60673 0.579551 19304 0
0.270683 0.018454 2.35441 1
0.60262 0.490672 18832 0
0.155205 -0.218831 2.48604 1
0.555725 0.604759 19888 0
0.11714 -0.385635 2.49611 1
0.541889 0.683868 19968 0
0.112309 -0.497942 2.31008 1
0.543395 0.756534 18480 0
0.109673 -0.528915 2.24628 1
0.54358 0.78023 17968 0
0.431204 -0.225517 2.44407 1
0.657479 0.609814 19552 0
0.482363 -0.404878 2.47162 1
0.674199 0.694955 19768 0
0.443301 -0.549114 2.39391 1
0.665289 0.77299 19144 0
0.334551 -0.545693 2.30591 1
0.629501 0.781643 18440 0
0.234788 -0.477057 2.50813 1
0.583557 0.726367 20064 0
0.165864 -0.613515 2.23233 1
0.56632 0.827085 17856 0
0.151896 -0.832417 2.17273 1
0.562401 0.955961 17376 0
0.149423 -0.865218 2.10364 1
0.563401 0.989493 16824 0
0.383518 -0.478748 2.49634 1
0.637131 0.728242 19968 0
0.433025 -0.625864 2.23403 1
0.673012 0.833414 17872 0
0.44141 -0.82738 2.185 1
0.680321 0.950658 17472 0
0.437354 -0.863923 2.11763 1
0.684347 0.985531 16936 0
40
0.303454 -0.423629 2.48379 1
0.609052 0.702985 19864 0
0.302474 -0.377369 2.47849 1
0.608932 0.681206 19824 0
0.291007 -0.172324 2.37715 1
0.60927 0.586275 19016 0
0.266185 0.00727999 2.31808 1
0.602496 0.496262 18544 0
0.149287 -0.224138 2.46755 1
0.554002 0.608104 19736 0
0.109778 -0.391635 2.49608 1
0.539257 0.686731 19968 0
0.0867824 -0.482283 2.30641 1
0.533585 0.748862 18448 0
0.069968 -0.499907 2.22819 1
0.528029 0.767011 17824 0
0.427528 -0.234063 2.41103 1
0.658276 0.615537 19288 0
0.487511 -0.407754 2.45491 1
0.677256 0.697677 19632 0
0.483998 -0.564793 2.38798 1
0.680912 0.781482 19096 0
0.402836 -0.572099 2.32904 1
0.654385 0.792339 18632 0
0.233903 -0.480104 2.50567 1
0.583323 0.728036 20040 0
0.163847 -0.614312 2.22842 1
0.565629 0.828083 17824 0
0.152428 -0.831648 2.17175 1
0.562648 0.955746 17368 0
0.148725 -0.866129 2.10374 1
0.563102 0.989985 16824 0
0.381203 -0.482728 2.48847 1
0.636734 0.730867 19904 0
0.43432 -0.630261 2.22703 1
0.674075 0.836812 17816 0
0.441644 -0.828562 2.18652 1
0.68029 0.950987 17488 0
0.435131 -0.869398 2.1228 1
0.682964 0.987419 16976 0
40
0.30321 -0.428681 2.46818 1
0.609653 0.706704 19744 0
0.303252 -0.382375 2.45528 1
0.610245 0.685345 19640 0
0.29408 -0.182117 2.33447 1
0.612443 0.592844 18672 0
0.259284 -0.00673681 2.2743 1
0.601761 0.503525 18192 0
0.142552 -0.232833 2.44323 1
0.552079 0.613415 19544 0
0.104195 -0.396135 2.49622 1
0.537258 0.688865 19968 0
0.0641838 -0.476657 2.31389 1
0.524759 0.745163 18504 0
0.0291899 -0.499075 2.25045 1
0.511578 0.763931 18000 0
0.424614 -0.237597 2.38627 1
0.658829 0.618499 19088 0
0.491095 -0.416713 2.43193 1
0.680247 0.703928 19448 0
0.50937 -0.585419 2.39337 1
0.689967 0.791105 19144 0
0.443241 -0.598311 2.34978 1
0.66837 0.803034 18792 0
0.233546 -0.484202 2.50159 1
0.583332 0.730358 20008 0
0.162256 -0.615105 2.22534 1
0.565082 0.828961 17800 0
0.153075 -0.830731 2.17068 1
0.562945 0.955468 17360 0
0.148311 -0.867254 2.10401 1
0.562919 0.990559 16832 0
0.379763 -0.486651 2.47789 1
0.636799 0.733737 19816 0
0.436063 -0.63681 2.21833 1
0.67546 0.841646 17744 0
0.442277 -0.830263 2.18914 1
0.680333 0.951372 17512 0
0.434291 -0.875572 2.12925 1
0.682057 0.989393 17032 0
40
0.296568 -0.434039 2.44824 1
0.608124 0.710993 19584 0
0.296959 -0.388208 2.43302 1
0.608945 0.689895 19464 0
0.286385 -0.193096 2.31218 1
0.610556 0.59939 18496 0
0.248727 -0.0237505 2.23573 1
0.599302 0.512643 17880 0
0.136578 -0.242641 2.41565 1
0.550466 0.619542 19320 0
0.0994722 -0.399802 2.49534 1
0.535582 0.690681 19960 0
0.0428187 -0.480066 2.32593 1
0.516432 0.745639 18600 0
-0.0065924 -0.507612 2.26802 1
0.497406 0.766365 18144 0
0.420341 -0.242587 2.34791 1
0.659799 0.622965 18776 0
0.492664 -0.425028 2.41062 1
0.682421 0.709836 19280 0
0.517811 -0.593737 2.39647 1
0.692865 0.79486 19168 0
0.459396 -0.611685 2.36165 1
0.67363 0.808251 18888 0
0.230211 -0.488993 2.49472 1
0.582368 0.733278 19952 0
0.160481 -0.616617 2.22199 1
0.564467 0.830268 17768 0
0.153686 -0.829958 2.17004 1
0.563215 0.955177 17360 0
0.147736 -0.86837 2.10466 1
0.562656 0.99104 16832 0
0.371026 -0.493923 2.45543 1
0.634875 0.7394 19640 0
0.440857 -0.647926 2.20511 1
0.678452 0.849693 17640 0
0.445865 -0.835069 2.19634 1
0.6812 0.952497 17568 0
0.435793 -0.883789 2.13911 1
0.681845 0.991708 17112 0
40
0.293486 -0.444017 2.40801 1
0.608788 0.719449 19264 0
0.292402 -0.399547 2.39095 1
0.60916 0.698879 19120 0
0.271714 -0.211265 2.2718 1
0.606757 0.610675 18168 0
0.235572 -0.0442636 2.1972 1
0.595699 0.523976 17576 0
0.133511 -0.25433 2.38342 1
0.55 0.626996 19064 0
0.0960436 -0.402669 2.49444 1
0.534368 0.692118 19952 0
0.0290604 -0.488765 2.33878 1
0.511091 0.748715 18704 0
-0.0286696 -0.527665 2.29606 1
0.488855 0.773507 18368 0
0.414391 -0.252139 2.31101 1
0.660053 0.629846 18488 0
0.490674 -0.430954 2.37224 1
0.684624 0.716204 18976 0
0.518007 -0.600673 2.38782 1
0.693637 0.799384 19096 0
0.46475 -0.621301 2.35657 1
0.676033 0.813772 18848 0
0.2288 -0.499724 2.4709 1
0.582652 0.740696 19760 0
0.151996 -0.633161 2.20854 1
0.56143 0.841194 17664 0
0.155459 -0.835845 2.16847 1
0.56399 0.958737 17344 0
0.164249 -0.881127 2.11667 1
0.569263 0.995425 16928 0
0.370334 -0.502528 2.41022 1
0.637148 0.748139 19280 0
0.449206 -0.679891 2.1776 1
0.684128 0.87158 17416 0
0.463453 -0.874808 2.17431 1
0.690256 0.978833 17392 0
0.447126 -0.917846 2.12408 1
0.687894 1.01427 16992 0
40
0.292625 -0.450539 2.38351 1
0.609585 0.724962 19064 0
0.29256 -0.407878 2.36498 1
0.610419 0.705256 18912 0
0.289617 -0.237945 2.23769 1
0.615526 0.626553 17896 0
0.227819 -0.0629978 2.16026 1
0.594132 0.534707 17280 0
0.132477 -0.26562 2.351 1
0.550297 0.634462 18808 0
0.0926829 -0.405782 2.49155 1
0.533204 0.693828 19928 0
0.0201079 -0.502443 2.34939 1
0.507639 0.754521 18792 0
-0.0226391 -0.547824 2.31739 1
0.49128 0.781342 18536 0
0.405414 -0.263576 2.26809 1
0.659549 0.638305 18144 0
0.489365 -0.433371 2.35032 1
0.685849 0.719445 18800 0
0.512417 -0.604943 2.37593 1
0.692506 0.803022 19000 0
0.46606 -0.627072 2.3504 1
0.676992 0.817518 18800 0
0.226421 -0.507867 2.44889 1
0.582528 0.746817 19584 0
0.143955 -0.649538 2.1941 1
0.558563 0.852323 17552 0
0.15651 -0.846716 2.16408 1
0.564554 0.965648 17312 0
0.20236 -0.884948 2.15376 1
0.583865 0.989004 17224 0
0.368077 -0.507542 2.38476 1
0.637768 0.753291 19072 0
0.454184 -0.696733 2.16389 1
0.687349 0.883199 17304 0
0.476461 -0.900998 2.16038 1
0.696857 0.996348 17280 0
0.454473 -0.938766 2.11575 1
0.691733 1.02806 16920 0
40
0.292808 -0.457681 2.36742 1
0.610398 0.73008 18936 0
0.293175 -0.417255 2.34587 1
0.611552 0.711685 18760 0
0.294101 -0.256609 2.20645 1
0.618975 0.638411 17648 0
0.222886 -0.073855 2.13319 1
0.593262 0.541204 17064 0
0.131989 -0.285288 2.30569 1
0.551097 0.647257 18440 0
0.0887858 -0.409535 2.48521 1
0.531889 0.696119 19880 0
0.0188023 -0.525482 2.36029 1
0.507111 0.764963 18880 0
-0.00771462 -0.576262 2.3347 1
0.497051 0.793753 18672 0
0.402244 -0.27131 2.24623 1
0.659841 0.643748 17968 0
0.487431 -0.435165 2.32579 1
0.687067 0.722677 18600 0
0.510496 -0.607146 2.3681 1
0.692418 0.80513 18944 0
0.463517 -0.630041 2.33861 1
0.676914 0.820629 18704 0
0.22613 -0.515139 2.43338 1
0.582947 0.751946 19464 0
0.137894 -0.660943 2.18306 1
0.556381 0.860322 17464 0
0.156594 -0.857128 2.15928 1
0.564732 0.972421 17272 0
0.222088 -0.874543 2.18139 1
0.590875 0.977134 17448 0
0.366873 -0.510956 2.37279 1
0.63801 0.756281 18976 0
0.456903 -0.70578 2.15658 1
0.689109 0.88949 17248 0
0.482386 -0.912288 2.15554 1
0.699753 1.0037 17240 0
0.462148 -0.953832 2.11127 1
0.695385 1.03768 16888 0
40
0.291761 -0.464378 2.35611 1
0.610531 0.734567 18848 0
0.292106 -0.426674 2.3309 1
0.611859 0.717854 18640 0
0.293029 -0.281766 2.16786 1
0.620651 0.654685 17336 0
0.217359 -0.0865174 2.10566 1
0.592139 0.5489 16840 0
0.131218 -0.296177 2.27111 1
0.551571 0.655205 18168 0
0.0854614 -0.41325 2.47039 1
0.530879 0.699086 19760 0
0.01987 -0.54325 2.36473 1
0.5075 0.773408 18912 0
-0.00668671 -0.585654 2.34081 1
0.49745 0.797762 18720 0
0.396868 -0.27988 2.21203 1
0.660143 0.650582 17696 0
0.486357 -0.435297 2.30728 1
0.688152 0.724531 18456 0
0.510238 -0.607103 2.35328 1
0.693533 0.807031 18824 0
0.462042 -0.629853 2.31684 1
0.678008 0.823546 18528 0
0.225676 -0.519479 2.42433 1
0.58309 0.755017 19392 0
0.134131 -0.667251 2.17612 1
0.555017 0.86492 17408 0
0.156601 -0.86355 2.15629 1
0.564825 0.976621 17248 0
0.229543 -0.869883 2.19224 1
0.593461 0.972243 17536 0
0.363887 -0.515278 2.36471 1
0.637355 0.759332 18912 0
0.459083 -0.711361 2.15175 1
0.690438 0.893451 17208 0
0.486395 -0.918976 2.15257 1
0.701691 1.00809 17216 0
0.467843 -0.964168 2.10922 1
0.697985 1.04403 16872 0
40
0.290411 -0.470115 2.34255 1
0.610657 0.738841 18736 0
0.290571 -0.433618 2.31402 1
0.612083 0.723014 18512 0
0.291545 -0.28884 2.14641 1
0.62124 0.660154 17168 0
0.212416 -0.0910061 2.08291 1
0.591027 0.551999 16656 0
0.130747 -0.297746 2.23224 1
0.552281 0.658744 17856 0
0.0856867 -0.410159 2.43262 1
0.531441 0.700665 19456 0
0.0211691 -0.55777 2.37244 1
0.507965 0.779803 18976 0
-0.00194579 -0.601385 2.35413 1
0.499262 0.804029 18832 0
0.394408 -0.283053 2.19167 1
0.660629 0.653704 17528 0
0.485288 -0.434636 2.28842 1
0.689286 0.726038 18304 0
0.510115 -0.605531 2.34077 1
0.69452 0.807872 18720 0
0.460593 -0.627841 2.29998 1
0.67875 0.824876 18392 0
0.225277 -0.522784 2.40884 1
0.583476 0.75829 19264 0
0.129145 -0.674964 2.16562 1
0.553229 0.87093 17320 0
0.153981 -0.873154 2.14893 1
0.563959 0.983571 17184 0
0.185139 -0.911721 2.14148 1
0.577168 1.00669 17128 0
0.360978 -0.518447 2.35702 1
0.636701 0.761778 18856 0
0.461304 -0.716032 2.148 1
0.691693 0.896725 17184 0
0.489305 -0.923946 2.15051 1
0.703091 1.01133 17200 0
0.473554 -0.972552 2.10757 1
0.700558 1.04919 16856 0
40
0.288843 -0.472833 2.33434 1
0.610447 0.741066 18672 0
0.28894 -0.436828 2.30414 1
0.611932 0.725629 18432 0
0.289011 -0.2901 2.13171 1
0.621015 0.661961 17048 0
0.207758 -0.093722 2.05866 1
0.59008 0.554181 16464 0
0.128383 -0.293831 2.20587 1
0.55195 0.65853 17640 0
0.087681 -0.404233 2.3977 1
0.532641 0.700646 19176 0
0.0196021 -0.563423 2.37596 1
0.507364 0.78222 19000 0
-0.00245071 -0.608506 2.36288 1
0.499074 0.80649 18896 0
0.390591 -0.279566 2.16467 1
0.661059 0.653704 17312 0
0.48496 -0.429658 2.26981 1
0.690708 0.725281 18152 0
0.50157 -0.599454 2.32449 1
0.6926 0.806916 18592 0
0.448998 -0.620866 2.28001 1
0.675777 0.824082 18240 0
0.223472 -0.521994 2.39233 1
0.583379 0.759679 19136 0
0.124198 -0.680446 2.15621 1
0.551413 0.875574 17248 0
0.151357 -0.880033 2.14204 1
0.563071 0.988949 17136 0
0.15412 -0.938377 2.10506 1
0.56535 1.03052 16840 0
0.356701 -0.51975 2.35256 1
0.635337 0.762933 18816 0
0.462716 -0.718521 2.14626 1
0.692436 0.898428 17168 0
0.491637 -0.925483 2.15208 1
0.703911 1.0118 17216 0
0.476812 -0.977361 2.10756 1
0.70194 1.05191 16856 0
40
0.28341 -0.466311 2.31889 1
0.609091 0.739325 18544 0
0.284506 -0.433113 2.2902 1
0.610884 0.725071 18320 0
0.285868 -0.288296 2.12186 1
0.620255 0.661702 16968 0
0.203713 -0.0958554 2.04317 1
0.588996 0.555835 16344 0
0.122018 -0.276332 2.18085 1
0.54994 0.650799 17440 0
0.08213 -0.390647 2.36464 1
0.531002 0.696613 18912 0
0.0198309 -0.5642 2.38047 1
0.507436 0.782074 19040 0
-0.000103369 -0.611696 2.37432 1
0.499961 0.806612 18992 0
0.387895 -0.272576 2.14732 1
0.661239 0.651071 17176 0
0.481319 -0.414767 2.24645 1
0.691245 0.719735 17968 0
0.458502 -0.571455 2.30032 1
0.677913 0.795656 18400 0
0.439229 -0.616223 2.28311 1
0.671719 0.82122 18264 0
0.220918 -0.512422 2.37148 1
0.583151 0.757159 18968 0
0.1207 -0.684327 2.1499 1
0.550112 0.878825 17192 0
0.148822 -0.885274 2.13649 1
0.562176 0.993138 17088 0
0.140249 -0.95088 2.08847 1
0.559941 1.04186 16704 0
0.346081 -0.510547 2.34531 1
0.631714 0.759076 18760 0
0.462619 -0.717858 2.14988 1
0.692071 0.89739 17192 0
0.491982 -0.922103 2.16115 1
0.703198 1.00779 17288 0
0.479501 -0.97996 2.11052 1
0.702793 1.0526 16880 0
40
0.2701 -0.439916 2.30038 1
0.604804 0.727595 18400 0
0.269082 -0.410223 2.27234 1
0.605698 0.714852 18176 0
0.250865 -0.277166 2.11232 1
0.606007 0.656161 16896 0
0.196295 -0.0920196 2.02843 1
0.586378 0.55399 16224 0
0.105582 -0.240662 2.16866 1
0.543456 0.632072 17344 0
0.0748402 -0.373929 2.3436 1
0.528504 0.689888 18744 0
0.0262108 -0.55253 2.38256 1
0.50982 0.775997 19056 0
0.0127082 -0.602933 2.38799 1
0.50475 0.80049 19096 0
0.382312 -0.241778 2.12378 1
0.66068 0.635488 16984 0
0.478485 -0.403907 2.23228 1
0.691326 0.71534 17856 0
0.441043 -0.557916 2.28942 1
0.671953 0.790026 18312 0
0.430943 -0.61014 2.2873 1
0.668171 0.817468 18296 0
0.216328 -0.477287 2.34879 1
0.58221 0.741839 18784 0
0.118881 -0.685328 2.14771 1
0.549407 0.879765 17176 0
0.148025 -0.887212 2.13483 1
0.561891 0.994603 17072 0
0.133709 -0.957059 2.08159 1
0.557335 1.04719 16648 0
0.334258 -0.491832 2.34045 1
0.627478 0.750098 18720 0
0.458653 -0.710424 2.16179 1
0.689376 0.891108 17288 0
0.489307 -0.911254 2.17827 1
0.700504 0.997874 17424 0
0.447361 -0.917533 2.2058 1
0.681028 0.995048 17640 0
40
0.266611 -0.416763 2.28905 1
0.603963 0.716684 18312 0
0.265461 -0.387585 2.26234 1
0.604736 0.703892 18096 0
0.253627 -0.245509 2.11948 1
0.606812 0.637857 16952 0
0.191975 -0.0843118 2.01913 1
0.584866 0.549695 16152 0
0.0921921 -0.211069 2.16248 1
0.538054 0.616163 17296 0
0.0694851 -0.358108 2.33027 1
0.526616 0.682894 18640 0
0.0312589 -0.532023 2.37892 1
0.511729 0.76616 19024 0
0.0185622 -0.551294 2.37022 1
0.50699 0.776814 18960 0
0.374604 -0.205601 2.10456 1
0.658878 0.616267 16832 0
0.469875 -0.38237 2.2144 1
0.6894 0.705504 17712 0
0.414294 -0.536657 2.26564 1
0.66322 0.781903 18120 0
0.409377 -0.595406 2.27882 1
0.660349 0.810954 18224 0
0.214896 -0.461035 2.33809 1
0.582039 0.734674 18704 0
0.114276 -0.681777 2.14757 1
0.547496 0.877822 17176 0
0.154275 -0.855692 2.15271 1
0.563968 0.973069 17216 0
0.133424 -0.935996 2.08939 1
0.556999 1.03315 16712 0
0.328321 -0.45585 2.33098 1
0.625723 0.732743 18640 0
0.451005 -0.696513 2.17858 1
0.684783 0.880494 17424 0
0.48227 -0.93016 2.21945 1
0.693954 0.998775 17752 0
0.450099 -0.954879 2.21906 1
0.681047 1.01212 17752 0
40
0.255126 -0.381956 2.26825 1
0.600396 0.700408 18144 0
0.249678 -0.354241 2.24295 1
0.599361 0.687963 17936 0
0.215878 -0.226086 2.11038 1
0.591306 0.627498 16880 0
0.173489 -0.059287 2.00411 1
0.577269 0.535207 16032 0
0.080006 -0.183304 2.15478 1
0.533142 0.601242 17232 0
0.0634317 -0.335662 2.31698 1
0.524436 0.672414 18528 0
0.0273518 -0.500172 2.36226 1
0.510335 0.75199 18896 0
0.0169787 -0.518176 2.35211 1
0.506443 0.762187 18816 0
0.361826 -0.168481 2.08852 1
0.654638 0.596008 16704 0
0.458908 -0.33978 2.18769 1
0.687238 0.684843 17496 0
0.406319 -0.505473 2.24586 1
0.661487 0.76786 17960 0
0.404203 -0.566708 2.26992 1
0.658944 0.797127 18152 0
0.209942 -0.424232 2.31276 1
0.581026 0.718306 18496 0
0.109017 -0.674954 2.15278 1
0.545201 0.873136 17216 0
0.15715 -0.840123 2.16123 1
0.564903 0.962631 17288 0
0.135379 -0.921907 2.09796 1
0.557598 1.02298 16776 0
0.323647 -0.426183 2.31784 1
0.624636 0.71883 18536 0
0.445226 -0.684379 2.18926 1
0.681525 0.872042 17512 0
0.479863 -0.935941 2.23554 1
0.691597 0.998264 17880 0
0.451155 -0.969951 2.23295 1
0.680343 1.01697 17856 0
40
0.244206 -0.346455 2.25255 1
0.596769 0.683048 18016 0
0.236081 -0.313269 2.22708 1
0.594619 0.667407 17816 0
0.194973 -0.171542 2.0988 1
0.58292 0.597273 16784 0
0.155134 -0.00608949 1.98292 1
0.569832 0.503655 15856 0
0.0660203 -0.151108 2.14662 1
0.527452 0.583777 17168 0
0.0554761 -0.310138 2.30217 1
0.521509 0.660329 18416 0
0.0214498 -0.468747 2.34383 1
0.508169 0.738015 18744 0
0.0128143 -0.505032 2.34159 1
0.504885 0.756685 18728 0
0.349146 -0.134713 2.0774 1
0.650017 0.577176 16616 0
0.450679 -0.308077 2.17078 1
0.685313 0.668902 17360 0
0.397273 -0.479027 2.23029 1
0.658994 0.755618 17840 0
0.393015 -0.536745 2.25818 1
0.655347 0.78288 18064 0
0.200949 -0.396286 2.29995 1
0.577987 0.705061 18392 0
0.10684 -0.664397 2.1586 1
0.544179 0.86631 17264 0
0.15813 -0.83275 2.16516 1
0.56519 0.957739 17320 0
0.136724 -0.910966 2.10297 1
0.558032 1.01554 16816 0
0.316427 -0.390689 2.29287 1
0.623182 0.702789 18336 0
0.439179 -0.664271 2.1953 1
0.678567 0.860117 17560 0
0.471386 -0.885196 2.23276 1
0.688447 0.971835 17856 0
0.453682 -0.943397 2.2125 1
0.68303 1.00746 17696 0
40
0.232236 -0.310871 2.23602 1
0.592706 0.665462 17888 0
0.226797 -0.285971 2.21495 1
0.591396 0.653657 17712 0
0.186697 -0.148148 2.09303 1
0.579619 0.584239 16744 0
0.143894 0.0255207 1.97834 1
0.564922 0.484647 15824 0
0.0482047 -0.10805 2.13876 1
0.520118 0.560125 17104 0
0.0485174 -0.278771 2.28227 1
0.518975 0.64537 18256 0
0.0164494 -0.447619 2.32818 1
0.506307 0.728815 18624 0
0.008012 -0.498606 2.3322 1
0.503066 0.75444 18656 0
0.33096 -0.0879611 2.06507 1
0.643052 0.550693 16520 0
0.435286 -0.266366 2.1486 1
0.680831 0.647542 17184 0
0.382206 -0.437541 2.20702 1
0.654577 0.735943 17656 0
0.309504 -0.458808 2.15058 1
0.628459 0.753903 17200 0
0.185675 -0.357448 2.29031 1
0.572362 0.685742 18320 0
0.110781 -0.639845 2.16908 1
0.545587 0.851068 17352 0
0.158549 -0.828403 2.16728 1
0.565298 0.954903 17336 0
0.137612 -0.90375 2.10644 1
0.558312 1.01061 16848 0
0.306355 -0.359815 2.26956 1
0.620486 0.688682 18152 0
0.430856 -0.639165 2.19757 1
0.675002 0.846149 17576 0
0.467089 -0.852638 2.2264 1
0.687262 0.955778 17808 0
0.455831 -0.92665 2.19715 1
0.685182 1.00194 17576 0
40
0.213449 -0.274069 2.21954 1
0.585839 0.646957 17752 0
0.205233 -0.245513 2.19785 1
0.583349 0.632944 17576 0
0.161377 -0.10825 2.08167 1
0.569197 0.561889 16648 0
0.124228 0.0701393 1.97078 1
0.556264 0.457644 15760 0
0.0381206 -0.0801879 2.13328 1
0.51595 0.544736 17064 0
0.0397215 -0.25632 2.26919 1
0.515625 0.634433 18152 0
0.01207 -0.434357 2.31619 1
0.504651 0.723185 18528 0
0.00391496 -0.495845 2.32545 1
0.501503 0.753765 18600 0
0.319982 -0.054841 2.0566 1
0.638876 0.531736 16448 0
0.420706 -0.225423 2.12685 1
0.676561 0.62614 17008 0
0.37043 -0.39827 2.18265 1
0.651487 0.717163 17456 0
0.252402 -0.394107 2.06815 1
0.608934 0.72679 16544 0
0.165144 -0.323918 2.27628 1
0.564758 0.669357 18208 0
0.113472 -0.621249 2.17653 1
0.546535 0.839698 17408 0
0.15861 -0.825406 2.16855 1
0.565285 0.952992 17344 0
0.138099 -0.898802 2.10851 1
0.558461 1.00732 16864 0
0.292844 -0.325075 2.2469 1
0.616334 0.672184 17968 0
0.424522 -0.622238 2.19355 1
0.672745 0.837599 17544 0
0.464668 -0.840933 2.22246 1
0.686622 0.950318 17776 0
0.456565 -0.917172 2.18463 1
0.686543 0.99965 17472 0
40
0.196005 -0.239788 2.19848 1
0.579579 0.629807 17584 0
0.187909 -0.207906 2.17501 1
0.577115 0.613762 17400 0
0.148171 -0.0590378 2.05247 1
0.564438 0.534233 16416 0
0.105817 0.128583 1.95851 1
0.548226 0.421864 15664 0
0.0256139 -0.0343822 2.1217 1
0.510776 0.519286 16968 0
0.0314672 -0.218372 2.24603 1
0.512505 0.615711 17968 0
0.00902988 -0.42489 2.30666 1
0.503494 0.719223 18448 0
0.00290587 -0.490704 2.31519 1
0.50112 0.752247 18520 0
0.305632 -0.00759413 2.04829 1
0.633186 0.504412 16384 0
0.408267 -0.188907 2.10904 1
0.672788 0.6066 16872 0
0.358079 -0.360609 2.15991 1
0.647978 0.698698 17272 0
0.295802 -0.379874 2.11729 1
0.624702 0.713527 16936 0
0.139 -0.288231 2.25293 1
0.555071 0.65226 18016 0
0.114102 -0.597886 2.18573 1
0.546596 0.825547 17480 0
0.15368 -0.8443 2.16247 1
0.563434 0.964664 17296 0
0.181112 -0.885387 2.15322 1
0.575078 0.989371 17224 0
0.277904 -0.291111 2.22185 1
0.611644 0.655933 17768 0
0.419667 -0.613552 2.1899 1
0.671055 0.833442 17512 0
0.462145 -0.834268 2.21652 1
0.686106 0.947946 17728 0
0.456263 -0.910429 2.1734 1
0.687383 0.998539 17384 0
40
0.183683 -0.209436 2.17885 1
0.575248 0.614397 17424 0
0.176316 -0.171472 2.15364 1
0.573076 0.594757 17224 0
0.144912 -0.00192459 2.03257 1
0.563638 0.501127 16256 0
0.0907981 0.188074 1.9486 1
0.541592 0.385132 15584 0
0.0141827 0.00866122 2.10934 1
0.506002 0.495113 16872 0
0.0253126 -0.182632 2.22436 1
0.510157 0.597716 17792 0
0.00958195 -0.389051 2.2788 1
0.503753 0.703185 18224 0
0.0109215 -0.452527 2.2824 1
0.504271 0.735964 18256 0
0.293368 0.0273593 2.04295 1
0.628177 0.484062 16336 0
0.39863 -0.165136 2.0969 1
0.669686 0.593725 16768 0
0.399418 -0.327076 2.12781 1
0.667552 0.68294 17016 0
0.32665 -0.337889 2.07202 1
0.640716 0.694076 16576 0
0.120326 -0.258006 2.22613 1
0.548246 0.637935 17808 0
0.11312 -0.573962 2.19535 1
0.545993 0.811151 17560 0
0.152409 -0.846248 2.16176 1
0.56293 0.965889 17288 0
0.17646 -0.885548 2.14805 1
0.573326 0.990638 17184 0
0.264754 -0.261793 2.19968 1
0.607433 0.641642 17592 0
0.3942 -0.584348 2.17383 1
0.661862 0.819919 17384 0
0.45892 -0.830756 2.2083 1
0.685495 0.947721 17664 0
0.45428 -0.903754 2.16103 1
0.687636 0.997716 17288 0
40
0.174952 -0.186501 2.16556 1
0.572111 0.602495 17320 0
0.168671 -0.149035 2.14173 1
0.570296 0.582816 17128 0
0.139934 0.0268034 2.02375 1
0.561719 0.484237 16184 0
0.0815679 0.222447 1.94812 1
0.537373 0.364105 15584 0
0.00737783 0.0311229 2.10303 1
0.503131 0.482387 16824 0
0.0237365 -0.16414 2.21099 1
0.509583 0.588353 17680 0
0.0144865 -0.368221 2.25792 1
0.505727 0.694085 18056 0
0.0126185 -0.42379 2.24816 1
0.50501 0.724345 17984 0
0.283516 0.0545433 2.03947 1
0.624083 0.468172 16312 0
0.383079 -0.125482 2.07678 1
0.664647 0.571909 16608 0
0.428679 -0.282725 2.09473 1
0.682666 0.660631 16752 0
0.413805 -0.318985 2.08107 1
0.677486 0.682422 16648 0
0.111495 -0.240341 2.21166 1
0.544998 0.629331 17688 0
0.112641 -0.554503 2.19796 1
0.545744 0.800246 17576 0
0.150923 -0.844216 2.161 1
0.562338 0.964934 17280 0
0.159877 -0.880631 2.12873 1
0.567038 0.99234 17024 0
0.254097 -0.235706 2.18396 1
0.60385 0.628445 17464 0
0.380385 -0.567975 2.16172 1
0.657064 0.812696 17288 0
0.454471 -0.828454 2.19767 1
0.684586 0.948641 17576 0
0.4483 -0.894139 2.14028 1
0.686962 0.997195 17120 0
40
0.164867 -0.156346 2.15218 1
0.568377 0.586457 17216 0
0.160192 -0.119825 2.13066 1
0.567109 0.566931 17040 0
0.135658 0.0580408 2.02144 1
0.559902 0.465828 16168 0
0.0753428 0.253405 1.94916 1
0.534502 0.345275 15592 0
-0.015498 0.0745945 2.10706 1
0.493435 0.457867 16856 0
0.0141733 -0.137471 2.20667 1
0.505733 0.574142 17648 0
0.0280558 -0.334911 2.23367 1
0.511211 0.678444 17864 0
0.0215363 -0.389387 2.22773 1
0.508629 0.708023 17816 0
0.272295 0.0799194 2.03535 1
0.619413 0.453269 16280 0
0.375587 -0.107673 2.06719 1
0.662175 0.56199 16536 0
0.38549 -0.269854 2.07174 1
0.666085 0.655019 16568 0
0.414594 -0.312421 2.0777 1
0.678112 0.678958 16616 0
0.101198 -0.216232 2.19609 1
0.541131 0.617182 17568 0
0.11791 -0.533707 2.18461 1
0.548176 0.790751 17472 0
0.149627 -0.834664 2.1597 1
0.56184 0.95995 17272 0
0.146685 -0.871146 2.11532 1
0.561896 0.990126 16920 0
0.244617 -0.212143 2.17151 1
0.600549 0.616268 17368 0
0.355264 -0.546469 2.12755 1
0.649047 0.805688 17016 0
0.442936 -0.814535 2.17815 1
0.681512 0.945055 17424 0
0.430484 -0.868722 2.11467 1
0.681706 0.988913 16912 0
40
0.158834 -0.134369 2.14064 1
0.56623 0.574705 17120 0
0.154415 -0.0964245 2.11995 1
0.565015 0.554132 16952 0
0.128614 0.0957794 2.01541 1
0.556961 0.443441 16120 0
0.0668666 0.295068 1.95075 1
0.530596 0.319983 15600 0
-0.0263318 0.0962265 2.10509 1
0.488835 0.445598 16840 0
0.00679804 -0.118133 2.20248 1
0.502755 0.563834 17616 0
0.0340902 -0.319829 2.22097 1
0.513701 0.671383 17760 0
0.0291989 -0.372653 2.2126 1
0.511779 0.700445 17696 0
0.261747 0.104204 2.03135 1
0.615014 0.438949 16248 0
0.362796 -0.0846834 2.05283 1
0.657748 0.549095 16416 0
0.360366 -0.241279 2.05058 1
0.656863 0.640035 16400 0
0.297026 -0.276535 1.99937 1
0.632604 0.664607 15992 0
0.0945026 -0.196354 2.18102 1
0.538676 0.607145 17448 0
0.12212 -0.524819 2.17504 1
0.550116 0.787167 17400 0
0.149192 -0.828874 2.15815 1
0.561705 0.957088 17264 0
0.14096 -0.866784 2.10717 1
0.55971 0.989558 16856 0
0.238356 -0.18837 2.15772 1
0.598602 0.603898 17256 0
0.338072 -0.534376 2.10337 1
0.643465 0.802359 16824 0
0.429079 -0.803629 2.15667 1
0.677585 0.94347 17248 0
0.4154 -0.852685 2.09272 1
0.677178 0.98492 16736 0
40
0.149542 -0.107213 2.12661 1
0.562767 0.56 17008 0
0.145312 -0.0672833 2.10747 1
0.561545 0.537996 16856 0
0.120227 0.13421 2.01259 1
0.553321 0.420637 16096 0
0.059751 0.330706 1.94837 1
0.527373 0.297995 15584 0
-0.0365211 0.122716 2.1014 1
0.484487 0.4305 16808 0
-0.00644208 -0.0811865 2.19846 1
0.497384 0.54395 17584 0
0.0368114 -0.286586 2.18959 1
0.515006 0.655771 17512 0
0.035356 -0.340767 2.19071 1
0.514406 0.685125 17520 0
0.252267 0.125263 2.02775 1
0.611045 0.426481 16216 0
0.353581 -0.0647314 2.04077 1
0.65465 0.53775 16320 0
0.318853 -0.219516 2.02966 1
0.640224 0.628717 16232 0
0.272688 -0.251699 1.98548 1
0.62259 0.650872 15880 0
0.0832831 -0.169366 2.16175 1
0.534388 0.593243 17288 0
0.126261 -0.523058 2.16578 1
0.552037 0.787428 17320 0
0.149838 -0.825887 2.15693 1
0.562007 0.955698 17248 0
0.138298 -0.864739 2.1017 1
0.558735 0.989675 16808 0
0.229846 -0.163798 2.1426 1
0.595752 0.590983 17136 0
0.305565 -0.514332 2.0631 1
0.632201 0.796698 16504 0
0.403121 -0.776692 2.12443 1
0.669374 0.93511 16992 0
0.387788 -0.821837 2.06139 1
0.667914 0.974481 16488 0
40
0.141996 -0.0879756 2.11612 1
0.559895 0.549478 16928 0
0.138098 -0.0471235 2.09854 1
0.558738 0.526725 16784 0
0.113959 0.160181 2.01176 1
0.550562 0.405239 16088 0
0.0551682 0.356467 1.94779 1
0.525281 0.282194 15576 0
-0.0436075 0.142896 2.09894 1
0.481456 0.418976 16784 0
-0.0155752 -0.0548168 2.19683 1
0.493672 0.529697 17568 0
0.0360076 -0.266302 2.1757 1
0.514772 0.64567 17400 0
0.0357541 -0.320829 2.17831 1
0.514651 0.675286 17424 0
0.245917 0.14125 2.02449 1
0.608424 0.416965 16192 0
0.347259 -0.0515489 2.03236 1
0.652513 0.530186 16256 0
0.304962 -0.208914 2.01964 1
0.63478 0.623108 16152 0
0.259063 -0.24316 1.98518 1
0.616482 0.645776 15880 0
0.0746241 -0.151299 2.14931 1
0.530991 0.583778 17192 0
0.130459 -0.526563 2.15607 1
0.554009 0.790656 17248 0
0.151693 -0.823932 2.15598 1
0.562802 0.954821 17240 0
0.137444 -0.863763 2.09781 1
0.558481 0.990027 16776 0
0.222558 -0.146204 2.12914 1
0.593303 0.581724 17032 0
0.281653 -0.506093 2.03368 1
0.623619 0.796169 16264 0
0.374276 -0.766039 2.08785 1
0.66001 0.936661 16696 0
0.357643 -0.809005 2.0258 1
0.657583 0.975278 16200 0
40
0.132655 -0.0694357 2.10444 1
0.556265 0.539268 16832 0
0.130034 -0.0289752 2.08941 1
0.55555 0.516504 16712 0
0.110058 0.177521 2.01139 1
0.548841 0.394962 16088 0
0.0527934 0.375286 1.94865 1
0.524182 0.270796 15584 0
-0.0444804 0.197129 2.07068 1
0.480826 0.3867 16560 0
-0.0193209 0.00377752 2.12557 1
0.491887 0.497885 17000 0
0.0257633 -0.216005 2.14068 1
0.510742 0.620089 17120 0
0.0308929 -0.281615 2.15172 1
0.512815 0.655762 17208 0
0.240497 0.15804 2.0205 1
0.606244 0.406911 16160 0
0.341343 -0.0393709 2.02316 1
0.650596 0.52316 16184 0
0.296738 -0.201309 2.01179 1
0.631657 0.619089 16088 0
0.276319 -0.252541 1.99874 1
0.623398 0.650372 15984 0
0.0643044 -0.130662 2.13644 1
0.526866 0.572787 17088 0
0.133323 -0.525493 2.14702 1
0.555427 0.791289 17176 0
0.155329 -0.817407 2.15532 1
0.564327 0.951356 17240 0
0.139523 -0.859112 2.09415 1
0.559469 0.98824 16752 0
0.20653 -0.125797 2.10558 1
0.587552 0.571104 16840 0
0.261677 -0.504065 2.00737 1
0.616357 0.798849 16056 0
0.342183 -0.766609 2.04695 1
0.649213 0.945717 16368 0
0.327658 -0.808184 1.98457 1
0.64737 0.984659 15872 0
40
0.124241 -0.0541594 2.09239 1
0.553 0.530805 16736 0
0.122767 -0.0140352 2.07985 1
0.552687 0.508031 16632 0
0.10736 0.19024 2.01092 1
0.547654 0.38741 16080 0
0.0508422 0.389195 1.94935 1
0.52328 0.262387 15592 0
-0.0454066 0.217317 2.06091 1
0.480334 0.374505 16480 0
-0.0209283 0.0305387 2.08847 1
0.491055 0.482597 16704 0
0.0185447 -0.192492 2.11749 1
0.507817 0.608189 16936 0
0.0271734 -0.265538 2.13473 1
0.511362 0.648039 17072 0
0.236339 0.172357 2.0162 1
0.60463 0.398261 16128 0
0.334849 -0.0276692 2.01194 1
0.648555 0.516367 16088 0
0.291622 -0.196833 2.00446 1
0.629861 0.616867 16032 0
0.271196 -0.248835 1.99313 1
0.621451 0.648583 15944 0
0.0565977 -0.115117 2.12516 1
0.523772 0.564467 17000 0
0.133339 -0.521296 2.13674 1
0.5557 0.790352 17088 0
0.158708 -0.805185 2.15428 1
0.565759 0.944822 17232 0
0.142754 -0.847915 2.09037 1
0.560957 0.98275 16720 0
0.194951 -0.112701 2.08711 1
0.583375 0.564265 16696 0
0.23755 -0.501449 1.97846 1
0.607172 0.801642 15824 0
0.305616 -0.768156 1.99914 1
0.636454 0.957296 15992 0
0.281469 -0.817928 1.98017 1
0.626877 0.991592 15840 0
40
0.117026 -0.043407 2.08094 1
0.550197 0.524825 16640 0
0.116646 -0.00334229 2.07058 1
0.550284 0.501921 16560 0
0.105615 0.199326 2.01023 1
0.546896 0.381992 16080 0
0.0496711 0.399892 1.95037 1
0.522732 0.255985 15600 0
-0.0458962 0.230606 2.05441 1
0.480059 0.366409 16432 0
-0.0224979 0.0450172 2.06792 1
0.490289 0.474092 16536 0
0.0128129 -0.180303 2.10304 1
0.505438 0.602035 16824 0
0.0207646 -0.256347 2.11835 1
0.508749 0.64402 16944 0
0.233081 0.182527 2.01108 1
0.60345 0.391983 16088 0
0.329205 -0.0186655 1.99983 1
0.646936 0.511108 15992 0
0.305185 -0.188792 1.9991 1
0.636265 0.612394 15992 0
0.308406 -0.246155 2.00433 1
0.637343 0.646161 16032 0
0.0504999 -0.104483 2.11635 1
0.521299 0.558756 16928 0
0.128493 -0.515289 2.12707 1
0.55392 0.788312 17016 0
0.160659 -0.792598 2.1531 1
0.566603 0.938107 17224 0
0.143918 -0.840113 2.08803 1
0.561522 0.978844 16704 0
0.182487 -0.104383 2.06425 1
0.578908 0.560181 16512 0
0.216961 -0.496125 1.95948 1
0.598831 0.80133 15672 0
0.266755 -0.767226 1.94621 1
0.622342 0.969166 15568 0
0.240884 -0.818732 1.95513 1
0.609973 0.998378 15640 0
40
0.10902 -0.0343338 2.0654 1
0.547115 0.519784 16520 0
0.109878 0.00578192 2.05752 1
0.547667 0.496656 16456 0
0.104391 0.206332 2.00903 1
0.54638 0.377771 16072 0
0.0489566 0.408046 1.95074 1
0.522401 0.251056 15600 0
-0.0460743 0.24012 2.04921 1
0.479931 0.360545 16392 0
-0.0240479 0.0543779 2.05362 1
0.489548 0.468487 16424 0
0.000538137 -0.171941 2.08825 1
0.50023 0.597992 16704 0
0.00777289 -0.249537 2.09965 1
0.503304 0.641442 16792 0
0.230341 0.190417 2.0031 1
0.602641 0.386865 16024 0
0.323369 -0.0123318 1.98366 1
0.645508 0.507399 15864 0
0.301254 -0.180702 1.95233 1
0.637732 0.610155 15616 0
0.296793 -0.228007 1.96204 1
0.635021 0.638304 15696 0
0.0433196 -0.0952436 2.10452 1
0.518373 0.553861 16832 0
0.114953 -0.505903 2.11523 1
0.548508 0.784643 16920 0
0.160129 -0.779257 2.1504 1
0.566467 0.931274 17200 0
0.143308 -0.822273 2.08342 1
0.561397 0.969712 16664 0
0.171847 -0.0996189 2.04159 1
0.575132 0.558072 16328 0
0.196242 -0.486868 1.94182 1
0.590206 0.798398 15528 0
0.231238 -0.749312 1.8913 1
0.609132 0.971514 15128 0
0.210504 -0.794335 1.86883 1
0.600541 1.00586 14944 0
40
0.101078 -0.0273162 2.04536 1
0.54411 0.515894 16360 0
0.103019 0.01326 2.03959 1
0.545085 0.492263 16312 0
0.103781 0.213136 2.00529 1
0.546195 0.373505 16040 0
0.0483095 0.415425 1.95004 1
0.522113 0.246462 15600 0
-0.0457089 0.247463 2.04387 1
0.480038 0.355905 16344 0
-0.0308758 0.061167 2.04794 1
0.486543 0.464454 16376 0
-0.0288894 -0.166437 2.06413 1
0.487507 0.595963 16512 0
-0.0255735 -0.244087 2.06959 1
0.48897 0.640363 16552 0
0.226273 0.196656 1.98735 1
0.601628 0.382233 15896 0
0.316672 -0.00710513 1.96136 1
0.644114 0.504311 15688 0
0.298238 -0.175794 1.92136 1
0.63855 0.60889 15368 0
0.28068 -0.216875 1.92154 1
0.630382 0.634324 15368 0
0.0355184 -0.0879759 2.08763 1
0.515186 0.550154 16696 0
0.102545 -0.496933 2.10104 1
0.543565 0.781486 16808 0
0.153956 -0.76694 2.14462 1
0.564077 0.925602 17152 0
0.13595 -0.806294 2.07631 1
0.558444 0.962161 16608 0
0.160742 -0.0959219 2.01234 1
0.571299 0.55673 16096 0
0.181386 -0.476792 1.92956 1
0.583907 0.794079 15432 0
0.197289 -0.726158 1.83803 1
0.595808 0.970187 14704 0
0.160376 -0.769625 1.82241 1
0.57855 1.0026 14576 0
40
0.0929236 -0.0216238 2.02295 1
0.541001 0.512722 16176 0
0.0955918 0.0192965 2.01833 1
0.542275 0.488622 16144 0
0.102788 0.219373 1.99728 1
0.545937 0.369281 15976 0
0.047536 0.422288 1.94787 1
0.521783 0.241986 15576 0
-0.0453821 0.252848 2.0375 1
0.480119 0.352309 16296 0
-0.0375505 0.0608092 2.03893 1
0.483561 0.464506 16304 0
-0.0481573 -0.165342 2.04473 1
0.478978 0.596237 16352 0
-0.0506029 -0.243028 2.04334 1
0.477895 0.641549 16344 0
0.223163 0.198453 1.96499 1
0.601371 0.379804 15712 0
0.308566 -0.00444204 1.93348 1
0.64245 0.502734 15464 0
0.285864 -0.170955 1.87928 1
0.635775 0.608264 15032 0
0.253533 -0.221971 1.86814 1
0.621138 0.64141 14944 0
0.0268797 -0.0829464 2.0687 1
0.511598 0.547719 16544 0
0.0910125 -0.488329 2.07827 1
0.539089 0.779642 16624 0
0.144363 -0.755241 2.13614 1
0.560323 0.920774 17088 0
0.1301 -0.796558 2.07088 1
0.556076 0.957778 16560 0
0.152378 -0.0943135 1.98739 1
0.568437 0.556479 15896 0
0.171148 -0.469421 1.91928 1
0.579596 0.791084 15352 0
0.177907 -0.704898 1.80027 1
0.588208 0.965995 14400 0
0.137943 -0.75538 1.79634 1
0.568543 1.00046 14368 0
40
0.085187 -0.0178585 1.99676 1
0.53808 0.510644 15968 0
0.0884323 0.0233231 1.99329 1
0.5396 0.486075 15944 0
0.101047 0.224926 1.98285 1
0.545487 0.364997 15856 0
0.0462679 0.429146 1.94262 1
0.521259 0.237089 15536 0
-0.0453031 0.256645 2.02813 1
0.480062 0.349399 16224 0
-0.0436169 0.058103 2.03068 1
0.480828 0.465947 16240 0
-0.0623417 -0.165892 2.02812 1
0.472563 0.597347 16224 0
-0.0667071 -0.242942 2.02448 1
0.470589 0.642817 16192 0
0.219525 0.197789 1.93985 1
0.601011 0.378654 15512 0
0.300488 -0.00402344 1.90143 1
0.641059 0.502518 15208 0
0.271077 -0.175743 1.84429 1
0.631195 0.613407 14752 0
0.229619 -0.235031 1.82329 1
0.61241 0.653413 14584 0
0.0173571 -0.0806325 2.04242 1
0.507586 0.546985 16336 0
0.0871516 -0.481186 2.0452 1
0.538036 0.780008 16360 0
0.133954 -0.745 2.12274 1
0.556326 0.917688 16976 0
0.122482 -0.786956 2.06198 1
0.55302 0.954211 16488 0
0.143929 -0.0931946 1.95561 1
0.565693 0.556716 15640 0
0.166089 -0.451835 1.88114 1
0.578809 0.785858 15048 0
0.165617 -0.685097 1.773 1
0.583378 0.959872 14176 0
0.125405 -0.724509 1.7466 1
0.564087 0.993676 13968 0
40
0.0784024 -0.0161144 1.96521 1
0.53561 0.509759 15720 0
0.0819654 0.0251519 1.96306 1
0.537269 0.484751 15704 0
0.098223 0.228548 1.96142 1
0.544699 0.361325 15688 0
0.0435488 0.435301 1.93177 1
0.520122 0.231819 15448 0
-0.0459943 0.258637 2.0135 1
0.479611 0.347126 16104 0
-0.0502926 0.0543482 2.02274 1
0.477807 0.468023 16176 0
-0.0762293 -0.170058 2.00759 1
0.466108 0.600813 16056 0
-0.0827358 -0.245976 2.00284 1
0.463128 0.646164 16016 0
0.211948 0.194949 1.90908 1
0.599096 0.378469 15272 0
0.29372 -0.0052602 1.87327 1
0.639955 0.503342 14984 0
0.262805 -0.178843 1.81813 1
0.629022 0.617068 14544 0
0.226094 -0.237162 1.80184 1
0.612002 0.656646 14408 0
0.0101963 -0.0812645 2.01285 1
0.504522 0.548049 16096 0
0.0869818 -0.478082 2.01546 1
0.538522 0.782307 16120 0
0.123694 -0.738128 2.1076 1
0.552386 0.916808 16856 0
0.105719 -0.774515 2.0411 1
0.546232 0.951605 16328 0
0.136017 -0.0921304 1.91718 1
0.563326 0.557192 15336 0
0.162578 -0.439411 1.85171 1
0.578369 0.782417 14808 0
0.157134 -0.671041 1.75415 1
0.579957 0.955277 14032 0
0.126691 -0.697814 1.69503 1
0.566715 0.989954 13560 0
40
0.0738963 -0.016248 1.93356 1
0.534113 0.510001 15464 0
0.0775095 0.024633 1.93293 1
0.535793 0.484833 15456 0
0.0949765 0.227895 1.93722 1
0.543761 0.359994 15496 0
0.0411116 0.438592 1.91938 1
0.519119 0.228047 15352 0
-0.047596 0.257614 1.99391 1
0.478693 0.346236 15944 0
-0.0630161 0.0332461 1.99829 1
0.471852 0.4802 15984 0
-0.0873089 -0.174764 1.98826 1
0.460804 0.60461 15904 0
-0.09471 -0.249318 1.9851 1
0.457414 0.649474 15880 0
0.203591 0.191645 1.87983 1
0.59667 0.378669 15032 0
0.282841 -0.0125979 1.8312 1
0.637867 0.508188 14648 0
0.255945 -0.181951 1.78803 1
0.627769 0.621108 14304 0
0.21775 -0.244093 1.77315 1
0.609614 0.663833 14184 0
0.00621874 -0.0843889 1.97906 1
0.502805 0.550748 15832 0
0.0855432 -0.458192 1.96368 1
0.538884 0.777696 15704 0
0.106898 -0.711422 2.0708 1
0.546077 0.908867 16560 0
0.0898368 -0.750991 2.01244 1
0.539846 0.944123 16096 0
0.130396 -0.0917261 1.88147 1
0.561862 0.558021 15048 0
0.158532 -0.42956 1.81425 1
0.577996 0.781787 14512 0
0.150701 -0.662345 1.73966 1
0.577322 0.953119 13912 0
0.124587 -0.685325 1.66585 1
0.566756 0.989612 13320 0
40
0.0675957 -0.0167233 1.90505 1
0.531671 0.510447 15240 0
0.0717457 0.0237551 1.90585 1
0.533602 0.485166 15240 0
0.090824 0.226106 1.91277 1
0.542383 0.359317 15296 0
0.0376211 0.44029 1.90315 1
0.517645 0.224668 15224 0
-0.0505863 0.255394 1.97108 1
0.477092 0.345795 15768 0
-0.0665678 0.0173905 1.95823 1
0.469657 0.489431 15664 0
-0.0946313 -0.178482 1.97238 1
0.457175 0.607695 15776 0
-0.10213 -0.251815 1.97239 1
0.453782 0.651943 15776 0
0.196161 0.186539 1.84909 1
0.594691 0.379938 14792 0
0.27598 -0.0178252 1.80133 1
0.636754 0.511777 14408 0
0.248474 -0.184305 1.75666 1
0.626254 0.624865 14048 0
0.212767 -0.24957 1.7509 1
0.608467 0.669638 14000 0
-0.00110421 -0.0865867 1.94808 1
0.499494 0.552898 15584 0
0.0773478 -0.429135 1.91071 1
0.536133 0.767296 15280 0
0.100926 -0.670082 1.94542 1
0.546307 0.909928 15560 0
0.118567 -0.683225 1.84442 1
0.55738 0.940856 14752 0
0.123433 -0.0920123 1.85264 1
0.559469 0.559108 14816 0
0.149675 -0.419201 1.77253 1
0.575372 0.781464 14176 0
0.138867 -0.654655 1.71958 1
0.572082 0.953088 13752 0
0.115871 -0.677823 1.64051 1
0.563045 0.991733 13120 0
40
0.0625787 -0.0179804 1.87277 1
0.529826 0.511426 14976 0
0.067378 0.0218585 1.8763 1
0.532053 0.486135 15008 0
0.0869485 0.222169 1.88604 1
0.54115 0.359807 15088 0
0.0344298 0.439822 1.88616 1
0.516293 0.222481 15088 0
-0.0540589 0.25143 1.94459 1
0.475186 0.34612 15552 0
-0.0681598 0.00981536 1.93225 1
0.468514 0.493954 15456 0
-0.100441 -0.181638 1.95658 1
0.454179 0.610485 15648 0
-0.108726 -0.2543 1.95914 1
0.450464 0.65448 15672 0
0.188148 0.182233 1.81888 1
0.592331 0.380762 14544 0
0.264657 -0.0225676 1.7592 1
0.634283 0.515267 14072 0
0.242252 -0.187849 1.72484 1
0.625364 0.629614 13792 0
0.208008 -0.255683 1.71804 1
0.608069 0.677118 13744 0
-0.0054752 -0.0892153 1.91764 1
0.497451 0.555369 15336 0
0.0777115 -0.418445 1.84342 1
0.537628 0.770151 14744 0
0.105065 -0.652748 1.82704 1
0.551329 0.925197 14616 0
0.124681 -0.658794 1.74194 1
0.563889 0.950101 13928 0
0.116037 -0.0926735 1.81266 1
0.557139 0.560846 14496 0
0.141635 -0.411988 1.74009 1
0.572653 0.781777 13920 0
0.1257 -0.64705 1.69788 1
0.566082 0.953549 13576 0
0.146969 -0.687891 1.6568 1
0.579179 0.994133 13248 0
40
0.0586206 -0.0151207 1.8416 1
0.528412 0.509772 14728 0
0.0643523 0.0239113 1.84882 1
0.531069 0.484608 14784 0
0.0844596 0.222972 1.86257 1
0.540475 0.357528 14896 0
0.0318912 0.442217 1.8683 1
0.515236 0.218304 14944 0
-0.0568955 0.250897 1.91947 1
0.473542 0.344436 15352 0
-0.070702 0.00925292 1.91035 1
0.466965 0.494236 15280 0
-0.10549 -0.181611 1.93808 1
0.451416 0.611523 15504 0
-0.116063 -0.253963 1.94081 1
0.446622 0.655733 15520 0
0.182718 0.181576 1.79523 1
0.590848 0.379626 14360 0
0.253731 -0.0254113 1.7277 1
0.631087 0.517505 13816 0
0.233726 -0.190542 1.68982 1
0.623459 0.634197 13512 0
0.206179 -0.26145 1.67778 1
0.609689 0.685458 13416 0
-0.00980776 -0.0863321 1.88142 1
0.495347 0.554611 15048 0
0.0736893 -0.41352 1.80191 1
0.536503 0.773121 14408 0
0.0426138 -0.647999 1.8965 1
0.520056 0.906645 15168 0
0.0756116 -0.651998 1.81463 1
0.537192 0.927613 14512 0
0.111322 -0.0891889 1.7823 1
0.555751 0.559556 14256 0
0.126846 -0.405142 1.72559 1
0.565614 0.779423 13800 0
0.118876 -0.642586 1.68388 1
0.563014 0.954164 13464 0
0.146348 -0.684374 1.64408 1
0.579455 0.995409 13152 0
40
0.0529634 -0.0109487 1.81597 1
0.526033 0.507175 14520 0
0.0598644 0.0277792 1.82514 1
0.529277 0.481886 14600 0
0.0808534 0.228256 1.83658 1
0.539295 0.352087 14688 0
0.0285996 0.448196 1.84808 1
0.513813 0.211371 14784 0
-0.0606543 0.253768 1.8928 1
0.471397 0.34044 15136 0
-0.0754423 0.0166483 1.88358 1
0.464249 0.489481 15064 0
-0.108297 -0.178625 1.92125 1
0.449686 0.61065 15368 0
-0.119865 -0.25138 1.92717 1
0.444483 0.65524 15416 0
0.177272 0.182649 1.76701 1
0.589548 0.376982 14136 0
0.239657 -0.0277167 1.69439 1
0.62625 0.519468 13552 0
0.223847 -0.19347 1.65859 1
0.620466 0.638824 13264 0
0.202538 -0.26601 1.64886 1
0.609642 0.692002 13184 0
-0.0157079 -0.0829373 1.85746 1
0.492452 0.55314 14856 0
0.0679705 -0.411602 1.77669 1
0.534148 0.775715 14208 0
0.0233368 -0.643722 1.87303 1
0.511121 0.909021 14984 0
0.0641977 -0.645624 1.79324 1
0.531955 0.928483 14344 0
0.104782 -0.0846697 1.75539 1
0.55328 0.557405 14040 0
0.112862 -0.402518 1.70994 1
0.558914 0.780155 13672 0
0.114852 -0.639979 1.67273 1
0.561287 0.955335 13376 0
0.130079 -0.679656 1.62355 1
0.571515 0.998213 12984 0
40
0.0468292 -0.00874665 1.79405 1
0.523299 0.505802 14352 0
0.0551815 0.0299908 1.80552 1
0.52728 0.480231 14440 0
0.0774462 0.232672 1.8167 1
0.538051 0.347576 14528 0
0.017936 0.452095 1.82545 1
0.50877 0.205252 14600 0
-0.0643485 0.256884 1.8706 1
0.469295 0.336564 14960 0
-0.0783046 0.0222848 1.86797 1
0.462583 0.485802 14936 0
-0.109032 -0.172634 1.90323 1
0.448865 0.607951 15224 0
-0.120967 -0.24625 1.91421 1
0.443593 0.653101 15312 0
0.171433 0.185755 1.743 1
0.587792 0.373166 13936 0
0.226129 -0.0290584 1.66574 1
0.621172 0.520761 13320 0
0.200948 -0.192526 1.61551 1
0.611027 0.641832 12920 0
0.190998 -0.267081 1.60582 1
0.606166 0.697943 12840 0
-0.0243154 -0.0793737 1.82966 1
0.488138 0.551629 14632 0
0.0399151 -0.431467 1.76893 1
0.520141 0.790288 14144 0
0.0100997 -0.677701 1.87554 1
0.504807 0.930035 15000 0
0.0554375 -0.664982 1.79279 1
0.527601 0.941441 14336 0
0.099568 -0.0818314 1.73767 1
0.551145 0.556046 13896 0
0.1026 -0.410217 1.6889 1
0.554225 0.78907 13504 0
0.112719 -0.638445 1.66374 1
0.560474 0.9567 13304 0
0.117789 -0.676169 1.60803 1
0.565383 1.00044 12864 0
40
0.0406752 -0.00993915 1.77447 1
0.52046 0.506666 14192 0
0.0506245 0.0291175 1.78714 1
0.525285 0.48061 14296 0
0.0717932 0.23462 1.79686 1
0.535663 0.344603 14368 0
0.00728833 0.452746 1.80622 1
0.503602 0.201684 14448 0
-0.0689147 0.222536 1.86101 1
0.466947 0.357688 14888 0
-0.0772196 -0.00971175 1.8546 1
0.462835 0.506232 14832 0
-0.106694 -0.200862 1.87471 1
0.449201 0.627514 14992 0
-0.118973 -0.272233 1.89448 1
0.443946 0.671018 15152 0
0.165384 0.190012 1.72126 1
0.585763 0.368621 13768 0
0.211947 -0.0279101 1.63966 1
0.615379 0.520258 13112 0
0.181259 -0.205277 1.57928 1
0.602446 0.654694 12632 0
0.180539 -0.279215 1.57492 1
0.602321 0.710994 12592 0
-0.0287115 -0.0793591 1.81414 1
0.485873 0.552062 14512 0
-0.0125392 -0.456565 1.79397 1
0.493761 0.802887 14344 0
0.0009487 -0.705318 1.88205 1
0.50045 0.946012 15056 0
0.000557046 -0.67583 1.82205 1
0.500273 0.941438 14576 0
0.0909668 -0.0809742 1.71379 1
0.547378 0.556232 13704 0
0.0978251 -0.415077 1.6753 1
0.552121 0.794868 13400 0
0.111692 -0.636257 1.65598 1
0.560204 0.957268 13240 0
0.0929785 -0.668222 1.59089 1
0.552167 0.99989 12720 0
40
0.033326 -0.0087304 1.76009 1
0.516901 0.505903 14080 0
0.0446876 0.030692 1.773 1
0.522497 0.479398 14176 0
0.0638692 0.240288 1.77787 1
0.532066 0.339149 14216 0
-0.00402739 0.457232 1.78768 1
0.497989 0.195603 14296 0
-0.0711121 0.215368 1.85459 1
0.465775 0.361795 14832 0
-0.0783015 -0.0182398 1.84599 1
0.462139 0.511759 14760 0
-0.10419 -0.200405 1.82978 1
0.449175 0.630348 14632 0
-0.1153 -0.269875 1.85671 1
0.44457 0.672986 14848 0
0.158301 0.195059 1.69986 1
0.583123 0.363433 13592 0
0.199045 -0.0250948 1.61688 1
0.609882 0.518471 12928 0
0.170574 -0.211128 1.55934 1
0.597639 0.661138 12472 0
0.169999 -0.286206 1.54747 1
0.598057 0.720115 12376 0
-0.0337593 -0.0785201 1.80342 1
0.483291 0.551817 14424 0
-0.0411363 -0.463092 1.79409 1
0.479534 0.807197 14352 0
-0.00417974 -0.721653 1.86601 1
0.498001 0.960264 14928 0
-0.038959 -0.680206 1.82671 1
0.480963 0.943164 14608 0
0.0822821 -0.0783321 1.69808 1
0.543251 0.5549 13584 0
0.0947156 -0.417189 1.66621 1
0.55074 0.797986 13328 0
0.11129 -0.635055 1.65043 1
0.560189 0.957938 13200 0
0.0881193 -0.672967 1.59292 1
0.549378 1.0028 12736 0
40
0.0252728 -0.00731889 1.73912 1
0.512971 0.505009 13912 0
0.0382409 0.0321933 1.75372 1
0.519463 0.478153 14024 0
0.0556717 0.244196 1.76084 1
0.528221 0.334952 14080 0
-0.0133784 0.460219 1.77173 1
0.49326 0.190856 14168 0
-0.0734009 0.2106 1.84902 1
0.464567 0.364447 14792 0
-0.0812298 -0.0236548 1.83644 1
0.460519 0.51533 14688 0
-0.102916 -0.19981 1.81003 1
0.449248 0.631379 14480 0
-0.111783 -0.231257 1.78433 1
0.444082 0.654245 14272 0
0.147834 0.200472 1.6781 1
0.578634 0.357824 13424 0
0.18813 -0.0203062 1.59563 1
0.60524 0.515146 12760 0
0.156646 -0.215154 1.53721 1
0.590958 0.666574 12296 0
0.159352 -0.290097 1.52473 1
0.593287 0.726435 12192 0
-0.0398998 -0.0776161 1.78269 1
0.480022 0.551816 14256 0
-0.0577573 -0.465042 1.78765 1
0.471161 0.809601 14296 0
-0.0102771 -0.724983 1.83193 1
0.494993 0.970991 14648 0
-0.0641814 -0.678393 1.81068 1
0.468361 0.945894 14480 0
0.0739352 -0.0746945 1.67636 1
0.539367 0.553029 13408 0
0.0925522 -0.418836 1.6564 1
0.549874 0.800934 13248 0
0.111221 -0.634124 1.64589 1
0.560317 0.958528 13160 0
0.0851806 -0.678698 1.59921 1
0.547543 1.00508 12792 0
40
0.0198032 -0.00625825 1.72615 1
0.51024 0.504315 13808 0
0.033472 0.033283 1.74098 1
0.517161 0.477248 13920 0
0.0470573 0.245528 1.74497 1
0.524071 0.332542 13952 0
-0.0224173 0.460941 1.75655 1
0.488609 0.187696 14048 0
-0.0770462 0.206806 1.84288 1
0.462683 0.366446 14736 0
-0.0877626 -0.0182928 1.81812 1
0.456914 0.511974 14544 0
-0.111713 -0.181962 1.77072 1
0.443687 0.6223 14160 0
-0.110373 -0.221298 1.76404 1
0.444152 0.649301 14112 0
0.138724 0.204083 1.66018 1
0.574585 0.3537 13280 0
0.178311 -0.0165762 1.57701 1
0.600925 0.51251 12616 0
0.140939 -0.220496 1.51545 1
0.583013 0.673161 12120 0
0.145861 -0.294856 1.50086 1
0.586746 0.733809 12000 0
-0.0437774 -0.0768281 1.7711 1
0.477937 0.551626 14168 0
-0.0703939 -0.449578 1.75878 1
0.464275 0.804219 14064 0
-0.0291578 -0.708854 1.7836 1
0.485408 0.972988 14264 0
-0.100909 -0.697418 1.79927 1
0.449941 0.961305 14392 0
0.0684987 -0.0729073 1.66372 1
0.53675 0.552154 13304 0
0.0899964 -0.418989 1.6489 1
0.548718 0.802414 13184 0
0.111314 -0.633014 1.64156 1
0.560527 0.958934 13128 0
0.0831612 -0.682452 1.60454 1
0.546262 1.00619 12832 0
40
0.0133922 -0.00584088 1.71184 1
0.506983 0.504061 13688 0
0.0275793 0.033648 1.72661 1
0.514257 0.476807 13808 0
0.0375862 0.245634 1.72861 1
0.519408 0.330884 13824 0
-0.0325989 0.46041 1.74078 1
0.483285 0.185231 13920 0
-0.0832384 0.204352 1.83386 1
0.459485 0.367381 14664 0
-0.0918326 -0.014054 1.80764 1
0.454654 0.509253 14456 0
-0.114605 -0.175299 1.75581 1
0.441739 0.618821 14040 0
-0.109822 -0.216452 1.7513 1
0.444027 0.647094 14008 0
0.127088 0.206998 1.64141 1
0.56911 0.349913 13128 0
0.16694 -0.013036 1.55803 1
0.59564 0.509958 12464 0
0.13077 -0.222001 1.50045 1
0.577793 0.676086 12000 0
0.134014 -0.295925 1.48485 1
0.580561 0.737188 11872 0
-0.0486256 -0.0759153 1.75767 1
0.475307 0.551402 14056 0
-0.075561 -0.438168 1.73941 1
0.461225 0.799799 13912 0
-0.049683 -0.690811 1.74373 1
0.474568 0.971491 13944 0
-0.115008 -0.711137 1.72778 1
0.440585 0.989842 13816 0
0.0627454 -0.072103 1.65137 1
0.533915 0.551964 13208 0
0.0892124 -0.415943 1.63377 1
0.54874 0.802996 13064 0
0.111165 -0.631922 1.63721 1
0.560606 0.959358 13096 0
0.0808998 -0.683952 1.60603 1
0.544962 1.00683 12848 0
40
0.00718126 -0.00591421 1.69956 1
0.503772 0.504141 13592 0
0.0218784 0.0336409 1.71443 1
0.511391 0.476647 13712 0
0.0287819 0.245944 1.71525 1
0.514978 0.329352 13720 0
-0.0417674 0.460329 1.72796 1
0.478425 0.18295 13816 0
-0.0913586 0.203855 1.8232 1
0.455273 0.36693 14584 0
-0.0965422 -0.00993861 1.79755 1
0.452061 0.50658 14376 0
-0.116544 -0.171819 1.74612 1
0.440424 0.617109 13968 0
-0.110898 -0.213417 1.74042 1
0.443125 0.645938 13920 0
0.114331 0.208221 1.62314 1
0.562872 0.347328 12984 0
0.155895 -0.0111001 1.54094 1
0.590303 0.508573 12320 0
0.12082 -0.221427 1.48675 1
0.572536 0.67725 11888 0
0.119173 -0.294464 1.47088 1
0.57232 0.738258 11760 0
-0.0537965 -0.0751548 1.74537 1
0.472488 0.551246 13960 0
-0.0811101 -0.431917 1.72739 1
0.458088 0.797579 13816 0
-0.0855917 -0.661663 1.7013 1
0.455094 0.962858 13608 0
-0.146037 -0.700611 1.66411 1
0.421668 1.00106 13312 0
0.0571794 -0.071916 1.64073 1
0.531107 0.552165 13120 0
0.0893122 -0.413241 1.62258 1
0.549131 0.803102 12976 0
0.110733 -0.630729 1.63285 1
0.560532 0.959716 13056 0
0.0790375 -0.68477 1.60679 1
0.543906 1.0072 12848 0
40
-3.47449e-005 -0.00571952 1.68788 1
0.499982 0.504033 13496 0
0.0148962 0.0341861 1.70268 1
0.507809 0.476105 13616 0
0.0182314 0.248133 1.70161 1
0.509563 0.326453 13608 0
-0.0534086 0.462046 1.71529 1
0.472207 0.179417 13720 0
-0.102554 0.206573 1.80959 1
0.449414 0.364142 14472 0
-0.102744 -0.00620721 1.78619 1
0.448657 0.504136 14288 0
-0.11813 -0.169658 1.74015 1
0.439407 0.616032 13920 0
-0.116565 -0.212262 1.73132 1
0.439904 0.645911 13848 0
0.100785 0.209366 1.60775 1
0.555954 0.345018 12856 0
0.145726 -0.00913331 1.52688 1
0.58519 0.507119 12208 0
0.112449 -0.21696 1.47578 1
0.568012 0.674965 11800 0
0.10209 -0.286696 1.45838 1
0.562484 0.733961 11664 0
-0.0593513 -0.0742182 1.73497 1
0.469465 0.550911 13872 0
-0.0856358 -0.428351 1.71931 1
0.455541 0.79651 13752 0
-0.103435 -0.647918 1.68055 1
0.445063 0.958839 13440 0
-0.160283 -0.691666 1.62656 1
0.412043 1.00608 13008 0
0.049727 -0.0717915 1.629 1
0.527247 0.55245 13032 0
0.0895563 -0.409448 1.61129 1
0.549611 0.802426 12888 0
0.10824 -0.626413 1.62604 1
0.559417 0.958483 13008 0
0.0637932 -0.663263 1.58006 1
0.536038 0.99958 12640 0
40
-0.00880083 -0.00501915 1.6764 1
0.495314 0.503563 13408 0
0.00630347 0.0357463 1.69131 1
0.503327 0.474846 13528 0
0.00661739 0.254687 1.68842 1
0.503498 0.320477 13504 0
-0.067912 0.468112 1.7026 1
0.464397 0.172788 13616 0
-0.115414 0.213905 1.79475 1
0.442601 0.358156 14352 0
-0.108899 -0.0030704 1.77675 1
0.445292 0.502057 14208 0
-0.119804 -0.168091 1.73696 1
0.438435 0.615172 13888 0
-0.124449 -0.211266 1.72398 1
0.435567 0.645844 13784 0
0.0899358 0.209656 1.59625 1
0.550291 0.343685 12768 0
0.133334 -0.00804191 1.51267 1
0.578678 0.506327 12096 0
0.10452 -0.212601 1.46708 1
0.563591 0.672466 11736 0
0.089437 -0.281403 1.45021 1
0.555048 0.730935 11600 0
-0.0683286 -0.0721408 1.72409 1
0.464625 0.549798 13792 0
-0.0890618 -0.426128 1.71347 1
0.453605 0.795976 13704 0
-0.113341 -0.640781 1.66746 1
0.439328 0.957348 13336 0
-0.136314 -0.694299 1.615 1
0.424661 1.01164 12912 0
0.041567 -0.0719242 1.61713 1
0.522943 0.552932 12936 0
0.0884311 -0.407927 1.60298 1
0.549242 0.802864 12816 0
0.106422 -0.6233 1.6214 1
0.558586 0.957508 12968 0
0.0616322 -0.661567 1.57922 1
0.534835 0.998568 12632 0
40
-0.019157 -0.00540012 1.66142 1
0.489708 0.503868 13288 0
-0.00409689 0.0358048 1.6769 1
0.497819 0.474589 13408 0
-0.00578178 0.256121 1.67468 1
0.496918 0.317985 13392 0
-0.0814518 0.46907 1.69105 1
0.457007 0.169878 13528 0
-0.128709 0.21752 1.77939 1
0.435436 0.354514 14232 0
-0.11622 -0.00157862 1.76725 1
0.4413 0.501063 14136 0
-0.123337 -0.167832 1.73495 1
0.436546 0.615128 13872 0
-0.132748 -0.212594 1.71758 1
0.431013 0.647308 13736 0
0.0790938 0.209874 1.58587 1
0.544517 0.342499 12680 0
0.123273 -0.00747549 1.50254 1
0.573231 0.505921 12016 0
0.0967961 -0.209344 1.46033 1
0.559164 0.670609 11680 0
0.0779675 -0.277818 1.44466 1
0.548173 0.728869 11552 0
-0.0783421 -0.0720472 1.70926 1
0.459089 0.550165 13672 0
-0.0916561 -0.424712 1.70871 1
0.452121 0.795814 13664 0
-0.119749 -0.636297 1.65849 1
0.435551 0.956604 13264 0
-0.111903 -0.69704 1.6175 1
0.438248 1.01287 12936 0
0.03171 -0.0730505 1.60099 1
0.517679 0.554303 12800 0
0.0749761 -0.403972 1.59925 1
0.541847 0.800626 12792 0
0.104914 -0.620829 1.61795 1
0.557879 0.956665 12936 0
0.0605683 -0.660889 1.57965 1
0.534225 0.997922 12632 0
40
-0.027817 -0.00962536 1.64536 1
0.48491 0.506962 13160 0
-0.0127872 0.0316589 1.66202 1
0.493133 0.47733 13296 0
-0.0173313 0.251033 1.66144 1
0.490689 0.32018 13288 0
-0.0913058 0.46532 1.68186 1
0.451542 0.170729 13448 0
-0.140495 0.216346 1.76531 1
0.428962 0.354145 14120 0
-0.129891 -0.00935549 1.75656 1
0.433996 0.506339 14048 0
-0.128234 -0.175663 1.7355 1
0.434047 0.620462 13880 0
-0.138954 -0.224138 1.71519 1
0.427687 0.655523 13720 0
0.0678312 0.209953 1.57632 1
0.538409 0.341485 12608 0
0.112131 -0.00731198 1.4934 1
0.56702 0.505827 11944 0
0.0871852 -0.207082 1.45439 1
0.553508 0.669455 11632 0
0.0685506 -0.27628 1.44101 1
0.542462 0.728179 11528 0
-0.0868013 -0.0779088 1.68555 1
0.454034 0.555009 13480 0
-0.0937988 -0.424723 1.7028 1
0.450831 0.796849 13616 0
-0.124338 -0.632913 1.65163 1
0.432804 0.95606 13208 0
-0.0976357 -0.697036 1.61903 1
0.446172 1.01238 12952 0
0.0251488 -0.0746348 1.58947 1
0.514123 0.555883 12712 0
0.065339 -0.402498 1.59729 1
0.536513 0.799897 12776 0
0.102433 -0.61803 1.61438 1
0.556636 0.955614 12912 0
0.0561984 -0.657193 1.57921 1
0.531764 0.995273 12632 0
40
-0.034853 -0.0126118 1.63494 1
0.480972 0.50918 13072 0
-0.019843 0.0284116 1.6522 1
0.48928 0.479534 13216 0
-0.0272962 0.245153 1.65185 1
0.48525 0.323372 13208 0
-0.101031 0.45966 1.6739 1
0.446126 0.173187 13384 0
-0.15089 0.213768 1.75416 1
0.423221 0.354967 14032 0
-0.140284 -0.0167984 1.74869 1
0.428394 0.511433 13984 0
-0.141394 -0.186726 1.72985 1
0.427041 0.628466 13832 0
-0.145594 -0.231719 1.71147 1
0.424068 0.661133 13688 0
0.0575795 0.20969 1.56801 1
0.532777 0.340844 12544 0
0.0978491 -0.00805882 1.48402 1
0.558853 0.506463 11872 0
0.0673115 -0.188899 1.44644 1
0.541538 0.655425 11568 0
0.0552858 -0.263711 1.43853 1
0.534304 0.718173 11504 0
-0.0923311 -0.0811341 1.67409 1
0.450771 0.557679 13392 0
-0.0956308 -0.425216 1.69441 1
0.449623 0.798665 13552 0
-0.127024 -0.630257 1.64631 1
0.431131 0.955615 13168 0
-0.0848826 -0.695833 1.62723 1
0.453439 1.00892 13016 0
0.0174058 -0.0767396 1.5789 1
0.50984 0.557844 12624 0
0.0581469 -0.403743 1.59145 1
0.532613 0.801928 12728 0
0.0973934 -0.614915 1.60929 1
0.554019 0.95475 12872 0
0.0506615 -0.653426 1.57683 1
0.528678 0.993178 12608 0
40
-0.0426229 -0.0146694 1.62689 1
0.476615 0.510731 13008 0
-0.0273178 0.0260186 1.64473 1
0.485175 0.481173 13152 0
-0.0357255 0.241063 1.64498 1
0.480615 0.325594 13152 0
-0.110147 0.455174 1.66741 1
0.441036 0.175117 13336 0
-0.160097 0.211507 1.7454 1
0.418127 0.355781 13960 0
-0.149193 -0.0219042 1.74199 1
0.423554 0.514965 13928 0
-0.151398 -0.193425 1.72961 1
0.421868 0.633094 13832 0
-0.152212 -0.237933 1.71084 1
0.420587 0.665516 13680 0
0.0480118 0.209286 1.56106 1
0.527452 0.340444 12488 0
0.0848256 -0.00884309 1.47645 1
0.551282 0.507128 11808 0
0.0571473 -0.181393 1.44225 1
0.535368 0.649683 11536 0
0.045197 -0.2566 1.43716 1
0.528071 0.712493 11496 0
-0.0985575 -0.0833072 1.6666 1
0.447215 0.55949 13328 0
-0.0982486 -0.426167 1.68147 1
0.447845 0.801637 13448 0
-0.12808 -0.628638 1.64256 1
0.430399 0.955482 13136 0
-0.0802183 -0.695669 1.62841 1
0.456029 1.00843 13024 0
0.0082552 -0.0788634 1.56947 1
0.504695 0.559802 12552 0
0.0493435 -0.40573 1.57636 1
0.52794 0.80632 12608 0
0.086444 -0.610759 1.60106 1
0.548193 0.954 12808 0
0.0454072 -0.65093 1.57363 1
0.525756 0.992293 12584 0
40
-0.050454 -0.0176854 1.61666 1
0.472143 0.513019 12928 0
-0.034558 0.022765 1.63604 1
0.481146 0.48344 13088 0
-0.0433108 0.237403 1.63909 1
0.476414 0.327624 13112 0
-0.117933 0.451397 1.66198 1
0.436662 0.176759 13288 0
-0.168436 0.209042 1.73783 1
0.413487 0.356841 13896 0
-0.160607 -0.0270803 1.73361 1
0.417307 0.518591 13864 0
-0.185589 -0.200176 1.71549 1
0.403435 0.638872 13720 0
-0.173467 -0.245522 1.70343 1
0.409103 0.671538 13624 0
0.0375134 0.208557 1.55483 1
0.521536 0.340362 12432 0
0.0727983 -0.00863084 1.47112 1
0.54417 0.506982 11768 0
0.0484003 -0.175898 1.43879 1
0.530026 0.645498 11504 0
0.0347957 -0.250554 1.43586 1
0.52163 0.707674 11480 0
-0.105255 -0.0883153 1.65568 1
0.443256 0.563482 13240 0
-0.101858 -0.427483 1.66721 1
0.445467 0.805155 13336 0
-0.126004 -0.648729 1.6421 1
0.431508 0.97017 13136 0
-0.117987 -0.707948 1.61146 1
0.434647 1.02285 12888 0
-0.000439781 -0.0802303 1.55736 1
0.499748 0.561312 12456 0
0.0389866 -0.405358 1.55868 1
0.522326 0.809511 12464 0
0.0714158 -0.629368 1.59466 1
0.539974 0.96971 12752 0
0.0285072 -0.666959 1.55751 1
0.516337 1.00964 12456 0
40
-0.0579777 -0.0199819 1.60783 1
0.467813 0.514791 12856 0
-0.0416229 0.0200694 1.62847 1
0.477186 0.485333 13024 0
-0.0512029 0.233955 1.63382 1
0.472027 0.32958 13064 0
-0.126445 0.44764 1.65681 1
0.431879 0.17845 13248 0
-0.176694 0.206383 1.73118 1
0.408897 0.358119 13848 0
-0.181361 -0.0234461 1.72031 1
0.4059 0.51622 13760 0
-0.194672 -0.200101 1.71297 1
0.39856 0.639024 13696 0
-0.197027 -0.24019 1.69328 1
0.396139 0.668818 13544 0
0.0273916 0.208024 1.54967 1
0.515777 0.34024 12392 0
0.0595972 -0.00623058 1.46647 1
0.536275 0.505056 11728 0
0.0391191 -0.170505 1.43521 1
0.524329 0.641388 11480 0
0.0157031 -0.227437 1.42519 1
0.509835 0.689925 11400 0
-0.111665 -0.0915753 1.64659 1
0.439468 0.566189 13168 0
-0.106964 -0.42623 1.65077 1
0.442163 0.807291 13200 0
-0.123564 -0.661927 1.64323 1
0.432881 0.979406 13144 0
-0.135833 -0.713174 1.60409 1
0.424416 1.02913 12832 0
-0.00805353 -0.0809702 1.54796 1
0.495356 0.562253 12376 0
0.0272852 -0.404157 1.5424 1
0.51579 0.811849 12336 0
0.055329 -0.644863 1.58564 1
0.531146 0.98401 12680 0
0.010251 -0.680536 1.53982 1
0.505942 1.02599 12312 0
40
-0.0686224 -0.0176801 1.59402 1
0.461574 0.5132 12752 0
-0.0512392 0.0206431 1.61748 1
0.471724 0.484811 12936 0
-0.0601521 0.232267 1.62828 1
0.467026 0.330234 13024 0
-0.136126 0.445686 1.65184 1
0.426442 0.17889 13208 0
-0.185389 0.20468 1.7248 1
0.40406 0.358769 13792 0
-0.195631 -0.0191504 1.71176 1
0.397989 0.513315 13688 0
-0.202494 -0.197088 1.71128 1
0.39438 0.637067 13688 0
-0.210948 -0.235404 1.68696 1
0.388385 0.666074 13488 0
0.0177821 0.208035 1.54528 1
0.510271 0.339779 12360 0
0.046836 0.000252346 1.46294 1
0.528576 0.499795 11696 0
0.0303107 -0.16339 1.43194 1
0.518894 0.635798 11448 0
0.00810539 -0.215399 1.4219 1
0.505088 0.680288 11368 0
-0.12094 -0.0901777 1.632 1
0.433854 0.565761 13056 0
-0.109718 -0.409599 1.61798 1
0.439472 0.801285 12936 0
-0.120066 -0.656238 1.64217 1
0.434739 0.975592 13136 0
-0.166665 -0.68543 1.62132 1
0.408245 1.00314 12968 0
-0.0202776 -0.0763438 1.53005 1
0.488171 0.559383 12240 0
0.00821199 -0.400112 1.52296 1
0.504813 0.81267 12176 0
0.0313828 -0.656396 1.56463 1
0.517903 0.999285 12512 0
-0.0160858 -0.689342 1.50947 1
0.490488 1.0435 12072 0
40
-0.0764283 -0.0172761 1.58368 1
0.456924 0.512983 12664 0
-0.0594648 0.0195861 1.60811 1
0.466994 0.485505 12864 0
-0.0768042 0.218954 1.61679 1
0.457598 0.338827 12928 0
-0.147346 0.435763 1.64524 1
0.42006 0.18478 13160 0
-0.19894 0.195373 1.71485 1
0.39645 0.364409 13712 0
-0.210703 -0.0155312 1.70567 1
0.389737 0.510837 13640 0
-0.210952 -0.193389 1.70824 1
0.389773 0.634733 13664 0
-0.219507 -0.234137 1.6833 1
0.383603 0.665539 13464 0
0.00801175 0.20853 1.54161 1
0.504639 0.339015 12328 0
0.0378752 0.00479563 1.46043 1
0.523149 0.496092 11680 0
0.0225309 -0.158215 1.42881 1
0.514075 0.631785 11424 0
-0.00362215 -0.211368 1.41848 1
0.497721 0.677341 11344 0
-0.128367 -0.0895997 1.61697 1
0.429139 0.565947 12928 0
-0.109904 -0.394792 1.5916 1
0.438364 0.795208 12728 0
-0.120139 -0.645222 1.63509 1
0.434417 0.969634 13080 0
-0.177101 -0.673249 1.63823 1
0.403506 0.989094 13104 0
-0.0273459 -0.0745268 1.5209 1
0.483951 0.558318 12160 0
-0.0313645 -0.388766 1.51116 1
0.481474 0.806176 12088 0
-0.00363305 -0.665757 1.50897 1
0.497851 1.02508 12064 0
-0.0499136 -0.697056 1.44703 1
0.469211 1.0733 11576 0
40
-0.0851358 -0.0164167 1.57648 1
0.451797 0.512393 12608 0
-0.0678518 0.0189832 1.60152 1
0.462183 0.485893 12808 0
-0.0858287 0.212737 1.61113 1
0.452449 0.342853 12888 0
-0.155889 0.429454 1.64075 1
0.415194 0.188494 13120 0
-0.208587 0.189174 1.70834 1
0.391015 0.368211 13664 0
-0.23017 -0.010638 1.70074 1
0.3792 0.507444 13600 0
-0.222147 -0.187408 1.70359 1
0.383606 0.630923 13624 0
-0.230341 -0.231918 1.67978 1
0.377603 0.664314 13432 0
-0.00219778 0.209055 1.53835 1
0.498725 0.338268 12304 0
0.0305589 0.00734678 1.45818 1
0.518706 0.494004 11664 0
0.0138111 -0.155184 1.4247 1
0.508653 0.629633 11392 0
-0.0227852 -0.198869 1.40975 1
0.485573 0.667887 11272 0
-0.135617 -0.0888138 1.60869 1
0.424752 0.565705 12864 0
-0.143076 -0.458443 1.61689 1
0.421016 0.83744 12928 0
-0.0426056 -0.632532 1.6189 1
0.476509 0.965002 12944 0
-0.128536 -0.64607 1.63791 1
0.429953 0.969441 13096 0
-0.0379566 -0.0728693 1.51395 1
0.477622 0.557283 12104 0
-0.0719505 -0.373035 1.50409 1
0.457301 0.795167 12032 0
-0.0216095 -0.66056 1.47098 1
0.486887 1.03444 11760 0
-0.0656857 -0.695867 1.40875 1
0.458381 1.08788 11264 0
40
-0.100486 -0.0154122 1.57095 1
0.442905 0.511676 12560 0
-0.0825251 0.0185388 1.5964 1
0.453858 0.486179 12768 0
-0.0955062 0.209308 1.60712 1
0.446956 0.345001 12856 0
-0.166062 0.425645 1.63667 1
0.409434 0.190488 13088 0
-0.21861 0.184912 1.70337 1
0.385445 0.370804 13624 0
-0.242889 -0.013276 1.69899 1
0.372394 0.5093 13584 0
-0.237907 -0.189028 1.69563 1
0.374764 0.632674 13560 0
-0.264775 -0.228664 1.66139 1
0.357747 0.663802 13288 0
-0.010474 0.209408 1.53592 1
0.493913 0.337738 12280 0
0.0251521 0.00848468 1.4564 1
0.515415 0.493067 11648 0
0.00443766 -0.154291 1.42023 1
0.502789 0.629292 11360 0
-0.0308161 -0.195624 1.4061 1
0.480438 0.665577 11248 0
-0.153676 -0.0886206 1.60269 1
0.414413 0.565808 12816 0
-0.18635 -0.475469 1.63305 1
0.398145 0.846509 13064 0
-0.109128 -0.661352 1.63248 1
0.440332 0.982144 13056 0
-0.16864 -0.620536 1.64444 1
0.408463 0.949097 13152 0
-0.0530668 -0.0719953 1.50946 1
0.46862 0.556764 12072 0
-0.0918769 -0.404178 1.46944 1
0.44419 0.827351 11752 0
-0.0334406 -0.662343 1.45337 1
0.479462 1.04237 11624 0
-0.0767453 -0.696809 1.39074 1
0.450744 1.09629 11120 0
40
-0.109735 -0.0148877 1.56618 1
0.43746 0.511313 12528 0
-0.0918561 0.0182758 1.59204 1
0.4485 0.486338 12736 0
-0.104248 0.2074 1.60339 1
0.441966 0.346057 12824 0
-0.175924 0.423255 1.63262 1
0.403818 0.191461 13056 0
-0.227768 0.181811 1.69891 1
0.380332 0.372637 13584 0
-0.251615 -0.016411 1.69844 1
0.367767 0.511499 13584 0
-0.256305 -0.192096 1.68556 1
0.364273 0.635633 13480 0
-0.279104 -0.234399 1.65773 1
0.349718 0.668281 13256 0
-0.0178941 0.209498 1.53378 1
0.489586 0.337442 12264 0
0.0188122 0.00713984 1.45401 1
0.511549 0.494156 11632 0
-0.0068073 -0.157259 1.41464 1
0.495705 0.632301 11312 0
-0.037274 -0.198013 1.40283 1
0.476283 0.667989 11216 0
-0.163068 -0.0904136 1.59732 1
0.408876 0.567365 12776 0
-0.131555 -0.403183 1.53936 1
0.423718 0.811712 12312 0
-0.102433 -0.662353 1.57676 1
0.442014 0.999937 12608 0
-0.156243 -0.650154 1.55864 1
0.410524 0.996435 12464 0
-0.0623983 -0.0700354 1.50427 1
0.462974 0.55541 12032 0
-0.106914 -0.383958 1.44635 1
0.434019 0.815939 11568 0
-0.0676595 -0.652609 1.41382 1
0.457284 1.04935 11304 0
-0.106431 -0.693123 1.3545 1
0.429864 1.10901 10832 0
40
-0.150763 -0.0049473 1.57977 1
0.414817 0.503727 12632 0
-0.131865 0.0311181 1.60377 1
0.426609 0.476908 12824 0
-0.133126 0.23441 1.60397 1
0.425917 0.326071 12824 0
-0.2043 0.449657 1.62774 1
0.387969 0.171232 13016 0
-0.250543 0.195734 1.69681 1
0.368204 0.362714 13568 0
-0.259107 -0.0147609 1.698 1
0.363794 0.510346 13576 0
-0.267392 -0.188014 1.68185 1
0.35809 0.633044 13448 0
-0.288346 -0.211037 1.67431 1
0.34628 0.650008 13392 0
-0.0255467 0.209169 1.53116 1
0.485107 0.337419 12248 0
0.0124037 0.00420635 1.45154 1
0.507627 0.496551 11608 0
-0.0183644 -0.161453 1.40899 1
0.488366 0.636373 11264 0
-0.0429126 -0.203718 1.3993 1
0.472627 0.673265 11192 0
-0.2107 -0.0801625 1.61901 1
0.383837 0.558927 12952 0
-0.13669 -0.363996 1.52351 1
0.419916 0.784344 12184 0
-0.13498 -0.605419 1.42679 1
0.415557 1.005 11408 0
-0.181205 -0.620155 1.37445 1
0.382322 1.03699 10992 0
-0.101643 -0.0651464 1.52038 1
0.440327 0.550995 12160 0
-0.0343543 -0.349185 1.49166 1
0.479443 0.778598 11928 0
-0.0971461 -0.578825 1.39421 1
0.437806 0.994097 11152 0
-0.13645 -0.619303 1.33257 1
0.408602 1.0531 10656 0
40
-0.169244 -0.000294833 1.58621 1
0.404763 0.500221 12688 0
-0.14961 0.0370308 1.60891 1
0.416999 0.472608 12864 0
-0.145867 0.245748 1.60378 1
0.418817 0.317637 12824 0
-0.217977 0.460547 1.62473 1
0.380248 0.162646 12992 0
-0.26397 0.203835 1.69543 1
0.361027 0.356915 13560 0
-0.265492 -0.0136127 1.6976 1
0.360404 0.509543 13576 0
-0.29677 -0.217523 1.69995 1
0.344175 0.652286 13592 0
-0.310345 -0.27268 1.70626 1
0.33765 0.690195 13648 0
-0.0321457 0.208711 1.52816 1
0.481224 0.337456 12224 0
0.00544735 0.000120956 1.44868 1
0.503356 0.499901 11584 0
-0.029331 -0.165868 1.40349 1
0.481346 0.640652 11224 0
-0.0482172 -0.210517 1.39559 1
0.469161 0.679524 11160 0
-0.235343 -0.0741926 1.63147 1
0.371242 0.554122 13048 0
-0.121626 -0.317154 1.48508 1
0.426897 0.754164 11880 0
-0.162142 -0.570182 1.33581 1
0.391656 1.008 10680 0
-0.203173 -0.601837 1.26603 1
0.356757 1.06575 10128 0
-0.119117 -0.0632081 1.52792 1
0.430413 0.549234 12216 0
-0.0263456 -0.33938 1.49551 1
0.484276 0.770079 11960 0
-0.118341 -0.567788 1.37525 1
0.423192 0.991358 11000 0
-0.161436 -0.597043 1.31488 1
0.390411 1.0404 10512 0
