86 20
40
0.339031 -0.108637 2.07918 1
0.645547 0.562184 16632 0
0.333114 -0.0617476 2.12188 1
0.640128 0.534633 16968 0
0.323482 0.213212 2.13027 1
0.635541 0.380884 17040 0
0.332405 0.436817 2.14669 1
0.638214 0.257828 17168 0
0.18653 0.174085 2.10932 1
0.578933 0.401778 16872 0
0.147382 -0.0671307 2.07737 1
0.563327 0.538459 16616 0
0.156518 -0.262224 2.0157 1
0.569309 0.654824 16120 0
0.164685 -0.32577 2.00438 1
0.573338 0.693429 16032 0
0.484844 0.162111 2.13348 1
0.702846 0.409569 17064 0
0.533825 -0.0773311 2.10902 1
0.725929 0.543638 16872 0
0.540149 -0.277347 2.07009 1
0.732905 0.659451 16560 0
0.542663 -0.35259 2.06165 1
0.734946 0.703539 16488 0
0.277069 -0.17474 2.06021 1
0.620041 0.600942 16480 0
0.246436 -0.531937 2.10439 1
0.604528 0.800834 16832 0
0.239631 -0.80077 2.14152 1
0.599879 0.945018 17128 0
0.222186 -0.859269 2.11267 1
0.593872 0.984049 16896 0
0.407947 -0.174711 2.07294 1
0.675659 0.600306 16576 0
0.42343 -0.556418 2.12136 1
0.678164 0.812162 16968 0
0.429124 -0.808938 2.14384 1
0.678667 0.949072 17144 0
0.435452 -0.871231 2.11906 1
0.683422 0.989309 16952 0
40
0.339036 -0.108903 2.07914 1
0.645551 0.562337 16632 0
0.333115 -0.061872 2.12187 1
0.640129 0.534703 16968 0
0.323474 0.213909 2.13045 1
0.635526 0.380505 17040 0
0.332262 0.437539 2.1468 1
0.638148 0.257441 17168 0
0.186525 0.173916 2.10929 1
0.578933 0.401871 16872 0
0.147438 -0.0673477 2.07723 1
0.563355 0.538586 16616 0
0.1566 -0.262335 2.01567 1
0.569347 0.654892 16120 0
0.164776 -0.326093 2.00427 1
0.573382 0.693632 16032 0
0.484784 0.161984 2.13344 1
0.702825 0.409638 17064 0
0.533808 -0.0774635 2.10893 1
0.725931 0.543715 16864 0
0.540189 -0.27749 2.07005 1
0.732926 0.659536 16560 0
0.542785 -0.352617 2.06166 1
0.734999 0.703554 16488 0
0.277077 -0.175008 2.06017 1
0.620047 0.601099 16480 0
0.246458 -0.531984 2.10433 1
0.60454 0.800869 16832 0
0.239619 -0.800704 2.14162 1
0.59987 0.944961 17128 0
0.222259 -0.859156 2.11262 1
0.593906 0.983998 16896 0
0.407939 -0.174936 2.07292 1
0.675658 0.600436 16576 0
0.423541 -0.556511 2.12141 1
0.678207 0.812207 16968 0
0.429105 -0.808899 2.14378 1
0.678664 0.949061 17144 0
0.43529 -0.871249 2.11901 1
0.683358 0.989331 16952 0
40
0.339042 -0.109181 2.0791 1
0.645557 0.562498 16632 0
0.333118 -0.0619929 2.12186 1
0.640131 0.534771 16968 0
0.323474 0.21473 2.13065 1
0.635513 0.380058 17040 0
0.332144 0.438386 2.14696 1
0.638088 0.256989 17168 0
0.186513 0.17375 2.10926 1
0.578928 0.401964 16872 0
0.147496 -0.0675634 2.07709 1
0.563384 0.538712 16616 0
0.156669 -0.262409 2.01564 1
0.569378 0.654938 16120 0
0.164861 -0.326361 2.00416 1
0.573424 0.693802 16032 0
0.484713 0.161864 2.1334 1
0.7028 0.409704 17064 0
0.533795 -0.0775767 2.10887 1
0.725933 0.54378 16864 0
0.54022 -0.277606 2.07002 1
0.732943 0.659605 16560 0
0.542902 -0.352634 2.06166 1
0.735049 0.703563 16488 0
0.27708 -0.175313 2.06012 1
0.620051 0.601278 16480 0
0.246468 -0.532018 2.10425 1
0.604549 0.8009 16832 0
0.239607 -0.800642 2.14171 1
0.59986 0.944909 17128 0
0.222322 -0.859063 2.11258 1
0.593934 0.983954 16896 0
0.407934 -0.175155 2.07289 1
0.675657 0.600563 16576 0
0.423632 -0.556586 2.12144 1
0.678243 0.812243 16968 0
0.429086 -0.808862 2.14373 1
0.67866 0.949051 17144 0
0.435144 -0.871258 2.11896 1
0.683301 0.989347 16944 0
40
0.339048 -0.109433 2.07907 1
0.645562 0.562643 16632 0
0.333119 -0.0621019 2.12185 1
0.640133 0.534832 16968 0
0.323413 0.215633 2.13092 1
0.63547 0.379568 17040 0
0.332056 0.439299 2.14719 1
0.638037 0.256509 17176 0
0.186499 0.17359 2.10923 1
0.578924 0.402053 16872 0
0.147536 -0.0677576 2.07698 1
0.563405 0.538826 16608 0
0.156717 -0.26243 2.01562 1
0.5694 0.654952 16120 0
0.164934 -0.326565 2.00407 1
0.57346 0.693932 16032 0
0.484644 0.161762 2.13336 1
0.702774 0.409759 17064 0
0.533784 -0.0776699 2.10881 1
0.725934 0.543834 16864 0
0.540245 -0.277685 2.07001 1
0.732955 0.659652 16560 0
0.543021 -0.352642 2.06167 1
0.735099 0.703567 16488 0
0.277086 -0.175546 2.06008 1
0.620056 0.601414 16480 0
0.246475 -0.532054 2.10416 1
0.604556 0.800933 16832 0
0.239589 -0.800586 2.1418 1
0.599849 0.944857 17128 0
0.222387 -0.858983 2.11255 1
0.593963 0.983916 16896 0
0.40793 -0.175359 2.07287 1
0.675658 0.600681 16576 0
0.423734 -0.556654 2.12148 1
0.678282 0.812276 16968 0
0.429068 -0.808833 2.14369 1
0.678656 0.949045 17144 0
0.434871 -0.871271 2.11887 1
0.683194 0.989376 16944 0
40
0.339055 -0.109661 2.07903 1
0.645567 0.562774 16632 0
0.333117 -0.0622017 2.12184 1
0.640132 0.534889 16968 0
0.323317 0.216433 2.13115 1
0.635415 0.379135 17048 0
0.331983 0.440126 2.14746 1
0.637989 0.256081 17176 0
0.186486 0.173441 2.1092 1
0.578919 0.402135 16872 0
0.147573 -0.067936 2.07688 1
0.563423 0.53893 16608 0
0.15678 -0.262497 2.01558 1
0.569429 0.654994 16120 0
0.164994 -0.326728 2.00399 1
0.57349 0.694036 16024 0
0.484614 0.161692 2.13336 1
0.702762 0.409798 17064 0
0.533772 -0.0777474 2.10876 1
0.725935 0.543878 16864 0
0.540274 -0.277763 2.06999 1
0.732969 0.659697 16552 0
0.543138 -0.352655 2.06169 1
0.735148 0.703572 16488 0
0.277092 -0.175748 2.06004 1
0.620061 0.601533 16480 0
0.246474 -0.532078 2.10406 1
0.60456 0.800961 16832 0
0.239581 -0.800526 2.14185 1
0.599843 0.944814 17128 0
0.222432 -0.858917 2.11253 1
0.593983 0.983884 16896 0
0.407931 -0.175568 2.07285 1
0.67566 0.600802 16576 0
0.423817 -0.556711 2.1215 1
0.678315 0.812305 16968 0
0.429048 -0.808812 2.14364 1
0.678652 0.949043 17144 0
0.434618 -0.871291 2.11876 1
0.683096 0.989411 16944 0
40
0.339064 -0.109885 2.079 1
0.645573 0.562904 16632 0
0.333116 -0.0622979 2.12183 1
0.640132 0.534943 16968 0
0.323233 0.217164 2.13137 1
0.635367 0.378739 17048 0
0.331954 0.440889 2.14774 1
0.637959 0.25569 17176 0
0.186473 0.173305 2.10918 1
0.578914 0.402211 16872 0
0.147609 -0.0680991 2.07678 1
0.563442 0.539025 16608 0
0.156803 -0.262499 2.01556 1
0.56944 0.654997 16120 0
0.165046 -0.326868 2.00392 1
0.573515 0.694126 16024 0
0.484587 0.161632 2.13336 1
0.70275 0.409832 17064 0
0.533766 -0.0778118 2.10872 1
0.725936 0.543916 16864 0
0.5403 -0.277829 2.06999 1
0.732982 0.659736 16552 0
0.543263 -0.352671 2.06173 1
0.735197 0.703578 16488 0
0.277101 -0.175945 2.06 1
0.620067 0.601649 16480 0
0.246465 -0.532093 2.10394 1
0.604563 0.800986 16824 0
0.23958 -0.800476 2.14189 1
0.599841 0.944779 17128 0
0.222471 -0.858862 2.11251 1
0.594 0.983857 16896 0
0.407935 -0.175777 2.07284 1
0.675662 0.600923 16576 0
0.423892 -0.55676 2.12153 1
0.678345 0.812329 16968 0
0.429036 -0.808802 2.14362 1
0.678649 0.949042 17144 0
0.434451 -0.871313 2.11868 1
0.683033 0.989443 16944 0
40
0.339088 -0.110156 2.07897 1
0.645585 0.563059 16624 0
0.333123 -0.0624144 2.12182 1
0.640136 0.535008 16968 0
0.323183 0.217789 2.13155 1
0.635334 0.3784 17048 0
0.331949 0.441555 2.148 1
0.63794 0.255351 17176 0
0.186457 0.173169 2.10916 1
0.578908 0.402287 16872 0
0.14765 -0.068265 2.07668 1
0.563462 0.539122 16608 0
0.156883 -0.262745 2.01547 1
0.569479 0.65515 16120 0
0.16509 -0.326985 2.00386 1
0.573537 0.694201 16024 0
0.48456 0.161584 2.13337 1
0.702738 0.409859 17064 0
0.533756 -0.0778628 2.10869 1
0.725935 0.543945 16864 0
0.540335 -0.277942 2.06998 1
0.732997 0.659801 16552 0
0.543368 -0.352698 2.06176 1
0.735239 0.70359 16488 0
0.277124 -0.176198 2.05996 1
0.620079 0.601796 16472 0
0.246424 -0.532372 2.10386 1
0.604549 0.801156 16824 0
0.239576 -0.800426 2.14192 1
0.599837 0.944744 17128 0
0.2225 -0.858801 2.11249 1
0.594013 0.983828 16896 0
0.407945 -0.176019 2.07283 1
0.675667 0.601062 16576 0
0.423972 -0.55686 2.12155 1
0.678377 0.812382 16968 0
0.429026 -0.808795 2.1436 1
0.678646 0.949043 17144 0
0.434214 -0.871341 2.11857 1
0.682943 0.989485 16944 0
40
0.339103 -0.110427 2.07895 1
0.645594 0.563215 16624 0
0.333127 -0.0625318 2.12182 1
0.640138 0.535074 16968 0
0.323136 0.218339 2.13171 1
0.635304 0.378102 17048 0
0.331945 0.442144 2.14825 1
0.637923 0.255053 17184 0
0.186436 0.17304 2.10915 1
0.5789 0.402359 16872 0
0.147678 -0.0684152 2.0766 1
0.563477 0.53921 16608 0
0.156897 -0.262759 2.01545 1
0.569486 0.655159 16120 0
0.165128 -0.327083 2.00381 1
0.573556 0.694265 16024 0
0.484533 0.161536 2.13338 1
0.702725 0.409886 17064 0
0.533747 -0.0779126 2.10867 1
0.725934 0.543974 16864 0
0.540361 -0.278048 2.06998 1
0.733009 0.659862 16552 0
0.543458 -0.352718 2.06178 1
0.735275 0.703599 16488 0
0.277134 -0.17646 2.05993 1
0.620086 0.60195 16472 0
0.246377 -0.532641 2.10378 1
0.604533 0.80132 16824 0
0.239572 -0.800386 2.14195 1
0.599834 0.944715 17128 0
0.222521 -0.858755 2.11247 1
0.594023 0.983806 16896 0
0.407947 -0.176271 2.07283 1
0.675669 0.601207 16576 0
0.424043 -0.556955 2.12156 1
0.678406 0.812434 16968 0
0.429009 -0.80879 2.14359 1
0.67864 0.949042 17144 0
0.434032 -0.87134 2.11846 1
0.682875 0.989508 16944 0
40
0.339116 -0.110676 2.07892 1
0.645601 0.563359 16624 0
0.33313 -0.0626423 2.12182 1
0.640139 0.535136 16968 0
0.323068 0.218872 2.13186 1
0.635266 0.377813 17048 0
0.331964 0.442722 2.14853 1
0.637912 0.254765 17184 0
0.186401 0.172913 2.10915 1
0.578885 0.402431 16872 0
0.147704 -0.0685624 2.07652 1
0.563491 0.539296 16608 0
0.156909 -0.262807 2.01544 1
0.569492 0.655189 16120 0
0.165158 -0.32716 2.00377 1
0.573571 0.694315 16024 0
0.484508 0.161495 2.1334 1
0.702714 0.409909 17064 0
0.533739 -0.077956 2.10864 1
0.725933 0.543999 16864 0
0.540378 -0.27814 2.06997 1
0.733017 0.659916 16552 0
0.543525 -0.352729 2.06178 1
0.735304 0.703606 16488 0
0.277139 -0.17671 2.05989 1
0.62009 0.602096 16472 0
0.246341 -0.532937 2.10371 1
0.604521 0.801497 16824 0
0.239571 -0.800351 2.14198 1
0.599833 0.944691 17128 0
0.222528 -0.858715 2.11246 1
0.594026 0.983785 16896 0
0.407948 -0.176507 2.07282 1
0.67567 0.601343 16576 0
0.424113 -0.557053 2.12157 1
0.678434 0.812487 16968 0
0.428947 -0.808741 2.14355 1
0.678618 0.949024 17144 0
0.433918 -0.871321 2.11841 1
0.682832 0.98951 16944 0
40
0.339125 -0.110928 2.0789 1
0.645606 0.563504 16624 0
0.333131 -0.0627604 2.12182 1
0.64014 0.535202 16968 0
0.323001 0.219323 2.132 1
0.635229 0.37757 17056 0
0.331956 0.443231 2.14883 1
0.63789 0.254517 17184 0
0.186358 0.172787 2.10915 1
0.578867 0.402502 16872 0
0.147725 -0.0687013 2.07644 1
0.563502 0.539377 16608 0
0.156907 -0.262822 2.01544 1
0.56949 0.655197 16120 0
0.165181 -0.327223 2.00373 1
0.573582 0.694355 16024 0
0.484484 0.161452 2.13342 1
0.702701 0.409935 17064 0
0.533732 -0.0780008 2.10862 1
0.725932 0.544024 16864 0
0.54039 -0.278203 2.06997 1
0.733022 0.659952 16552 0
0.543583 -0.35274 2.06178 1
0.73533 0.703612 16488 0
0.277137 -0.176992 2.05987 1
0.620091 0.60226 16472 0
0.246259 -0.533346 2.10364 1
0.60449 0.801738 16824 0
0.239569 -0.80032 2.142 1
0.599831 0.944669 17128 0
0.222533 -0.85868 2.11245 1
0.594029 0.983767 16896 0
0.407948 -0.176748 2.07281 1
0.67567 0.601482 16576 0
0.424177 -0.557168 2.12159 1
0.67846 0.812549 16968 0
0.428883 -0.808693 2.14351 1
0.678594 0.949004 17144 0
0.433324 -0.871259 2.11833 1
0.682589 0.989494 16944 0
40
0.339126 -0.111167 2.07889 1
0.645608 0.563641 16624 0
0.333129 -0.0628774 2.12182 1
0.640138 0.535268 16968 0
0.322921 0.21984 2.1322 1
0.635183 0.377293 17056 0
0.33194 0.443792 2.14917 1
0.637862 0.254245 17192 0
0.186296 0.172649 2.10917 1
0.57884 0.402581 16872 0
0.147716 -0.0688397 2.07638 1
0.5635 0.539457 16608 0
0.156866 -0.262764 2.01547 1
0.569471 0.655161 16120 0
0.1652 -0.327276 2.0037 1
0.573592 0.69439 16024 0
0.484452 0.161408 2.13345 1
0.702685 0.40996 17064 0
0.533732 -0.0780383 2.10861 1
0.725934 0.544046 16864 0
0.540399 -0.278258 2.06997 1
0.733026 0.659984 16552 0
0.543648 -0.352731 2.06179 1
0.735358 0.703607 16488 0
0.277122 -0.177261 2.05984 1
0.620086 0.602417 16472 0
0.246188 -0.53374 2.10358 1
0.604463 0.80197 16824 0
0.239568 -0.80029 2.14202 1
0.599829 0.944649 17136 0
0.222536 -0.858646 2.11245 1
0.59403 0.98375 16896 0
0.407939 -0.176983 2.07281 1
0.675667 0.601617 16576 0
0.424227 -0.557276 2.12161 1
0.678479 0.812606 16968 0
0.428818 -0.808645 2.14348 1
0.67857 0.948985 17144 0
0.432337 -0.871197 2.11829 1
0.682176 0.989467 16944 0
40
0.339124 -0.111396 2.07888 1
0.645607 0.563773 16624 0
0.333125 -0.0629945 2.12183 1
0.640136 0.535333 16968 0
0.322829 0.220392 2.13246 1
0.635128 0.376999 17056 0
0.331875 0.444407 2.1496 1
0.637807 0.253954 17192 0
0.186229 0.172509 2.10919 1
0.57881 0.402661 16872 0
0.147698 -0.0689753 2.07633 1
0.563494 0.539536 16608 0
0.1568 -0.262644 2.01552 1
0.56944 0.655086 16120 0
0.165217 -0.327323 2.00368 1
0.5736 0.69442 16024 0
0.484414 0.161362 2.13348 1
0.702666 0.409987 17064 0
0.533731 -0.078073 2.1086 1
0.725935 0.544066 16864 0
0.540406 -0.278301 2.06997 1
0.733029 0.660008 16552 0
0.543708 -0.352726 2.06178 1
0.735384 0.703604 16488 0
0.277104 -0.177524 2.05982 1
0.620079 0.60257 16472 0
0.246131 -0.534134 2.10353 1
0.604441 0.802199 16824 0
0.239562 -0.800258 2.14204 1
0.599826 0.944626 17136 0
0.222541 -0.858611 2.11244 1
0.594033 0.983732 16896 0
0.407929 -0.177202 2.0728 1
0.675663 0.601743 16576 0
0.424272 -0.557373 2.12163 1
0.678496 0.812658 16968 0
0.42875 -0.8086 2.14345 1
0.678544 0.948966 17144 0
0.431009 -0.871151 2.11833 1
0.681613 0.989431 16944 0
40
0.339117 -0.111615 2.07887 1
0.645605 0.563898 16624 0
0.33312 -0.0631078 2.12184 1
0.640134 0.535397 16968 0
0.32275 0.221104 2.1328 1
0.635074 0.376621 17056 0
0.331789 0.445153 2.15006 1
0.637742 0.253594 17200 0
0.186143 0.17235 2.10923 1
0.578773 0.402752 16872 0
0.147655 -0.0691247 2.07629 1
0.563477 0.539622 16608 0
0.156727 -0.262485 2.01558 1
0.569406 0.654987 16120 0
0.165225 -0.32735 2.00366 1
0.573605 0.694438 16024 0
0.484364 0.161312 2.13352 1
0.702642 0.410016 17064 0
0.533729 -0.078109 2.10859 1
0.725934 0.544086 16864 0
0.540408 -0.278335 2.06998 1
0.733029 0.660028 16552 0
0.543758 -0.352725 2.06178 1
0.735405 0.703604 16488 0
0.277077 -0.177776 2.0598 1
0.620068 0.602717 16472 0
0.246076 -0.534494 2.1035 1
0.60442 0.802408 16824 0
0.239548 -0.800222 2.14207 1
0.599819 0.944599 17136 0
0.22255 -0.858573 2.11243 1
0.594037 0.983714 16896 0
0.407914 -0.177415 2.0728 1
0.675657 0.601865 16576 0
0.424305 -0.557461 2.12165 1
0.678508 0.812704 16968 0
0.428677 -0.808555 2.14342 1
0.678516 0.948946 17144 0
0.429954 -0.871103 2.11836 1
0.681166 0.989399 16944 0
40
0.339108 -0.11181 2.07887 1
0.645601 0.56401 16624 0
0.333115 -0.0632075 2.12185 1
0.640131 0.535452 16968 0
0.322743 0.222051 2.13329 1
0.635039 0.376122 17064 0
0.33169 0.446088 2.15056 1
0.637669 0.253134 17200 0
0.186045 0.172194 2.10928 1
0.578729 0.402842 16872 0
0.147609 -0.0692669 2.07626 1
0.563458 0.539704 16608 0
0.156652 -0.262314 2.01565 1
0.56937 0.654882 16120 0
0.165231 -0.327371 2.00365 1
0.573608 0.694451 16024 0
0.484308 0.161256 2.13358 1
0.702613 0.41005 17064 0
0.533723 -0.0781499 2.1086 1
0.725931 0.544109 16864 0
0.540409 -0.278366 2.06998 1
0.733029 0.660045 16552 0
0.543803 -0.352725 2.06178 1
0.735425 0.703604 16488 0
0.277046 -0.178004 2.05979 1
0.620056 0.602849 16472 0
0.246038 -0.534749 2.10347 1
0.604405 0.802557 16824 0
0.239526 -0.800181 2.14211 1
0.599808 0.944568 17136 0
0.222557 -0.858509 2.11239 1
0.594042 0.983685 16896 0
0.407899 -0.177608 2.0728 1
0.675651 0.601976 16576 0
0.424332 -0.557541 2.12167 1
0.678518 0.812747 16968 0
0.428596 -0.80851 2.14341 1
0.678483 0.948923 17144 0
0.429016 -0.871039 2.11835 1
0.680771 0.989364 16944 0
40
0.339093 -0.111997 2.07887 1
0.645594 0.564116 16624 0
0.333106 -0.0633056 2.12187 1
0.640125 0.535507 16968 0
0.322723 0.222968 2.13381 1
0.634998 0.375641 17064 0
0.331597 0.44697 2.15102 1
0.6376 0.252699 17208 0
0.185933 0.172038 2.10935 1
0.57868 0.402933 16872 0
0.147528 -0.0694118 2.07626 1
0.563423 0.539787 16608 0
0.156576 -0.262128 2.01571 1
0.569335 0.654766 16120 0
0.165235 -0.327388 2.00364 1
0.57361 0.694463 16024 0
0.484237 0.161197 2.13365 1
0.702577 0.410086 17064 0
0.533712 -0.0781908 2.10861 1
0.725926 0.544132 16864 0
0.540408 -0.278394 2.06998 1
0.733029 0.660061 16552 0
0.543848 -0.352729 2.06179 1
0.735444 0.703606 16488 0
0.277006 -0.178228 2.05978 1
0.620039 0.602979 16472 0
0.246006 -0.535169 2.10348 1
0.60439 0.802792 16824 0
0.239507 -0.80015 2.14215 1
0.599798 0.944543 17136 0
0.222558 -0.858455 2.11236 1
0.594043 0.983662 16896 0
0.40788 -0.177788 2.0728 1
0.675642 0.602079 16576 0
0.424351 -0.557635 2.12169 1
0.678524 0.812796 16968 0
0.42852 -0.80847 2.1434 1
0.678452 0.948903 17144 0
0.42838 -0.870992 2.11834 1
0.680504 0.989341 16944 0
40
0.339079 -0.11215 2.07888 1
0.645588 0.564204 16624 0
0.333098 -0.0633764 2.1219 1
0.640121 0.535546 16968 0
0.322748 0.224254 2.1345 1
0.634965 0.374963 17072 0
0.331532 0.44818 2.15154 1
0.63754 0.252089 17208 0
0.1858 0.171879 2.10943 1
0.57862 0.403027 16872 0
0.147425 -0.0695602 2.07628 1
0.563378 0.539872 16608 0
0.156501 -0.261937 2.01578 1
0.569299 0.654649 16120 0
0.165238 -0.327404 2.00363 1
0.573612 0.694473 16024 0
0.484147 0.16114 2.13374 1
0.70253 0.410122 17064 0
0.5337 -0.078226 2.10862 1
0.725919 0.544151 16864 0
0.540405 -0.278411 2.06999 1
0.733027 0.660071 16552 0
0.543885 -0.352733 2.06179 1
0.73546 0.703608 16488 0
0.276965 -0.178428 2.05977 1
0.620022 0.603095 16472 0
0.245976 -0.53545 2.10349 1
0.604377 0.80295 16824 0
0.239487 -0.800121 2.14219 1
0.599788 0.944519 17136 0
0.222588 -0.858426 2.11235 1
0.594056 0.983647 16896 0
0.407866 -0.177918 2.07281 1
0.675635 0.602153 16576 0
0.424363 -0.557703 2.12171 1
0.678528 0.812831 16968 0
0.428447 -0.808434 2.1434 1
0.678422 0.948884 17144 0
0.42787 -0.870952 2.11832 1
0.680291 0.989324 16944 0
40
0.339067 -0.112261 2.07891 1
0.645581 0.564267 16624 0
0.333091 -0.0634239 2.12195 1
0.640114 0.535572 16968 0
0.322789 0.22574 2.13537 1
0.634927 0.374186 17080 0
0.331436 0.449534 2.15206 1
0.637467 0.251401 17216 0
0.185653 0.171735 2.10955 1
0.578553 0.403114 16872 0
0.147319 -0.0696876 2.07632 1
0.563331 0.539944 16608 0
0.15643 -0.261753 2.01586 1
0.569265 0.654534 16120 0
0.16524 -0.327416 2.00362 1
0.573613 0.694481 16024 0
0.484051 0.161082 2.13386 1
0.702479 0.410159 17064 0
0.533678 -0.0782644 2.10864 1
0.725907 0.544173 16864 0
0.5404 -0.278424 2.06999 1
0.733024 0.660078 16552 0
0.543918 -0.352739 2.06179 1
0.735473 0.703611 16488 0
0.276927 -0.178574 2.05978 1
0.620005 0.603179 16472 0
0.245951 -0.535666 2.1035 1
0.604366 0.80307 16824 0
0.239473 -0.800093 2.14221 1
0.599781 0.9445 17136 0
0.222605 -0.858398 2.11234 1
0.594064 0.983635 16896 0
0.407855 -0.17802 2.07283 1
0.675629 0.602211 16576 0
0.424372 -0.557758 2.12172 1
0.67853 0.81286 16968 0
0.428377 -0.8084 2.14339 1
0.678393 0.948866 17144 0
0.427546 -0.870914 2.11828 1
0.680158 0.989311 16944 0
40
0.339055 -0.112361 2.07896 1
0.645572 0.564322 16624 0
0.333088 -0.0634587 2.12204 1
0.640107 0.53559 16976 0
0.322912 0.227243 2.13629 1
0.63492 0.373403 17088 0
0.331283 0.450914 2.15258 1
0.63737 0.250698 17216 0
0.185457 0.17158 2.10975 1
0.578463 0.403211 16872 0
0.147222 -0.0698123 2.07638 1
0.563288 0.540015 16608 0
0.156357 -0.261555 2.01595 1
0.56923 0.65441 16120 0
0.16524 -0.327426 2.00362 1
0.573613 0.694487 16024 0
0.483938 0.161024 2.13402 1
0.702416 0.410198 17072 0
0.533648 -0.0783058 2.10869 1
0.72589 0.544195 16864 0
0.540389 -0.278449 2.07001 1
0.733017 0.66009 16560 0
0.543941 -0.352753 2.0618 1
0.735483 0.703618 16488 0
0.276885 -0.178704 2.05981 1
0.619985 0.603252 16472 0
0.245934 -0.535806 2.10351 1
0.604358 0.803148 16824 0
0.239464 -0.800063 2.14221 1
0.599777 0.944482 17136 0
0.222617 -0.858371 2.11233 1
0.59407 0.983622 16896 0
0.407845 -0.178112 2.07287 1
0.675621 0.602262 16576 0
0.424375 -0.557793 2.12174 1
0.67853 0.812877 16968 0
0.428309 -0.808367 2.1434 1
0.678364 0.948847 17144 0
0.427356 -0.870883 2.11825 1
0.68008 0.9893 16944 0
40
0.339036 -0.112467 2.07908 1
0.645556 0.56438 16632 0
0.333084 -0.0634783 2.12223 1
0.640092 0.535598 16976 0
0.323024 0.228832 2.13733 1
0.634902 0.37258 17096 0
0.331077 0.452396 2.15318 1
0.637247 0.249947 17224 0
0.185209 0.171426 2.11005 1
0.578348 0.403311 16880 0
0.147096 -0.0699402 2.0765 1
0.56323 0.540086 16608 0
0.156232 -0.261192 2.01619 1
0.569166 0.654178 16128 0
0.165209 -0.327411 2.00365 1
0.573598 0.694475 16024 0
0.483778 0.16098 2.13423 1
0.70233 0.410231 17072 0
0.533593 -0.0783464 2.10882 1
0.725852 0.544215 16864 0
0.540325 -0.278541 2.07006 1
0.732983 0.660139 16560 0
0.543908 -0.352836 2.06188 1
0.73546 0.703659 16488 0
0.276827 -0.178844 2.05991 1
0.619954 0.603328 16472 0
0.245933 -0.535949 2.10358 1
0.604355 0.80322 16824 0
0.239458 -0.800031 2.14222 1
0.599775 0.944463 17136 0
0.222624 -0.858332 2.1123 1
0.594074 0.983606 16896 0
0.407829 -0.178206 2.07298 1
0.675605 0.60231 16576 0
0.424374 -0.55782 2.12176 1
0.678528 0.812889 16968 0
0.428222 -0.808302 2.14338 1
0.678329 0.948815 17144 0
0.42729 -0.870826 2.11822 1
0.680055 0.989275 16944 0
40
0.338998 -0.112506 2.0795 1
0.64551 0.564389 16632 0
0.333072 -0.0633285 2.12283 1
0.640048 0.535504 16976 0
0.323008 0.230883 2.13873 1
0.634807 0.371522 17104 0
0.330812 0.454337 2.15405 1
0.637082 0.248976 17232 0
0.184762 0.171347 2.11074 1
0.578133 0.403387 16880 0
0.146882 -0.070024 2.07683 1
0.563128 0.540127 16608 0
0.156067 -0.260634 2.01666 1
0.569077 0.653812 16128 0
0.165144 -0.327359 2.00378 1
0.573564 0.694431 16024 0
0.48354 0.160968 2.13459 1
0.702195 0.410254 17072 0
0.533455 -0.0783718 2.10918 1
0.725755 0.544222 16872 0
0.540232 -0.278574 2.07018 1
0.732931 0.66015 16560 0
0.543836 -0.352838 2.06205 1
0.735408 0.703642 16496 0
0.27673 -0.178972 2.06025 1
0.619892 0.603385 16480 0
0.245965 -0.536098 2.10372 1
0.604361 0.803283 16824 0
0.239457 -0.799997 2.14222 1
0.599774 0.944444 17136 0
0.222629 -0.858288 2.11228 1
0.594077 0.983587 16896 0
0.407819 -0.178188 2.07347 1
0.675559 0.602276 16584 0
0.424366 -0.557836 2.12179 1
0.678522 0.812894 16968 0
0.42813 -0.808232 2.14336 1
0.678293 0.94878 17144 0
0.427369 -0.870731 2.11815 1
0.680095 0.989237 16944 0
40
0.338898 -0.112473 2.08068 1
0.645384 0.564333 16640 0
0.333034 -0.0629505 2.12418 1
0.639943 0.53527 16992 0
0.322894 0.233106 2.14038 1
0.634655 0.370385 17120 0
0.330287 0.456632 2.15545 1
0.636775 0.247872 17240 0
0.184028 0.171499 2.11218 1
0.577769 0.403368 16896 0
0.146644 -0.0699742 2.07751 1
0.563005 0.540085 16616 0
0.155831 -0.25986 2.01752 1
0.568943 0.65329 16136 0
0.164949 -0.327171 2.00436 1
0.573456 0.694264 16032 0
0.483146 0.16105 2.13524 1
0.701969 0.410236 17080 0
0.533241 -0.0782901 2.11 1
0.725577 0.544159 16880 0
0.539985 -0.278571 2.07054 1
0.732784 0.66012 16560 0
0.543377 -0.352191 2.0632 1
0.735078 0.703155 16504 0
0.276502 -0.179153 2.06145 1
0.619724 0.603429 16488 0
0.2461 -0.53627 2.10421 1
0.604394 0.80331 16832 0
0.239458 -0.799949 2.14223 1
0.599774 0.944416 17136 0
0.222636 -0.858214 2.11224 1
0.594082 0.983554 16896 0
0.407781 -0.177997 2.07487 1
0.675424 0.602097 16592 0
0.424321 -0.557853 2.12185 1
0.678498 0.812894 16968 0
0.428036 -0.808133 2.14332 1
0.678257 0.948733 17144 0
0.427562 -0.870593 2.11806 1
0.680184 0.989181 16944 0
40
0.338706 -0.112409 2.08345 1
0.645108 0.564211 16664 0
0.332992 -0.0622677 2.12701 1
0.63974 0.534841 17016 0
0.322817 0.235997 2.14279 1
0.634471 0.368925 17136 0
0.329723 0.459352 2.15699 1
0.636444 0.246551 17248 0
0.183178 0.171959 2.1145 1
0.577325 0.403215 16912 0
0.146406 -0.0696994 2.07874 1
0.562866 0.539904 16624 0
0.155565 -0.258984 2.0189 1
0.568778 0.652668 16144 0
0.164613 -0.326839 2.00569 1
0.573258 0.693938 16040 0
0.482576 0.16117 2.13622 1
0.701639 0.410209 17088 0
0.532818 -0.078171 2.11138 1
0.725251 0.544063 16888 0
0.539458 -0.278507 2.07148 1
0.732451 0.660011 16568 0
0.542222 -0.349998 2.06574 1
0.734292 0.701643 16520 0
0.276076 -0.179349 2.0644 1
0.619368 0.603394 16512 0
0.246327 -0.536379 2.10521 1
0.604441 0.803228 16840 0
0.239462 -0.799891 2.14222 1
0.599776 0.944384 17136 0
0.222654 -0.858163 2.11222 1
0.59409 0.98353 16896 0
0.407645 -0.177693 2.0783 1
0.675076 0.601754 16624 0
0.424189 -0.55784 2.12211 1
0.678421 0.812848 16976 0
0.427946 -0.808033 2.14327 1
0.678224 0.948688 17144 0
0.427858 -0.870402 2.11786 1
0.680325 0.989119 16936 0
40
0.33834 -0.111131 2.09022 1
0.644483 0.563276 16720 0
0.332714 -0.059924 2.13369 1
0.639186 0.533424 17064 0
0.322161 0.240671 2.14717 1
0.633925 0.366602 17176 0
0.328976 0.463417 2.15935 1
0.635986 0.244587 17272 0
0.182123 0.173223 2.11877 1
0.576725 0.402699 16944 0
0.145663 -0.0685479 2.08241 1
0.562436 0.539176 16656 0
0.155221 -0.257569 2.02192 1
0.568524 0.651608 16168 0
0.164043 -0.325778 2.00909 1
0.572881 0.692982 16072 0
0.481765 0.161842 2.13907 1
0.701032 0.409955 17112 0
0.532071 -0.0774901 2.11506 1
0.724544 0.543603 16920 0
0.537724 -0.275219 2.07719 1
0.731067 0.657687 16616 0
0.539831 -0.347058 2.06976 1
0.732805 0.69956 16552 0
0.275311 -0.178037 2.07266 1
0.618563 0.602229 16576 0
0.24696 -0.536209 2.10804 1
0.604569 0.802724 16864 0
0.239465 -0.799831 2.14228 1
0.599775 0.94434 17136 0
0.222694 -0.858071 2.11219 1
0.594109 0.983485 16896 0
0.407591 -0.176491 2.0851 1
0.674483 0.600737 16680 0
0.423897 -0.557658 2.12285 1
0.678235 0.812637 16976 0
0.427853 -0.807872 2.14319 1
0.678192 0.948616 17144 0
0.428176 -0.870176 2.11769 1
0.680473 0.989032 16936 0
40
0.337872 -0.108611 2.10129 1
0.643522 0.561515 16808 0
0.332083 -0.0561652 2.14401 1
0.638253 0.531177 17152 0
0.321132 0.245763 2.15251 1
0.633166 0.364117 17216 0
0.32845 0.468105 2.16288 1
0.635547 0.242425 17296 0
0.181306 0.175252 2.12476 1
0.576165 0.401838 16992 0
0.144989 -0.0666207 2.0876 1
0.561993 0.53798 16696 0
0.154886 -0.255151 2.02718 1
0.568198 0.649795 16216 0
0.163357 -0.324167 2.014 1
0.572399 0.691559 16104 0
0.481445 0.163928 2.1462 1
0.700231 0.409097 17168 0
0.530983 -0.0758955 2.12081 1
0.723477 0.54259 16960 0
0.535668 -0.271175 2.08436 1
0.729391 0.654835 16672 0
0.537044 -0.343726 2.07508 1
0.731009 0.697138 16600 0
0.274434 -0.175494 2.08528 1
0.61747 0.600159 16680 0
0.2474 -0.535579 2.11244 1
0.604537 0.80174 16896 0
0.239453 -0.799743 2.14241 1
0.599764 0.944264 17136 0
0.222972 -0.85804 2.1124 1
0.594217 0.98342 16896 0
0.407745 -0.174339 2.09695 1
0.673562 0.598946 16768 0
0.423014 -0.55518 2.12566 1
0.677629 0.810836 17000 0
0.427769 -0.807706 2.1431 1
0.678164 0.948543 17144 0
0.428319 -0.870027 2.11759 1
0.680543 0.988972 16936 0
40
0.337346 -0.10662 2.11467 1
0.642392 0.560005 16912 0
0.331433 -0.0514655 2.1579 1
0.637094 0.528384 17256 0
0.318351 0.286059 2.17719 1
0.630516 0.343631 17416 0
0.327683 0.473915 2.16779 1
0.634925 0.239819 17336 0
0.180551 0.177659 2.13276 1
0.575564 0.400863 17056 0
0.144399 -0.0642576 2.09498 1
0.561523 0.536504 16752 0
0.154518 -0.251275 2.03554 1
0.567757 0.646914 16280 0
0.162881 -0.32202 2.02055 1
0.571954 0.689673 16160 0
0.480987 0.165839 2.15381 1
0.699333 0.408363 17224 0
0.529517 -0.0739457 2.13162 1
0.72173 0.541285 17048 0
0.53356 -0.269264 2.09197 1
0.727657 0.653185 16728 0
0.533822 -0.340089 2.0825 1
0.728805 0.694357 16656 0
0.273351 -0.174015 2.10063 1
0.616152 0.598589 16800 0
0.247967 -0.535228 2.12056 1
0.604375 0.800387 16960 0
0.239259 -0.799529 2.14297 1
0.599656 0.944028 17136 0
0.22339 -0.857862 2.11264 1
0.594383 0.983265 16896 0
0.407797 -0.172292 2.11068 1
0.672454 0.597148 16880 0
0.421866 -0.551342 2.13004 1
0.676783 0.808053 17040 0
0.427715 -0.807537 2.14305 1
0.678146 0.94846 17144 0
0.428562 -0.869822 2.11749 1
0.680653 0.988879 16936 0
40
0.336686 -0.105656 2.13107 1
0.64102 0.559005 17048 0
0.330803 -0.0471498 2.17365 1
0.635842 0.525816 17384 0
0.316527 0.305336 2.19005 1
0.629006 0.334073 17520 0
0.327146 0.478351 2.17304 1
0.634378 0.238018 17384 0
0.17955 0.1794 2.14513 1
0.574711 0.400468 17160 0
0.143841 -0.0625557 2.10558 1
0.560977 0.535358 16840 0
0.154299 -0.247875 2.04469 1
0.567358 0.644277 16352 0
0.16254 -0.319565 2.0282 1
0.571532 0.687517 16224 0
0.480554 0.167119 2.163 1
0.698308 0.408048 17296 0
0.528131 -0.0728623 2.1436 1
0.719914 0.540453 17144 0
0.530808 -0.268842 2.10058 1
0.725554 0.652317 16800 0
0.530275 -0.337606 2.09208 1
0.726243 0.692054 16736 0
0.272146 -0.174066 2.11967 1
0.614601 0.597732 16952 0
0.248297 -0.535394 2.13074 1
0.604015 0.799045 17040 0
0.238974 -0.799247 2.14395 1
0.599492 0.943669 17144 0
0.223961 -0.85761 2.11307 1
0.594605 0.983024 16904 0
0.407892 -0.171113 2.12642 1
0.671218 0.59577 17008 0
0.420917 -0.548198 2.13555 1
0.675931 0.805507 17080 0
0.427681 -0.807377 2.14304 1
0.678133 0.948373 17144 0
0.429052 -0.869534 2.11742 1
0.680866 0.988734 16936 0
40
0.336823 -0.105525 2.15037 1
0.639811 0.558403 17200 0
0.331061 -0.0437517 2.19184 1
0.63482 0.523756 17528 0
0.315875 0.31423 2.19808 1
0.628271 0.329863 17584 0
0.326848 0.482118 2.17998 1
0.633828 0.236795 17432 0
0.178699 0.180041 2.16241 1
0.573763 0.400911 17296 0
0.143553 -0.0616832 2.11737 1
0.560516 0.534671 16936 0
0.154395 -0.242645 2.05798 1
0.566965 0.640321 16456 0
0.162755 -0.31676 2.03835 1
0.57127 0.684946 16304 0
0.479842 0.167839 2.17723 1
0.69672 0.408255 17416 0
0.526446 -0.072492 2.15478 1
0.718074 0.540039 17232 0
0.52783 -0.269713 2.10953 1
0.723338 0.652163 16872 0
0.52693 -0.336436 2.10108 1
0.723853 0.690569 16808 0
0.27192 -0.174369 2.1387 1
0.613487 0.597031 17104 0
0.248034 -0.535609 2.14157 1
0.603379 0.797651 17128 0
0.238663 -0.798933 2.14529 1
0.599301 0.943217 17160 0
0.224571 -0.857291 2.11366 1
0.594836 0.982711 16904 0
0.408573 -0.17111 2.14764 1
0.66981 0.594822 17176 0
0.420183 -0.545757 2.14243 1
0.67506 0.80317 17136 0
0.427658 -0.807222 2.14307 1
0.678121 0.948281 17144 0
0.43102 -0.848189 2.08815 1
0.684243 0.98342 16704 0
40
0.336725 -0.10506 2.17354 1
0.63828 0.557526 17384 0
0.330969 -0.0412303 2.21437 1
0.633411 0.522159 17712 0
0.314414 0.317433 2.21159 1
0.626897 0.32918 17688 0
0.327221 0.48446 2.18872 1
0.633446 0.236573 17504 0
0.177745 0.180906 2.18511 1
0.572607 0.401469 17480 0
0.14375 -0.0605166 2.13296 1
0.560156 0.533766 17056 0
0.154484 -0.238837 2.07108 1
0.56658 0.637245 16568 0
0.163064 -0.314396 2.05011 1
0.570996 0.682512 16400 0
0.479899 0.168371 2.19745 1
0.694933 0.408812 17576 0
0.523438 -0.0725351 2.16708 1
0.715598 0.539835 17336 0
0.524386 -0.27159 2.11984 1
0.720801 0.652477 16952 0
0.523424 -0.336389 2.11093 1
0.721326 0.689653 16880 0
0.271695 -0.173914 2.16405 1
0.612065 0.595645 17312 0
0.247476 -0.536415 2.15315 1
0.602592 0.796496 17224 0
0.238368 -0.798717 2.14669 1
0.599113 0.942809 17168 0
0.225059 -0.857069 2.11438 1
0.595009 0.98242 16912 0
0.409085 -0.171295 2.16833 1
0.6684 0.594018 17344 0
0.419295 -0.544125 2.15059 1
0.674027 0.801116 17200 0
0.427664 -0.807085 2.14316 1
0.678115 0.948184 17144 0
0.431933 -0.839296 2.07614 1
0.6857 0.981117 16608 0
40
0.336941 -0.105067 2.19891 1
0.636773 0.556866 17584 0
0.331323 -0.040227 2.23859 1
0.632108 0.521386 17904 0
0.313925 0.314371 2.22876 1
0.625724 0.33213 17824 0
0.328233 0.485277 2.20313 1
0.632983 0.237854 17624 0
0.176093 0.180715 2.21032 1
0.571112 0.402696 17680 0
0.144859 -0.0602182 2.15114 1
0.560108 0.533316 17208 0
0.154672 -0.234953 2.08825 1
0.566112 0.633903 16704 0
0.163407 -0.311244 2.06507 1
0.57063 0.679374 16520 0
0.481061 0.166976 2.22164 1
0.693277 0.410552 17768 0
0.519555 -0.0740979 2.1813 1
0.712603 0.540428 17448 0
0.519326 -0.277315 2.13492 1
0.717127 0.654592 17072 0
0.518964 -0.338101 2.12335 1
0.718157 0.689504 16984 0
0.2716 -0.174158 2.1903 1
0.610683 0.594631 17520 0
0.246381 -0.536909 2.16494 1
0.601582 0.795154 17312 0
0.238113 -0.79856 2.14812 1
0.598941 0.942426 17184 0
0.225489 -0.856864 2.11514 1
0.595157 0.982133 16920 0
0.409913 -0.172603 2.19389 1
0.666775 0.593632 17544 0
0.417925 -0.543841 2.1601 1
0.672695 0.799634 17280 0
0.427936 -0.806988 2.14414 1
0.678148 0.947927 17152 0
0.43683 -0.848485 2.0928 1
0.686311 0.982514 16736 0
40
0.336805 -0.109852 2.22561 1
0.635077 0.558742 17800 0
0.33139 -0.0441974 2.26397 1
0.630654 0.523234 18104 0
0.31294 0.304896 2.24871 1
0.624217 0.338635 17984 0
0.331258 0.480209 2.22656 1
0.632796 0.243322 17808 0
0.174899 0.175547 2.23524 1
0.569842 0.406532 17880 0
0.146505 -0.0647539 2.1723 1
0.560199 0.535476 17376 0
0.155272 -0.236135 2.10459 1
0.565854 0.633532 16832 0
0.164163 -0.311311 2.0782 1
0.570508 0.678279 16624 0
0.481796 0.160767 2.24404 1
0.69164 0.414737 17952 0
0.515669 -0.0811949 2.20188 1
0.70904 0.543886 17608 0
0.514597 -0.282388 2.15193 1
0.713449 0.656175 17208 0
0.514359 -0.342779 2.13949 1
0.71459 0.690676 17112 0
0.270551 -0.179559 2.21933 1
0.608813 0.596289 17752 0
0.24505 -0.536882 2.1749 1
0.60057 0.793787 17392 0
0.237902 -0.79847 2.14955 1
0.598788 0.942082 17192 0
0.233764 -0.841968 2.09779 1
0.599465 0.977669 16776 0
0.41105 -0.178451 2.22107 1
0.665191 0.59562 17768 0
0.416819 -0.544204 2.17076 1
0.671392 0.798362 17360 0
0.428191 -0.806942 2.14516 1
0.678169 0.947688 17160 0
0.43948 -0.854952 2.10399 1
0.686444 0.983604 16824 0
40
0.335644 -0.121082 2.26092 1
0.63251 0.563736 18080 0
0.330864 -0.0553358 2.29732 1
0.628553 0.528667 18376 0
0.312707 0.283979 2.27798 1
0.62253 0.351636 18216 0
0.333065 0.471489 2.2477 1
0.632265 0.250354 17976 0
0.173188 0.167423 2.26089 1
0.568375 0.411869 18080 0
0.149674 -0.0730144 2.19668 1
0.560818 0.539558 17568 0
0.154471 -0.24101 2.12329 1
0.564937 0.635088 16984 0
0.165455 -0.31519 2.09519 1
0.570487 0.679037 16760 0
0.481798 0.149948 2.26735 1
0.689671 0.421293 18136 0
0.512069 -0.0918523 2.22139 1
0.705759 0.549211 17768 0
0.51067 -0.287749 2.16862 1
0.710189 0.657914 17344 0
0.510561 -0.345864 2.15262 1
0.711707 0.691219 17216 0
0.268916 -0.190619 2.25489 1
0.60645 0.600608 18032 0
0.243169 -0.538454 2.18485 1
0.599344 0.793305 17472 0
0.237699 -0.798397 2.15105 1
0.598635 0.941734 17208 0
0.23716 -0.835474 2.09059 1
0.601257 0.975616 16720 0
0.410113 -0.191633 2.2592 1
0.662033 0.600951 18072 0
0.415753 -0.545324 2.1853 1
0.669815 0.796985 17480 0
0.428387 -0.806941 2.14616 1
0.678167 0.947478 17168 0
0.438154 -0.850441 2.09777 1
0.686433 0.98248 16776 0
40
0.334403 -0.129438 2.2902 1
0.630332 0.567263 18320 0
0.329969 -0.0639357 2.32518 1
0.626669 0.532725 18600 0
0.311971 0.269847 2.30291 1
0.620918 0.360545 18416 0
0.334854 0.460601 2.26944 1
0.631702 0.258454 18152 0
0.171901 0.159092 2.29142 1
0.566962 0.41737 18328 0
0.150705 -0.0808473 2.22486 1
0.560461 0.543247 17792 0
0.153384 -0.245552 2.14144 1
0.563934 0.636468 17128 0
0.166231 -0.318615 2.11174 1
0.570262 0.679563 16888 0
0.481158 0.136125 2.29733 1
0.686947 0.429481 18376 0
0.510684 -0.106356 2.25198 1
0.702414 0.556207 18008 0
0.508455 -0.291373 2.19087 1
0.707153 0.65828 17520 0
0.507507 -0.349076 2.16428 1
0.709306 0.691955 17312 0
0.266884 -0.198576 2.28719 1
0.604154 0.603328 18296 0
0.241477 -0.540545 2.19347 1
0.598265 0.793287 17544 0
0.237535 -0.798325 2.15253 1
0.598499 0.941391 17216 0
0.239023 -0.831904 2.08683 1
0.602237 0.974436 16688 0
0.409517 -0.200363 2.28614 1
0.65989 0.604305 18288 0
0.415669 -0.547331 2.20251 1
0.668455 0.795751 17616 0
0.428537 -0.806965 2.14745 1
0.678123 0.947224 17176 0
0.436816 -0.847197 2.09355 1
0.686238 0.981607 16744 0
40
0.334178 -0.147012 2.33295 1
0.627857 0.574996 18656 0
0.330422 -0.0817875 2.36423 1
0.624748 0.541171 18912 0
0.311786 0.245737 2.33424 1
0.619224 0.37471 18672 0
0.333552 0.436926 2.29948 1
0.629475 0.273864 18392 0
0.16999 0.139353 2.32745 1
0.565192 0.428743 18616 0
0.150459 -0.100549 2.26093 1
0.5594 0.552928 18080 0
0.154827 -0.271229 2.16883 1
0.56372 0.648834 17344 0
0.166833 -0.326003 2.13194 1
0.569849 0.681986 17048 0
0.47978 0.118956 2.32497 1
0.684195 0.439108 18592 0
0.51202 -0.124277 2.28288 1
0.700197 0.564789 18256 0
0.507154 -0.297551 2.21144 1
0.7047 0.660132 17688 0
0.505438 -0.35218 2.17402 1
0.707519 0.692794 17392 0
0.266957 -0.217191 2.33312 1
0.602131 0.61079 18664 0
0.238011 -0.540658 2.20275 1
0.596446 0.792113 17616 0
0.237342 -0.798237 2.15368 1
0.598367 0.941107 17224 0
0.240012 -0.82975 2.08451 1
0.602774 0.973734 16672 0
0.409278 -0.217241 2.3293 1
0.656836 0.610997 18632 0
0.414937 -0.548926 2.22438 1
0.666505 0.793696 17792 0
0.42868 -0.806845 2.14885 1
0.678066 0.946865 17184 0
0.435328 -0.84477 2.09073 1
0.685854 0.980876 16720 0
40
0.332443 -0.164873 2.37225 1
0.625086 0.582714 18976 0
0.328662 -0.0991123 2.39717 1
0.622378 0.549206 19176 0
0.311966 0.221534 2.36183 1
0.6179 0.388369 18888 0
0.329682 0.410604 2.32566 1
0.626533 0.289879 18600 0
0.168496 0.120434 2.35623 1
0.56383 0.439169 18848 0
0.149472 -0.122027 2.29551 1
0.558121 0.563266 18360 0
0.154161 -0.283339 2.19096 1
0.562805 0.653909 17520 0
0.166406 -0.33572 2.14932 1
0.569107 0.685895 17192 0
0.480702 0.0941097 2.36425 1
0.681484 0.452627 18912 0
0.519138 -0.147595 2.32108 1
0.69964 0.575679 18568 0
0.507598 -0.306926 2.23151 1
0.703037 0.663692 17848 0
0.503228 -0.359292 2.18822 1
0.705271 0.695411 17504 0
0.264493 -0.235619 2.37486 1
0.59941 0.618077 18992 0
0.229413 -0.540275 2.21586 1
0.592412 0.790178 17720 0
0.236972 -0.79812 2.15459 1
0.598172 0.940856 17232 0
0.240758 -0.828246 2.08289 1
0.603174 0.973245 16656 0
0.407676 -0.236536 2.37156 1
0.653439 0.618701 18968 0
0.414442 -0.547372 2.24465 1
0.664804 0.790219 17952 0
0.429023 -0.806192 2.15077 1
0.67805 0.946105 17200 0
0.434901 -0.842688 2.08917 1
0.68581 0.980048 16712 0
40
0.328171 -0.191673 2.41568 1
0.621259 0.594431 19320 0
0.325145 -0.126669 2.43599 1
0.61914 0.561885 19480 0
0.310091 0.18902 2.39229 1
0.615699 0.405965 19136 0
0.325018 0.373806 2.35657 1
0.623107 0.311218 18848 0
0.165169 0.0874391 2.39128 1
0.561653 0.456482 19128 0
0.145213 -0.15447 2.33123 1
0.5556 0.578859 18648 0
0.153999 -0.299182 2.20888 1
0.56223 0.661197 17664 0
0.164669 -0.346957 2.16904 1
0.567764 0.690371 17352 0
0.479414 0.0667438 2.39377 1
0.678765 0.466816 19144 0
0.527816 -0.172283 2.3578 1
0.699816 0.586962 18856 0
0.510345 -0.314954 2.24418 1
0.702983 0.667025 17952 0
0.503566 -0.366447 2.20157 1
0.704163 0.698094 17608 0
0.25873 -0.261757 2.41998 1
0.595431 0.62873 19352 0
0.219978 -0.539817 2.227 1
0.588169 0.788483 17808 0
0.236114 -0.797935 2.15548 1
0.597776 0.940571 17240 0
0.239995 -0.827412 2.08195 1
0.602893 0.972981 16648 0
0.404352 -0.263909 2.41646 1
0.64936 0.629977 19328 0
0.419573 -0.550041 2.26488 1
0.665355 0.78903 18112 0
0.429522 -0.804983 2.15301 1
0.678071 0.944974 17224 0
0.434237 -0.840778 2.0883 1
0.685605 0.979162 16704 0
40
0.322722 -0.220594 2.45462 1
0.617354 0.606955 19632 0
0.319717 -0.157933 2.47111 1
0.615485 0.576063 19768 0
0.306157 0.145221 2.42541 1
0.612671 0.428741 19400 0
0.323613 0.331983 2.38592 1
0.621066 0.334403 19080 0
0.16001 0.04903 2.42468 1
0.558904 0.475934 19392 0
0.131709 -0.189905 2.37372 1
0.549527 0.595214 18984 0
0.151799 -0.316905 2.2322 1
0.5607 0.668962 17856 0
0.16744 -0.381069 2.21151 1
0.567581 0.705073 17688 0
0.478989 0.0297525 2.43018 1
0.675931 0.485429 19440 0
0.54227 -0.195275 2.40069 1
0.70162 0.596806 19200 0
0.5213 -0.327819 2.26892 1
0.70508 0.671952 18144 0
0.503562 -0.393067 2.24336 1
0.700359 0.708526 17944 0
0.251621 -0.294395 2.46187 1
0.59123 0.642318 19688 0
0.193195 -0.523474 2.24464 1
0.576825 0.77755 17952 0
0.22908 -0.793716 2.15543 1
0.594865 0.938251 17240 0
0.23316 -0.823995 2.08069 1
0.600023 0.971314 16640 0
0.399959 -0.292052 2.45681 1
0.645311 0.641475 19648 0
0.438324 -0.554278 2.30437 1
0.669784 0.786265 18432 0
0.43491 -0.805513 2.15656 1
0.680008 0.944532 17248 0
0.437206 -0.840322 2.0881 1
0.686891 0.978946 16704 0
40
0.318155 -0.26065 2.49213 1
0.613952 0.624474 19936 0
0.315274 -0.200794 2.50574 1
0.612307 0.595369 20040 0
0.303351 0.0900341 2.46221 1
0.60997 0.456481 19696 0
0.322277 0.278858 2.41522 1
0.619104 0.36259 19320 0
0.155657 0.00126616 2.45782 1
0.556529 0.499387 19656 0
0.120486 -0.225437 2.41376 1
0.544555 0.611154 19304 0
0.148433 -0.347199 2.26826 1
0.558411 0.68217 18144 0
0.169262 -0.416421 2.24523 1
0.56729 0.720732 17960 0
0.475011 -0.0122546 2.4655 1
0.67197 0.505915 19720 0
0.555206 -0.218488 2.43754 1
0.703309 0.606676 19496 0
0.534125 -0.35471 2.29512 1
0.707726 0.683933 18360 0
0.50402 -0.426745 2.28181 1
0.697161 0.722577 18248 0
0.24642 -0.335506 2.49862 1
0.58803 0.659806 19984 0
0.182762 -0.519244 2.2511 1
0.572468 0.774517 18008 0
0.217696 -0.791213 2.15192 1
0.590298 0.937582 17208 0
0.221138 -0.822797 2.07681 1
0.595043 0.971507 16608 0
0.395775 -0.330263 2.49446 1
0.64162 0.657571 19952 0
0.469088 -0.567244 2.32913 1
0.679769 0.789847 18632 0
0.448519 -0.809392 2.1562 1
0.685672 0.946748 17248 0
0.419792 -0.842887 2.11367 1
0.677277 0.974598 16904 0
40
0.313461 -0.293146 2.51583 1
0.611213 0.638674 20120 0
0.310162 -0.240158 2.52901 1
0.609469 0.613015 20232 0
0.298869 0.0309432 2.49109 1
0.607089 0.485217 19928 0
0.321021 0.218566 2.44589 1
0.617152 0.39365 19560 0
0.147137 -0.05952 2.49026 1
0.552739 0.528445 19920 0
0.109011 -0.269054 2.45148 1
0.539691 0.630618 19608 0
0.153975 -0.384574 2.29517 1
0.559881 0.699415 18360 0
0.176649 -0.454163 2.27234 1
0.569389 0.737866 18176 0
0.471109 -0.0659548 2.49886 1
0.66828 0.531412 19984 0
0.561271 -0.250347 2.48368 1
0.701711 0.61996 19864 0
0.546059 -0.379886 2.33642 1
0.708614 0.693507 18688 0
0.50831 -0.451617 2.31936 1
0.69562 0.731736 18552 0
0.236883 -0.373614 2.52449 1
0.583756 0.676133 20192 0
0.175146 -0.518635 2.25592 1
0.569299 0.773609 18040 0
0.205436 -0.792061 2.14529 1
0.585476 0.939405 17160 0
0.221162 -0.839871 2.12476 1
0.592908 0.97043 16992 0
0.394385 -0.362346 2.51771 1
0.63982 0.671281 20136 0
0.481541 -0.575841 2.34014 1
0.683673 0.792855 18720 0
0.464106 -0.816592 2.15169 1
0.692527 0.951666 17208 0
0.410781 -0.8386 2.12967 1
0.672168 0.968636 17032 0
40
0.307561 -0.33974 2.54213 1
0.607991 0.659053 20336 0
0.305414 -0.289625 2.55344 1
0.606762 0.63499 20424 0
0.299629 -0.0347626 2.52118 1
0.60608 0.51641 20168 0
0.32128 0.150753 2.47975 1
0.615646 0.427648 19832 0
0.145635 -0.123992 2.52206 1
0.551542 0.55851 20176 0
0.112635 -0.323051 2.48771 1
0.540414 0.654549 19896 0
0.174034 -0.433606 2.30337 1
0.567441 0.724039 18424 0
0.197342 -0.484696 2.25573 1
0.578088 0.755726 18040 0
0.473035 -0.136494 2.5329 1
0.666698 0.564134 20256 0
0.555748 -0.300473 2.52062 1
0.6968 0.64187 20160 0
0.558236 -0.423798 2.37091 1
0.710163 0.712734 18960 0
0.52414 -0.476796 2.32785 1
0.700977 0.743764 18616 0
0.225443 -0.419091 2.54753 1
0.57899 0.695786 20376 0
0.161052 -0.542773 2.27111 1
0.563297 0.784428 18168 0
0.193671 -0.807284 2.13054 1
0.581139 0.95095 17040 0
0.20281 -0.854418 2.08883 1
0.586664 0.986811 16704 0
0.392226 -0.410094 2.54411 1
0.637611 0.69184 20352 0
0.495202 -0.598109 2.35169 1
0.687956 0.802686 18808 0
0.48094 -0.828013 2.14241 1
0.700374 0.959967 17136 0
0.410366 -0.830029 2.14192 1
0.67101 0.961193 17128 0
40
0.29834 -0.398684 2.56426 1
0.603849 0.685037 20512 0
0.297638 -0.352004 2.57634 1
0.603119 0.662606 20608 0
0.298452 -0.11324 2.55699 1
0.604184 0.552707 20448 0
0.31976 0.0758894 2.518 1
0.61335 0.464131 20136 0
0.147085 -0.205042 2.55508 1
0.551383 0.595506 20440 0
0.0988535 -0.380208 2.5285 1
0.534897 0.678958 20224 0
0.174148 -0.473745 2.34525 1
0.56628 0.740408 18760 0
0.202801 -0.510166 2.30026 1
0.578695 0.763954 18400 0
0.467453 -0.214182 2.56628 1
0.662588 0.599328 20528 0
0.564282 -0.356947 2.56426 1
0.696421 0.665667 20512 0
0.568071 -0.478287 2.41596 1
0.709878 0.735608 19320 0
0.532134 -0.489462 2.34481 1
0.702567 0.74843 18752 0
0.213788 -0.474748 2.56283 1
0.574459 0.720463 20496 0
0.137898 -0.606042 2.29564 1
0.553618 0.814189 18360 0
0.199151 -0.803774 2.14253 1
0.582968 0.946478 17136 0
0.203623 -0.849784 2.08896 1
0.587006 0.984139 16704 0
0.382614 -0.467721 2.56535 1
0.633128 0.716987 20520 0
0.50046 -0.648297 2.36624 1
0.688783 0.826067 18928 0
0.490606 -0.83887 2.12485 1
0.706091 0.96985 16992 0
0.412379 -0.823118 2.14521 1
0.671586 0.956652 17160 0
40
0.276668 -0.452913 2.58216 1
0.595638 0.708749 20656 0
0.279763 -0.410723 2.59733 1
0.596143 0.688198 20776 0
0.299234 -0.190639 2.59282 1
0.603013 0.587505 20736 0
0.321804 0.000270836 2.55782 1
0.612299 0.499874 20456 0
0.154144 -0.286067 2.58942 1
0.553135 0.631479 20712 0
0.0985904 -0.449069 2.56595 1
0.534296 0.708285 20520 0
0.191617 -0.51741 2.36638 1
0.572277 0.760221 18928 0
0.211396 -0.523212 2.31071 1
0.581659 0.769479 18480 0
0.460234 -0.291587 2.6005 1
0.65797 0.633445 20800 0
0.560375 -0.428473 2.60345 1
0.692124 0.695869 20824 0
0.553592 -0.520562 2.42907 1
0.703425 0.75505 19432 0
0.535342 -0.528396 2.35616 1
0.702806 0.766899 18848 0
0.189338 -0.520982 2.57411 1
0.565654 0.740873 20592 0
0.192375 -0.71852 2.24561 1
0.576466 0.8808 17960 0
0.216126 -0.855647 2.08828 1
0.592379 0.98764 16704 0
0.218382 -0.883952 2.02446 1
0.596286 1.01965 16192 0
0.35371 -0.521218 2.57996 1
0.622374 0.740436 20632 0
0.466987 -0.70439 2.25643 1
0.68473 0.871522 18048 0
0.423242 -0.828714 2.05591 1
0.683755 0.979726 16440 0
0.441299 -0.81372 2.08303 1
0.6891 0.964914 16664 0
40
0.266069 -0.497801 2.6015 1
0.59129 0.727732 20808 0
0.270981 -0.461106 2.62229 1
0.592238 0.709273 20976 0
0.30042 -0.250441 2.62956 1
0.601977 0.613348 21032 0
0.315093 -0.0544891 2.59766 1
0.60827 0.524964 20776 0
0.161587 -0.358998 2.62154 1
0.555018 0.662978 20968 0
0.0881001 -0.51268 2.60887 1
0.530142 0.733877 20864 0
0.19736 -0.539213 2.38677 1
0.573808 0.768869 19088 0
0.235893 -0.549179 2.35724 1
0.589323 0.77727 18856 0
0.449895 -0.358599 2.63253 1
0.652543 0.662117 21056 0
0.550058 -0.491092 2.64151 1
0.68587 0.72126 21128 0
0.540666 -0.549174 2.4513 1
0.696873 0.766628 19608 0
0.522274 -0.56349 2.38793 1
0.695223 0.780839 19096 0
0.175805 -0.561892 2.58426 1
0.560722 0.758767 20672 0
0.20644 -0.764123 2.22486 1
0.582822 0.908746 17792 0
0.225164 -0.877878 2.05281 1
0.597905 1.00895 16416 0
0.226441 -0.897054 1.98397 1
0.601876 1.03812 15864 0
0.342338 -0.554215 2.59628 1
0.617695 0.75405 20768 0
0.459468 -0.714712 2.22679 1
0.684175 0.881983 17808 0
0.413379 -0.789511 2.00837 1
0.683721 0.96785 16064 0
0.465935 -0.800287 2.02834 1
0.70504 0.969567 16224 0
40
0.286118 -0.550606 2.62609 1
0.59725 0.749531 21008 0
0.287667 -0.512106 2.65158 1
0.596837 0.729852 21208 0
0.301908 -0.279747 2.66508 1
0.601116 0.624925 21320 0
0.308075 -0.0793712 2.62589 1
0.604721 0.535973 21000 0
0.165 -0.382387 2.64098 1
0.555766 0.672318 21120 0
0.109197 -0.551166 2.62715 1
0.5371 0.749683 21016 0
0.208689 -0.590795 2.41135 1
0.577249 0.791588 19288 0
0.257398 -0.603399 2.38826 1
0.5962 0.800687 19104 0
0.440612 -0.386797 2.65659 1
0.648042 0.673281 21248 0
0.560513 -0.565848 2.69686 1
0.685516 0.749709 21568 0
0.562269 -0.651323 2.50463 1
0.70038 0.80949 20032 0
0.559847 -0.679375 2.44432 1
0.70444 0.830784 19552 0
0.202391 -0.613983 2.59573 1
0.569596 0.781507 20760 0
0.229428 -0.771104 2.21771 1
0.592341 0.913811 17736 0
0.179815 -0.786806 2.00878 1
0.5799 0.966153 16064 0
0.217849 -0.823807 2.00651 1
0.59691 0.988627 16048 0
0.363789 -0.604404 2.62923 1
0.623503 0.773585 21032 0
0.455993 -0.658457 2.2152 1
0.683738 0.853759 17720 0
0.411709 -0.735999 1.97047 1
0.686498 0.944529 15760 0
0.457662 -0.762994 1.93552 1
0.711058 0.969155 15480 0
40
0.294755 -0.565376 2.63354 1
0.599902 0.755499 21064 0
0.294906 -0.523569 2.66035 1
0.598946 0.734222 21280 0
0.301812 -0.279878 2.68432 1
0.600359 0.624087 21472 0
0.301411 -0.080909 2.64541 1
0.601699 0.5364 21160 0
0.160832 -0.387785 2.67345 1
0.553697 0.672628 21384 0
0.118016 -0.559949 2.63231 1
0.540018 0.753166 21056 0
0.214196 -0.613633 2.42322 1
0.578899 0.801376 19384 0
0.266754 -0.626184 2.40229 1
0.599115 0.81022 19216 0
0.439151 -0.390893 2.68832 1
0.64581 0.673049 21504 0
0.481167 -0.551481 2.64196 1
0.662564 0.748426 21128 0
0.51055 -0.692655 2.4871 1
0.683231 0.831449 19896 0
0.517473 -0.730135 2.42941 1
0.690126 0.857681 19432 0
0.208614 -0.633718 2.60194 1
0.571565 0.789862 20808 0
0.201672 -0.673428 2.18394 1
0.582425 0.86698 17464 0
0.170772 -0.759232 1.96968 1
0.577388 0.958744 15752 0
0.220388 -0.766195 2.00439 1
0.598143 0.954936 16032 0
0.37427 -0.622152 2.64031 1
0.626527 0.780436 21120 0
0.471976 -0.556463 2.3048 1
0.682785 0.787339 18432 0
0.441501 -0.630219 2.01381 1
0.695689 0.872449 16104 0
0.463877 -0.674954 1.91951 1
0.715708 0.918482 15352 0
40
0.301773 -0.532857 2.65049 1
0.601627 0.739264 21200 0
0.30097 -0.493774 2.68512 1
0.600049 0.718856 21480 0
0.29907 -0.257443 2.73139 1
0.597733 0.612173 21848 0
0.298886 -0.0675095 2.67698 1
0.599658 0.530013 21408 0
0.151967 -0.351201 2.71535 1
0.549955 0.65393 21720 0
0.126974 -0.55018 2.64114 1
0.542912 0.747917 21128 0
0.217557 -0.625593 2.4314 1
0.579868 0.806216 19448 0
0.272221 -0.637602 2.41151 1
0.60076 0.814668 19288 0
0.432825 -0.375011 2.70918 1
0.642603 0.66474 21672 0
0.455538 -0.572774 2.65917 1
0.652909 0.756348 21272 0
0.463948 -0.672106 2.47796 1
0.66712 0.822801 19816 0
0.471849 -0.703482 2.42265 1
0.673846 0.845585 19376 0
0.218826 -0.590659 2.61211 1
0.574776 0.769115 20896 0
0.201932 -0.614232 2.21072 1
0.581531 0.830668 17680 0
0.162739 -0.694087 1.98398 1
0.573216 0.916359 15864 0
0.190144 -0.70785 1.97217 1
0.586058 0.92716 15776 0
0.385423 -0.600937 2.64905 1
0.629868 0.76998 21192 0
0.442083 -0.545656 2.2732 1
0.673588 0.785676 18184 0
0.436348 -0.5777 1.99671 1
0.695061 0.844334 15968 0
0.450005 -0.616644 1.90748 1
0.710577 0.884739 15256 0
40
0.303334 -0.50834 2.67061 1
0.601383 0.726536 21360 0
0.302966 -0.472634 2.70941 1
0.59981 0.707607 21672 0
0.30029 -0.236281 2.76999 1
0.596765 0.601518 22152 0
0.29788 -0.0402574 2.71365 1
0.597981 0.517656 21704 0
0.147094 -0.333857 2.75639 1
0.547633 0.644149 22048 0
0.123892 -0.510981 2.66077 1
0.541561 0.728554 21280 0
0.204543 -0.578228 2.47295 1
0.573828 0.778277 19776 0
0.257837 -0.592966 2.45012 1
0.593932 0.788028 19600 0
0.434825 -0.332965 2.747 1
0.641289 0.644255 21976 0
0.471008 -0.500475 2.70691 1
0.655313 0.72004 21648 0
0.464599 -0.631508 2.5198 1
0.664576 0.798267 20152 0
0.472931 -0.669569 2.46527 1
0.671233 0.823239 19720 0
0.222508 -0.569757 2.62257 1
0.575731 0.758556 20976 0
0.200114 -0.560024 2.2205 1
0.580442 0.800157 17760 0
0.161954 -0.651562 2.00166 1
0.57222 0.887399 16008 0
0.173174 -0.665563 1.95883 1
0.578911 0.904377 15664 0
0.384089 -0.570559 2.6691 1
0.628446 0.754406 21352 0
0.431993 -0.523472 2.27727 1
0.669323 0.773572 18216 0
0.437531 -0.551937 1.99743 1
0.695519 0.828859 15976 0
0.446584 -0.589545 1.89967 1
0.709836 0.869345 15192 0
40
0.269496 -0.486327 2.70519 1
0.588922 0.713955 21640 0
0.274572 -0.447117 2.74632 1
0.58924 0.693759 21968 0
0.295929 -0.195015 2.80578 1
0.594143 0.582719 22440 0
0.300359 -0.000865296 2.74941 1
0.597511 0.500375 21992 0
0.143868 -0.293656 2.77996 1
0.546193 0.625717 22232 0
0.108724 -0.472785 2.69126 1
0.53606 0.709074 21528 0
0.179728 -0.527229 2.51983 1
0.563664 0.749012 20152 0
0.230851 -0.54424 2.49422 1
0.582614 0.759686 19952 0
0.434568 -0.30202 2.76712 1
0.640179 0.629897 22136 0
0.474106 -0.476792 2.74447 1
0.654195 0.706758 21952 0
0.476606 -0.580278 2.56355 1
0.665948 0.769393 20504 0
0.481516 -0.616257 2.50776 1
0.671388 0.792462 20056 0
0.188405 -0.543416 2.66114 1
0.563195 0.743029 21288 0
0.191301 -0.484482 2.25033 1
0.575879 0.756226 18000 0
0.16093 -0.591309 2.03829 1
0.570473 0.845256 16304 0
0.159097 -0.598379 1.95794 1
0.57253 0.863722 15656 0
0.339438 -0.55467 2.7012 1
0.612165 0.744383 21608 0
0.415413 -0.490192 2.29928 1
0.661266 0.753727 18392 0
0.434253 -0.52054 2.00996 1
0.692845 0.808219 16072 0
0.437936 -0.560926 1.90779 1
0.704896 0.849918 15256 0
40
0.283967 -0.450566 2.70875 1
0.593574 0.697962 21664 0
0.285152 -0.413942 2.7551 1
0.592383 0.678811 22040 0
0.291899 -0.164329 2.83262 1
0.591981 0.569043 22656 0
0.303165 0.0246402 2.77562 1
0.597493 0.489435 22200 0
0.143481 -0.270446 2.7919 1
0.545872 0.615285 22328 0
0.0979337 -0.444978 2.70513 1
0.532315 0.695769 21640 0
0.169941 -0.50646 2.53816 1
0.559763 0.737475 20304 0
0.220314 -0.524597 2.51135 1
0.578305 0.748606 20088 0
0.435818 -0.278848 2.78431 1
0.639714 0.619191 22272 0
0.483455 -0.454394 2.76448 1
0.656097 0.695619 22112 0
0.484108 -0.557196 2.58415 1
0.667216 0.756615 20672 0
0.487445 -0.592937 2.52806 1
0.672105 0.779135 20224 0
0.205837 -0.502466 2.6586 1
0.569107 0.724929 21264 0
0.187592 -0.451504 2.25521 1
0.574247 0.738268 18040 0
0.160019 -0.568284 2.04526 1
0.569836 0.830681 16360 0
0.158008 -0.587633 1.95846 1
0.572014 0.857095 15664 0
0.359203 -0.519927 2.69973 1
0.618761 0.7292 21592 0
0.415534 -0.457129 2.32303 1
0.659663 0.734194 18584 0
0.433802 -0.49492 2.04132 1
0.689686 0.788547 16328 0
0.433598 -0.528963 1.95886 1
0.697577 0.821376 15664 0
40
0.295121 -0.433602 2.708 1
0.597276 0.690562 21656 0
0.29187 -0.400257 2.75809 1
0.594457 0.672712 22064 0
0.290452 -0.151094 2.84675 1
0.591071 0.563167 22768 0
0.304032 0.0458041 2.8166 1
0.596349 0.480646 22528 0
0.142364 -0.258345 2.80024 1
0.54538 0.609799 22400 0
0.0932841 -0.43232 2.71121 1
0.530711 0.689773 21688 0
0.148719 -0.458396 2.54066 1
0.552248 0.714727 20320 0
0.197291 -0.476866 2.51251 1
0.570089 0.725882 20096 0
0.435964 -0.268063 2.79385 1
0.639284 0.61419 22344 0
0.440605 -0.428398 2.70637 1
0.645317 0.688388 21648 0
0.456279 -0.525275 2.55604 1
0.659337 0.744575 20448 0
0.459997 -0.558937 2.50295 1
0.664043 0.765768 20016 0
0.220216 -0.482384 2.65479 1
0.574041 0.716249 21232 0
0.185434 -0.429846 2.25815 1
0.573298 0.726545 18064 0
0.159604 -0.550477 2.05023 1
0.569486 0.819543 16400 0
0.154195 -0.566238 1.95777 1
0.570301 0.844215 15656 0
0.380813 -0.498864 2.69243 1
0.626247 0.720511 21536 0
0.420407 -0.447573 2.29296 1
0.663654 0.732305 18336 0
0.434492 -0.483039 2.02795 1
0.69124 0.783477 16216 0
0.432522 -0.516424 1.95217 1
0.697763 0.814834 15616 0
40
0.29908 -0.425224 2.70904 1
0.598543 0.686808 21672 0
0.294265 -0.393155 2.76114 1
0.595127 0.669461 22088 0
0.288788 -0.142436 2.86161 1
0.590079 0.559238 22888 0
0.305677 0.0536125 2.83927 1
0.596097 0.477527 22712 0
0.141914 -0.250732 2.80684 1
0.54513 0.606313 22448 0
0.0904298 -0.424469 2.71491 1
0.529731 0.686073 21712 0
0.139405 -0.438311 2.54203 1
0.54895 0.705208 20336 0
0.187233 -0.456995 2.51328 1
0.566496 0.716403 20104 0
0.436293 -0.261234 2.80304 1
0.638932 0.610916 22424 0
0.426183 -0.40701 2.69785 1
0.641004 0.679547 21576 0
0.439415 -0.506685 2.53941 1
0.654453 0.737464 20312 0
0.443727 -0.540095 2.48869 1
0.659147 0.758281 19904 0
0.223743 -0.473077 2.65633 1
0.575183 0.711955 21248 0
0.184479 -0.42018 2.25854 1
0.572908 0.721412 18064 0
0.159115 -0.538879 2.05346 1
0.569164 0.812319 16424 0
0.158115 -0.56483 1.96408 1
0.571857 0.842257 15712 0
0.387147 -0.489522 2.68983 1
0.628471 0.716591 21512 0
0.421894 -0.441958 2.28129 1
0.665073 0.730565 18248 0
0.435058 -0.479273 2.01504 1
0.692716 0.783069 16120 0
0.43309 -0.512843 1.9435 1
0.698905 0.814045 15544 0
40
0.30214 -0.420477 2.7096 1
0.599531 0.684684 21672 0
0.296796 -0.389572 2.76286 1
0.595885 0.667811 22096 0
0.288502 -0.138603 2.87246 1
0.58965 0.557426 22976 0
0.304426 0.0506629 2.86169 1
0.594954 0.47893 22888 0
0.141816 -0.246365 2.81212 1
0.545014 0.604265 22496 0
0.0880686 -0.421711 2.71423 1
0.528962 0.68491 21712 0
0.134479 -0.427269 2.54203 1
0.54722 0.700038 20336 0
0.181896 -0.446145 2.513 1
0.564608 0.711289 20104 0
0.436766 -0.258665 2.81067 1
0.638705 0.609527 22480 0
0.446538 -0.435722 2.67099 1
0.649224 0.694147 21360 0
0.453385 -0.541185 2.50653 1
0.661454 0.75696 20048 0
0.457831 -0.581152 2.45187 1
0.666671 0.782088 19608 0
0.226417 -0.467548 2.65687 1
0.576066 0.709434 21248 0
0.18444 -0.413211 2.26034 1
0.572834 0.717566 18080 0
0.159298 -0.530832 2.05622 1
0.56915 0.807241 16448 0
0.162293 -0.565497 1.97317 1
0.573416 0.841081 15784 0
0.390943 -0.484127 2.68927 1
0.629758 0.714248 21512 0
0.42346 -0.443809 2.27401 1
0.666216 0.732272 18192 0
0.435243 -0.480655 2.00411 1
0.693849 0.785433 16032 0
0.433715 -0.515498 1.93466 1
0.700103 0.817113 15472 0
40
0.304013 -0.418193 2.71021 1
0.600125 0.683639 21680 0
0.299125 -0.389436 2.7642 1
0.596591 0.667671 22112 0
0.288127 -0.145573 2.88853 1
0.589035 0.559979 23104 0
0.298708 0.0370347 2.88778 1
0.592328 0.484737 23096 0
0.140378 -0.261799 2.83604 1
0.544182 0.609862 22688 0
0.0860933 -0.424805 2.71072 1
0.528349 0.686508 21680 0
0.130973 -0.424226 2.53864 1
0.54605 0.698879 20304 0
0.17808 -0.443091 2.50962 1
0.563338 0.710125 20072 0
0.437167 -0.266517 2.82125 1
0.638312 0.612428 22568 0
0.448125 -0.445037 2.65872 1
0.650446 0.699212 21264 0
0.460798 -0.569165 2.48634 1
0.665426 0.772439 19888 0
0.464829 -0.611907 2.4301 1
0.670735 0.799678 19440 0
0.228336 -0.466102 2.65615 1
0.576732 0.708844 21248 0
0.184481 -0.417528 2.25691 1
0.572961 0.720173 18048 0
0.159829 -0.526702 2.05743 1
0.56934 0.804672 16456 0
0.16312 -0.573608 1.97884 1
0.573578 0.844982 15824 0
0.392974 -0.480682 2.68947 1
0.630422 0.712708 21512 0
0.42435 -0.450676 2.27135 1
0.666761 0.736142 18168 0
0.434859 -0.48533 1.99815 1
0.694256 0.789069 15984 0
0.432293 -0.523902 1.93016 1
0.699913 0.823035 15440 0
40
0.303963 -0.419785 2.71111 1
0.600075 0.684278 21688 0
0.299671 -0.393905 2.76593 1
0.596707 0.66949 22120 0
0.287853 -0.15851 2.90167 1
0.588547 0.565013 23208 0
0.296067 0.0244674 2.90563 1
0.59095 0.489978 23240 0
0.145883 -0.269959 2.84948 1
0.545697 0.612752 22792 0
0.0917774 -0.442267 2.70315 1
0.530305 0.694718 21624 0
0.151361 -0.461242 2.53313 1
0.553335 0.716702 20264 0
0.198166 -0.479778 2.5044 1
0.570629 0.727997 20032 0
0.437511 -0.277268 2.82936 1
0.638024 0.616629 22632 0
0.479568 -0.457829 2.71053 1
0.657924 0.701021 21680 0
0.484264 -0.584277 2.51995 1
0.671532 0.775943 20152 0
0.487231 -0.627516 2.46247 1
0.676611 0.803282 19696 0
0.228709 -0.467562 2.65597 1
0.576862 0.709512 21240 0
0.185566 -0.425448 2.2563 1
0.57341 0.72441 18048 0
0.161056 -0.526348 2.05881 1
0.569826 0.804263 16464 0
0.164696 -0.583146 1.98592 1
0.574025 0.849469 15880 0
0.390163 -0.48113 2.69049 1
0.62944 0.712825 21520 0
0.425158 -0.468451 2.27364 1
0.66691 0.745208 18184 0
0.434017 -0.498631 1.99908 1
0.69379 0.796853 15992 0
0.415316 -0.563974 1.93559 1
0.691523 0.846768 15480 0
40
0.298968 -0.432297 2.714 1
0.598326 0.689568 21712 0
0.296475 -0.40952 2.76957 1
0.59555 0.675977 22152 0
0.293182 -0.182291 2.91329 1
0.589827 0.574469 23304 0
0.292994 0.00564219 2.92273 1
0.58948 0.497703 23376 0
0.156483 -0.278617 2.85759 1
0.548879 0.616038 22856 0
0.104377 -0.473574 2.70093 1
0.534494 0.708674 21600 0
0.162666 -0.502211 2.5295 1
0.557401 0.736289 20232 0
0.209463 -0.520607 2.50102 1
0.574756 0.747734 20008 0
0.436825 -0.291475 2.83952 1
0.637314 0.622166 22712 0
0.479712 -0.466809 2.71161 1
0.657909 0.704883 21688 0
0.486527 -0.595663 2.52602 1
0.671919 0.780644 20208 0
0.489243 -0.639102 2.46819 1
0.67693 0.808166 19744 0
0.227145 -0.474193 2.65682 1
0.576312 0.712415 21248 0
0.18981 -0.469366 2.24964 1
0.575311 0.748309 17992 0
0.166351 -0.558379 2.05503 1
0.572254 0.823372 16440 0
0.171038 -0.626548 1.98761 1
0.57681 0.87516 15896 0
0.371499 -0.493613 2.69677 1
0.622961 0.717839 21568 0
0.419208 -0.51401 2.28443 1
0.663796 0.767785 18272 0
0.44205 -0.522636 2.03267 1
0.694115 0.806003 16256 0
0.407169 -0.59883 1.9836 1
0.683221 0.859288 15864 0
40
0.297417 -0.450996 2.71647 1
0.597727 0.697588 21728 0
0.296086 -0.429404 2.77286 1
0.595311 0.684303 22176 0
0.298349 -0.1985 2.91943 1
0.591218 0.58092 23352 0
0.291769 -0.0082683 2.93319 1
0.588788 0.503355 23464 0
0.172747 -0.290301 2.8586 1
0.55394 0.620861 22864 0
0.145495 -0.49238 2.68674 1
0.548337 0.718106 21488 0
0.207388 -0.579369 2.4943 1
0.574214 0.776439 19952 0
0.254348 -0.597712 2.46609 1
0.592061 0.788454 19728 0
0.433266 -0.320331 2.84343 1
0.636009 0.634075 22744 0
0.480539 -0.474339 2.71714 1
0.65786 0.707764 21736 0
0.487181 -0.60391 2.53072 1
0.67183 0.784002 20240 0
0.48976 -0.647351 2.47273 1
0.676792 0.811571 19776 0
0.228892 -0.485567 2.65535 1
0.576942 0.71763 21240 0
0.192738 -0.507711 2.24235 1
0.576722 0.769467 17936 0
0.170066 -0.588018 2.05 1
0.574048 0.841373 16400 0
0.176937 -0.66173 1.98417 1
0.579597 0.896913 15872 0
0.361146 -0.512492 2.70621 1
0.619117 0.725382 21648 0
0.413229 -0.552445 2.29784 1
0.660518 0.786129 18376 0
0.44335 -0.555288 2.06169 1
0.691945 0.820543 16488 0
0.402241 -0.624732 2.0066 1
0.678929 0.870532 16048 0
40
0.27318 -0.472639 2.71356 1
0.589859 0.707292 21704 0
0.28407 -0.447858 2.77291 1
0.591441 0.692219 22176 0
0.304401 -0.213321 2.92441 1
0.59291 0.586814 23392 0
0.292899 -0.020142 2.93969 1
0.588934 0.508154 23512 0
0.183749 -0.298091 2.85708 1
0.557406 0.624171 22856 0
0.173299 -0.501564 2.67692 1
0.557785 0.722989 21408 0
0.236507 -0.612278 2.47608 1
0.585258 0.794291 19808 0
0.283623 -0.630638 2.44796 1
0.603417 0.806597 19576 0
0.431817 -0.33375 2.84522 1
0.635468 0.639604 22760 0
0.413197 -0.489735 2.68455 1
0.637385 0.717111 21472 0
0.427649 -0.616928 2.50522 1
0.652369 0.793077 20040 0
0.430118 -0.659267 2.44791 1
0.656836 0.820523 19576 0
0.198964 -0.496702 2.64865 1
0.567051 0.723185 21184 0
0.188681 -0.563849 2.23672 1
0.575296 0.800016 17888 0
0.164622 -0.66227 2.048 1
0.571748 0.884855 16384 0
0.172059 -0.726141 1.98605 1
0.577329 0.935134 15888 0
0.322513 -0.536318 2.70301 1
0.606501 0.736139 21624 0
0.410066 -0.569923 2.30085 1
0.659081 0.794795 18400 0
0.436594 -0.596446 2.07954 1
0.687397 0.841347 16632 0
0.396588 -0.653523 2.01772 1
0.675441 0.885472 16136 0
40
0.26501 -0.480142 2.71249 1
0.587206 0.710666 21696 0
0.278572 -0.456198 2.77284 1
0.589674 0.695804 22176 0
0.308474 -0.22158 2.92674 1
0.594078 0.590103 23408 0
0.293959 -0.0279685 2.94362 1
0.589137 0.511308 23544 0
0.189714 -0.303048 2.85581 1
0.559296 0.626292 22840 0
0.161956 -0.50892 2.68004 1
0.55394 0.725996 21440 0
0.250935 -0.576996 2.50846 1
0.589291 0.773752 20064 0
0.300323 -0.624249 2.46055 1
0.608946 0.801938 19680 0
0.431251 -0.340075 2.84715 1
0.635199 0.642153 22776 0
0.380792 -0.49721 2.66912 1
0.627342 0.721699 21352 0
0.402395 -0.621814 2.49439 1
0.643993 0.79668 19952 0
0.405002 -0.663649 2.43748 1
0.64831 0.824034 19496 0
0.188252 -0.500944 2.64604 1
0.563503 0.725312 21168 0
0.186853 -0.607495 2.23727 1
0.574548 0.82316 17896 0
0.170884 -0.732335 2.05838 1
0.574102 0.923426 16464 0
0.178405 -0.787882 1.99841 1
0.579685 0.969212 15984 0
0.31028 -0.543665 2.7015 1
0.602518 0.739507 21608 0
0.408776 -0.587805 2.30193 1
0.658507 0.803903 18408 0
0.42017 -0.646601 2.09174 1
0.679296 0.867893 16728 0
0.391519 -0.721158 2.03602 1
0.671643 0.921543 16288 0
40
0.290852 -0.475312 2.72084 1
0.595417 0.707907 21760 0
0.287867 -0.456979 2.77689 1
0.592531 0.695853 22208 0
0.310872 -0.226235 2.92821 1
0.594762 0.59195 23424 0
0.294788 -0.0326177 2.94656 1
0.589299 0.513174 23568 0
0.193454 -0.306075 2.85452 1
0.560492 0.627611 22832 0
0.187076 -0.491116 2.6784 1
0.562344 0.718223 21424 0
0.255692 -0.580685 2.50746 1
0.59102 0.775613 20056 0
0.304584 -0.61741 2.46718 1
0.610194 0.797828 19736 0
0.431466 -0.343934 2.84902 1
0.635178 0.643672 22792 0
0.366745 -0.50028 2.66206 1
0.62297 0.72366 21296 0
0.37465 -0.611246 2.45589 1
0.636166 0.79621 19640 0
0.370669 -0.644652 2.38053 1
0.638985 0.822289 19040 0
0.222121 -0.502658 2.64734 1
0.574892 0.725972 21176 0
0.194108 -0.656036 2.25512 1
0.576829 0.846218 18040 0
0.17964 -0.779602 2.07198 1
0.577387 0.947795 16568 0
0.190657 -0.840757 2.0175 1
0.584352 0.995964 16136 0
0.344806 -0.534698 2.71555 1
0.613337 0.734339 21720 0
0.408717 -0.61423 2.31473 1
0.657608 0.815808 18512 0
0.415025 -0.663726 2.09988 1
0.676415 0.876173 16792 0
0.390057 -0.740978 2.04558 1
0.670202 0.931103 16360 0
40
0.31008 -0.469639 2.72351 1
0.601624 0.705224 21784 0
0.3003 -0.453627 2.77895 1
0.596456 0.694273 22224 0
0.31256 -0.228158 2.92833 1
0.595272 0.592728 23424 0
0.297025 -0.0353075 2.94733 1
0.589953 0.514257 23576 0
0.195685 -0.307904 2.85302 1
0.561222 0.628441 22824 0
0.151698 -0.485222 2.68473 1
0.550435 0.715096 21472 0
0.292276 -0.553921 2.52198 1
0.603444 0.761396 20168 0
0.33563 -0.587786 2.48431 1
0.620589 0.781582 19872 0
0.432339 -0.345609 2.85008 1
0.635401 0.644318 22800 0
0.419726 -0.50848 2.65997 1
0.640845 0.727504 21272 0
0.395415 -0.609511 2.4328 1
0.645078 0.798173 19456 0
0.411152 -0.639477 2.34953 1
0.656198 0.823919 18792 0
0.249847 -0.501178 2.64614 1
0.584278 0.725409 21168 0
0.197593 -0.676399 2.26203 1
0.57797 0.855874 18096 0
0.192246 -0.849785 2.13248 1
0.580469 0.97426 17056 0
0.193069 -0.862851 2.07528 1
0.58304 0.994825 16600 0
0.376705 -0.525284 2.72045 1
0.623599 0.729797 21760 0
0.410376 -0.617831 2.31743 1
0.658063 0.817289 18536 0
0.412415 -0.673426 2.1043 1
0.674936 0.880867 16832 0
0.389143 -0.753164 2.05601 1
0.668942 0.93597 16448 0
40
0.331761 -0.439979 2.72016 1
0.608864 0.6925 21760 0
0.318978 -0.42928 2.77544 1
0.602585 0.684078 22200 0
0.312259 -0.223933 2.92521 1
0.595282 0.591108 23400 0
0.299776 -0.0360595 2.94661 1
0.590809 0.514564 23568 0
0.19603 -0.308947 2.85102 1
0.561373 0.628966 22808 0
0.133242 -0.482249 2.68714 1
0.544259 0.713586 21496 0
0.305298 -0.544932 2.52642 1
0.607863 0.756702 20208 0
0.3513 -0.572742 2.49184 1
0.625838 0.773547 19928 0
0.434654 -0.343964 2.85044 1
0.636108 0.643613 22800 0
0.443014 -0.511903 2.65774 1
0.648785 0.729228 21256 0
0.387761 -0.554363 2.45981 1
0.640707 0.768217 19672 0
0.348199 -0.528245 2.42817 1
0.627998 0.75891 19424 0
0.269438 -0.484266 2.64411 1
0.590957 0.71797 21152 0
0.201411 -0.687241 2.27159 1
0.579142 0.860058 18168 0
0.205123 -0.888528 2.18829 1
0.583668 0.983235 17504 0
0.193231 -0.876441 2.12065 1
0.581332 0.991865 16960 0
0.410009 -0.488204 2.71001 1
0.635045 0.714399 21680 0
0.413395 -0.626967 2.31983 1
0.659061 0.821648 18552 0
0.411275 -0.682828 2.10736 1
0.6742 0.885626 16856 0
0.390398 -0.764525 2.06077 1
0.669095 0.941525 16480 0
40
0.340631 -0.429103 2.71841 1
0.611847 0.687863 21744 0
0.326943 -0.419663 2.7738 1
0.605208 0.68006 22184 0
0.311808 -0.218075 2.9215 1
0.595265 0.588837 23368 0
0.302581 -0.0341622 2.94409 1
0.591737 0.51381 23552 0
0.193618 -0.308982 2.84702 1
0.560703 0.629162 22776 0
0.122989 -0.481851 2.68891 1
0.540827 0.71327 21504 0
0.312719 -0.540327 2.52919 1
0.610364 0.754254 20232 0
0.359407 -0.565152 2.49621 1
0.628517 0.769449 19968 0
0.437728 -0.338537 2.85023 1
0.637081 0.641358 22800 0
0.486954 -0.49924 2.67868 1
0.662263 0.72181 21424 0
0.386372 -0.525214 2.47891 1
0.639123 0.752155 19824 0
0.324164 -0.471892 2.47307 1
0.616999 0.72709 19784 0
0.278298 -0.478443 2.64265 1
0.593999 0.715468 21136 0
0.203901 -0.691525 2.2776 1
0.579909 0.861346 18216 0
0.208989 -0.893102 2.2102 1
0.584401 0.980908 17680 0
0.192713 -0.877706 2.14519 1
0.580186 0.986941 17160 0
0.423962 -0.472778 2.70501 1
0.639898 0.708008 21640 0
0.423964 -0.597533 2.34213 1
0.661574 0.80363 18736 0
0.411633 -0.73331 2.16118 1
0.670009 0.903821 17288 0
0.408836 -0.801304 2.11042 1
0.672916 0.951878 16880 0
40
0.345319 -0.425423 2.71701 1
0.613444 0.686347 21736 0
0.331143 -0.416016 2.77275 1
0.606601 0.678563 22176 0
0.312196 -0.212445 2.9176 1
0.595511 0.586659 23336 0
0.304717 -0.0318726 2.94153 1
0.592465 0.512895 23528 0
0.190232 -0.308199 2.8416 1
0.559755 0.629081 22728 0
0.117446 -0.481415 2.68966 1
0.538976 0.713017 21512 0
0.259667 -0.524026 2.53616 1
0.591389 0.745906 20288 0
0.316611 -0.545482 2.50625 1
0.61276 0.759029 20048 0
0.44053 -0.332467 2.84908 1
0.638014 0.638879 22792 0
0.492091 -0.49408 2.67577 1
0.664153 0.719756 21400 0
0.326208 -0.460492 2.52605 1
0.615267 0.716957 20208 0
0.250361 -0.392386 2.53774 1
0.588059 0.684018 20296 0
0.283278 -0.476745 2.64149 1
0.595723 0.714798 21128 0
0.205099 -0.692199 2.27938 1
0.580316 0.861416 18232 0
0.208863 -0.892848 2.21167 1
0.584294 0.980452 17688 0
0.191155 -0.870182 2.15215 1
0.57928 0.981205 17216 0
0.429969 -0.468496 2.7025 1
0.642012 0.706316 21616 0
0.431148 -0.578428 2.3515 1
0.663657 0.79275 18808 0
0.412605 -0.751224 2.17966 1
0.668966 0.910179 17432 0
0.419233 -0.814527 2.13006 1
0.675678 0.955099 17040 0
40
0.347233 -0.423762 2.71526 1
0.614147 0.685739 21720 0
0.33378 -0.413523 2.77202 1
0.607478 0.67754 22176 0
0.312078 -0.206718 2.91401 1
0.595593 0.584427 23312 0
0.306665 -0.0290583 2.93893 1
0.593138 0.511767 23504 0
0.186813 -0.306087 2.83715 1
0.558773 0.628397 22696 0
0.114026 -0.48107 2.6901 1
0.537835 0.71283 21520 0
0.24302 -0.519343 2.5385 1
0.585451 0.743483 20304 0
0.293581 -0.538157 2.51013 1
0.604396 0.755155 20080 0
0.44271 -0.326912 2.84753 1
0.638773 0.636633 22776 0
0.487584 -0.486323 2.67257 1
0.662845 0.716565 21376 0
0.295518 -0.42849 2.55074 1
0.603412 0.699925 20400 0
0.217886 -0.358026 2.5665 1
0.575778 0.666022 20528 0
0.284955 -0.475933 2.64023 1
0.596336 0.714534 21120 0
0.205517 -0.686677 2.27924 1
0.580484 0.858555 18232 0
0.205992 -0.880779 2.19869 1
0.583626 0.976755 17584 0
0.189174 -0.855814 2.141 1
0.578868 0.975724 17128 0
0.429823 -0.468814 2.69984 1
0.642103 0.706659 21592 0
0.433973 -0.58809 2.32924 1
0.666304 0.800485 18632 0
0.411272 -0.815825 2.13033 1
0.67232 0.955767 17040 0
0.423721 -0.86917 2.07423 1
0.682338 0.998701 16592 0
40
0.30206 -0.435898 2.70281 1
0.599754 0.691938 21616 0
0.297902 -0.420272 2.7606 1
0.596322 0.681184 22080 0
0.31068 -0.202143 2.90997 1
0.595297 0.582673 23272 0
0.308628 -0.026048 2.93724 1
0.593789 0.510554 23496 0
0.184099 -0.30439 2.83388 1
0.557986 0.627833 22664 0
0.111711 -0.480825 2.69036 1
0.537063 0.712701 21520 0
0.221715 -0.516652 2.53719 1
0.578 0.742348 20296 0
0.279173 -0.533938 2.51111 1
0.599234 0.753056 20088 0
0.444237 -0.322577 2.84605 1
0.639324 0.634891 22768 0
0.481364 -0.481451 2.6698 1
0.660934 0.714618 21352 0
0.282805 -0.414027 2.56118 1
0.59856 0.692389 20488 0
0.202494 -0.339804 2.58064 1
0.570039 0.656709 20640 0
0.230849 -0.480056 2.63625 1
0.578162 0.716719 21088 0
0.202145 -0.663163 2.26627 1
0.579617 0.848258 18128 0
0.196045 -0.841905 2.15009 1
0.581386 0.966013 17200 0
0.191951 -0.859946 2.10412 1
0.581428 0.986399 16832 0
0.368406 -0.494951 2.68243 1
0.622589 0.719597 21456 0
0.43148 -0.602166 2.3013 1
0.667357 0.811413 18408 0
0.410955 -0.844361 2.10396 1
0.674345 0.97762 16824 0
0.425078 -0.893049 2.04234 1
0.685778 1.0204 16336 0
40
0.299507 -0.438723 2.70139 1
0.598963 0.693284 21608 0
0.296503 -0.421556 2.75946 1
0.595909 0.681813 22072 0
0.309806 -0.19932 2.90742 1
0.595112 0.58159 23256 0
0.309908 -0.0236475 2.93574 1
0.594226 0.509587 23480 0
0.181914 -0.3031 2.83156 1
0.557345 0.627395 22648 0
0.114081 -0.485925 2.68599 1
0.537911 0.715307 21480 0
0.213231 -0.51539 2.5318 1
0.575175 0.742269 20248 0
0.271208 -0.531493 2.50875 1
0.596494 0.752135 20064 0
0.445024 -0.319607 2.84323 1
0.63971 0.633782 22744 0
0.482278 -0.479824 2.66968 1
0.661247 0.713902 21352 0
0.278491 -0.407831 2.56975 1
0.596733 0.688878 20552 0
0.205744 -0.343841 2.58712 1
0.570985 0.658174 20696 0
0.227693 -0.482281 2.63527 1
0.577122 0.717805 21080 0
0.200497 -0.651491 2.26125 1
0.579143 0.842888 18088 0
0.186172 -0.815265 2.12143 1
0.578332 0.957364 16968 0
0.189458 -0.858923 2.065 1
0.581893 0.995025 16512 0
0.371325 -0.495775 2.68336 1
0.623518 0.719886 21464 0
0.432245 -0.605495 2.29608 1
0.668034 0.813846 18368 0
0.411645 -0.858767 2.08895 1
0.675893 0.989261 16704 0
0.425978 -0.904642 2.02434 1
0.687827 1.03185 16192 0
40
0.289878 -0.457284 2.67288 1
0.596803 0.70361 21376 0
0.290562 -0.43575 2.73708 1
0.594755 0.689471 21896 0
0.309134 -0.197476 2.9056 1
0.594965 0.580885 23240 0
0.31053 -0.0220228 2.93409 1
0.594468 0.508933 23472 0
0.180093 -0.301988 2.82982 1
0.556806 0.627006 22632 0
0.118459 -0.490401 2.68142 1
0.539433 0.71766 21448 0
0.209144 -0.514386 2.52871 1
0.573825 0.742093 20224 0
0.266591 -0.530121 2.50565 1
0.594969 0.751795 20040 0
0.444889 -0.317734 2.83937 1
0.639857 0.633179 22712 0
0.482967 -0.478984 2.67023 1
0.661444 0.713484 21360 0
0.281677 -0.409727 2.5754 1
0.597625 0.68934 20600 0
0.215066 -0.353754 2.58898 1
0.574148 0.662617 20704 0
0.223969 -0.488939 2.62461 1
0.576169 0.721708 20992 0
0.196556 -0.652946 2.25002 1
0.577975 0.845369 18000 0
0.181271 -0.819673 2.11031 1
0.576672 0.962261 16880 0
0.183455 -0.826527 2.05936 1
0.579515 0.977659 16472 0
0.352902 -0.515034 2.64837 1
0.61894 0.731446 21184 0
0.43599 -0.62233 2.26073 1
0.67214 0.827616 18080 0
0.412112 -0.866536 2.07896 1
0.676939 0.996059 16624 0
0.426394 -0.912362 2.01507 1
0.688876 1.03885 16120 0
40
0.292849 -0.461275 2.68237 1
0.597449 0.70466 21456 0
0.293494 -0.439388 2.74268 1
0.595517 0.690663 21936 0
0.308963 -0.196539 2.90445 1
0.59495 0.580533 23232 0
0.31005 -0.0208904 2.93184 1
0.594394 0.50848 23448 0
0.17877 -0.301171 2.82866 1
0.556412 0.626714 22624 0
0.125265 -0.494142 2.67685 1
0.54177 0.719695 21408 0
0.211986 -0.516175 2.52031 1
0.575077 0.743745 20160 0
0.264789 -0.530381 2.50091 1
0.594505 0.752396 20000 0
0.44462 -0.316637 2.8365 1
0.639914 0.632853 22688 0
0.483337 -0.478443 2.67066 1
0.661542 0.713209 21360 0
0.287659 -0.415852 2.57778 1
0.599606 0.691994 20616 0
0.226375 -0.367364 2.58593 1
0.578138 0.669072 20680 0
0.222446 -0.491601 2.62207 1
0.575724 0.723132 20976 0
0.195159 -0.652082 2.24701 1
0.577524 0.845375 17976 0
0.176995 -0.825507 2.11144 1
0.574823 0.965301 16888 0
0.180162 -0.816714 2.05773 1
0.57815 0.972362 16456 0
0.356409 -0.521719 2.67329 1
0.619003 0.732265 21384 0
0.433615 -0.634788 2.28009 1
0.669748 0.831336 18240 0
0.413032 -0.869981 2.07135 1
0.677985 0.99986 16568 0
0.426399 -0.91462 2.00646 1
0.689688 1.0425 16048 0
40
0.296273 -0.462498 2.69191 1
0.598239 0.704476 21528 0
0.296411 -0.441095 2.74959 1
0.596223 0.690923 21992 0
0.308613 -0.196103 2.90367 1
0.594868 0.580376 23224 0
0.309286 -0.0201906 2.92977 1
0.594228 0.508202 23432 0
0.177638 -0.300487 2.82806 1
0.556066 0.626454 22624 0
0.131514 -0.496162 2.67433 1
0.543895 0.720801 21392 0
0.214534 -0.51812 2.51414 1
0.576166 0.745264 20112 0
0.264057 -0.531477 2.49617 1
0.594423 0.753398 19968 0
0.444397 -0.31611 2.83465 1
0.639935 0.632718 22672 0
0.473378 -0.481295 2.67055 1
0.65822 0.714488 21360 0
0.287576 -0.422828 2.57622 1
0.599638 0.695332 20608 0
0.227878 -0.378572 2.57999 1
0.578839 0.674632 20632 0
0.223143 -0.494068 2.62287 1
0.575938 0.724183 20976 0
0.193954 -0.651752 2.2464 1
0.577066 0.845292 17968 0
0.171642 -0.832029 2.12135 1
0.572222 0.966788 16968 0
0.175925 -0.811229 2.06091 1
0.576194 0.968464 16480 0
0.359752 -0.523433 2.68819 1
0.619453 0.731736 21504 0
0.432731 -0.63861 2.29186 1
0.668532 0.83162 18328 0
0.413914 -0.868888 2.06579 1
0.678845 1.00057 16520 0
0.425882 -0.913334 2.00044 1
0.690029 1.04337 16000 0
40
0.256139 -0.467312 2.69216 1
0.584924 0.706585 21536 0
0.261634 -0.447039 2.75133 1
0.58488 0.693373 22008 0
0.307313 -0.197056 2.90319 1
0.594484 0.58078 23224 0
0.307879 -0.0197181 2.92697 1
0.593889 0.508017 23408 0
0.17677 -0.300044 2.82772 1
0.555799 0.626282 22616 0
0.134946 -0.497173 2.67318 1
0.545059 0.721346 21384 0
0.215206 -0.518993 2.51117 1
0.576495 0.745968 20088 0
0.263999 -0.532897 2.49217 1
0.594554 0.754482 19936 0
0.444206 -0.31605 2.83332 1
0.63994 0.632755 22664 0
0.464535 -0.484778 2.66792 1
0.655417 0.716253 21336 0
0.306479 -0.478589 2.53223 1
0.608032 0.724932 20256 0
0.247021 -0.435079 2.53106 1
0.587113 0.704577 20248 0
0.176155 -0.494719 2.62551 1
0.559887 0.724253 21000 0
0.190253 -0.643315 2.2565 1
0.575257 0.839298 18048 0
0.16866 -0.815187 2.12091 1
0.570981 0.957432 16960 0
0.174222 -0.81878 2.05863 1
0.575541 0.97335 16464 0
0.316168 -0.534587 2.67894 1
0.605344 0.737491 21424 0
0.431673 -0.641065 2.29235 1
0.668085 0.832823 18336 0
0.414595 -0.86469 2.06214 1
0.679456 0.999038 16496 0
0.425117 -0.91055 1.99697 1
0.690016 1.04266 15968 0
40
0.240183 -0.46838 2.69299 1
0.579609 0.706994 21536 0
0.248564 -0.448851 2.75266 1
0.580601 0.694063 22016 0
0.305853 -0.198593 2.90326 1
0.594033 0.581409 23224 0
0.306695 -0.0194979 2.92483 1
0.593597 0.507934 23392 0
0.176107 -0.299727 2.82754 1
0.555593 0.626157 22616 0
0.186528 -0.466139 2.67323 1
0.562282 0.707525 21384 0
0.246482 -0.501806 2.50434 1
0.587851 0.738471 20032 0
0.292811 -0.517973 2.48173 1
0.605314 0.748396 19848 0
0.443975 -0.316605 2.8322 1
0.639923 0.633041 22656 0
0.41102 -0.487263 2.65274 1
0.6383 0.718605 21216 0
0.295725 -0.499329 2.50828 1
0.605237 0.736921 20064 0
0.235918 -0.455919 2.50474 1
0.584072 0.716629 20032 0
0.156141 -0.493964 2.62844 1
0.553024 0.723661 21024 0
0.216639 -0.585265 2.31627 1
0.583484 0.800715 18528 0
0.186577 -0.770041 2.1178 1
0.578637 0.932734 16936 0
0.170268 -0.821373 2.081 1
0.573032 0.969743 16648 0
0.29862 -0.537327 2.67521 1
0.599636 0.739042 21400 0
0.430012 -0.640857 2.29235 1
0.667438 0.832716 18336 0
0.414963 -0.859222 2.06008 1
0.679796 0.996379 16480 0
0.424167 -0.906622 1.99525 1
0.689755 1.04078 15960 0
40
0.233437 -0.469109 2.69371 1
0.577352 0.70726 21544 0
0.242712 -0.449851 2.75359 1
0.578677 0.694429 22024 0
0.304517 -0.200292 2.90362 1
0.593611 0.582095 23224 0
0.305689 -0.0193686 2.92316 1
0.593343 0.507886 23384 0
0.175577 -0.299498 2.82753 1
0.555426 0.62606 22616 0
0.188292 -0.47017 2.66878 1
0.562976 0.709669 21344 0
0.247516 -0.505305 2.4986 1
0.588422 0.740685 19984 0
0.29266 -0.523181 2.47359 1
0.605606 0.75172 19784 0
0.44369 -0.317313 2.83138 1
0.639874 0.633377 22648 0
0.378799 -0.489631 2.64118 1
0.628016 0.720629 21128 0
0.287969 -0.510712 2.49367 1
0.603077 0.743741 19944 0
0.227976 -0.467024 2.48919 1
0.581749 0.723292 19912 0
0.148061 -0.494026 2.63087 1
0.550234 0.723482 21040 0
0.205156 -0.600332 2.30421 1
0.579473 0.810072 18432 0
0.184644 -0.765362 2.11852 1
0.577796 0.929959 16944 0
0.170142 -0.82962 2.0785 1
0.573066 0.975031 16624 0
0.291575 -0.537963 2.67415 1
0.597324 0.739419 21392 0
0.428366 -0.63865 2.29235 1
0.666797 0.83157 18336 0
0.414993 -0.854208 2.05914 1
0.679891 0.993708 16472 0
0.423075 -0.902689 1.99468 1
0.68932 1.03859 15952 0
40
0.33612 -0.49945 2.75244 1
0.609001 0.715957 22016 0
0.324051 -0.468895 2.80608 1
0.603078 0.698869 22448 0
0.303594 -0.201873 2.90443 1
0.593301 0.58272 23232 0
0.304868 -0.0192215 2.92212 1
0.593125 0.507829 23376 0
0.175133 -0.299312 2.8277 1
0.555283 0.625975 22616 0
0.183872 -0.477024 2.66587 1
0.561565 0.712958 21320 0
0.246659 -0.509447 2.49463 1
0.588256 0.743044 19952 0
0.29133 -0.528153 2.46814 1
0.605358 0.754673 19744 0
0.443415 -0.318074 2.83079 1
0.639816 0.633725 22640 0
0.365508 -0.49046 2.63705 1
0.623718 0.721349 21096 0
0.281822 -0.516932 2.48512 1
0.601223 0.747559 19880 0
0.22136 -0.472866 2.4801 1
0.579668 0.726914 19840 0
0.289494 -0.55394 2.7048 1
0.595534 0.743737 21632 0
0.209457 -0.595803 2.32478 1
0.580421 0.805009 18592 0
0.181241 -0.766841 2.1202 1
0.576301 0.930448 16960 0
0.170358 -0.830525 2.0721 1
0.573385 0.977018 16576 0
0.407363 -0.553794 2.74217 1
0.632599 0.740351 21936 0
0.433838 -0.62643 2.3298 1
0.666212 0.819997 18632 0
0.415102 -0.849639 2.05891 1
0.679958 0.991122 16464 0
0.421483 -0.892255 1.99297 1
0.68877 1.03282 15936 0
40
0.310667 -0.480659 2.70202 1
0.602627 0.71171 21616 0
0.308544 -0.459913 2.76753 1
0.599512 0.697777 22136 0
0.302659 -0.203303 2.90524 1
0.592988 0.583283 23240 0
0.30341 -0.0193977 2.92094 1
0.592717 0.507904 23360 0
0.174805 -0.299177 2.82788 1
0.555175 0.62591 22616 0
0.17634 -0.483847 2.66506 1
0.559061 0.71607 21320 0
0.244106 -0.513897 2.49227 1
0.587425 0.745399 19936 0
0.288862 -0.532858 2.46478 1
0.604608 0.757292 19712 0
0.443154 -0.318876 2.83034 1
0.639756 0.634084 22640 0
0.398275 -0.489705 2.64817 1
0.634243 0.72008 21184 0
0.290177 -0.518688 2.48486 1
0.604235 0.748426 19872 0
0.229543 -0.473702 2.48021 1
0.582609 0.727305 19840 0
0.248496 -0.517525 2.64018 1
0.584011 0.733287 21120 0
0.200472 -0.610713 2.30524 1
0.577623 0.815293 18440 0
0.178294 -0.770602 2.12212 1
0.574993 0.932167 16976 0
0.171647 -0.837431 2.07149 1
0.573962 0.981127 16568 0
0.372649 -0.533044 2.67684 1
0.62426 0.736992 21408 0
0.436195 -0.626955 2.2939 1
0.669731 0.825278 18344 0
0.415226 -0.845857 2.05911 1
0.679994 0.988888 16472 0
0.420874 -0.889681 1.99411 1
0.688389 1.03098 15952 0
40
0.314369 -0.475777 2.68557 1
0.604486 0.710844 21480 0
0.309569 -0.456688 2.75193 1
0.600409 0.697504 22008 0
0.301945 -0.204518 2.90604 1
0.592743 0.583757 23248 0
0.301583 -0.019531 2.91985 1
0.592194 0.507961 23352 0
0.17457 -0.299125 2.82802 1
0.555098 0.625881 22624 0
0.142836 -0.496988 2.67497 1
0.547662 0.721116 21392 0
0.232115 -0.520864 2.50428 1
0.582732 0.747534 20032 0
0.283798 -0.536696 2.46887 1
0.602604 0.758715 19744 0
0.44293 -0.319544 2.83008 1
0.639698 0.634377 22640 0
0.418665 -0.488356 2.65565 1
0.640718 0.718856 21240 0
0.299677 -0.517172 2.48803 1
0.607511 0.747384 19904 0
0.238967 -0.471104 2.48421 1
0.585863 0.725695 19872 0
0.258475 -0.513954 2.62591 1
0.58786 0.732936 21000 0
0.192243 -0.638468 2.25647 1
0.576046 0.836746 18048 0
0.170273 -0.80753 2.11253 1
0.571944 0.954934 16896 0
0.184034 -0.798858 2.08594 1
0.57875 0.955785 16680 0
0.377462 -0.526517 2.65843 1
0.626737 0.735711 21264 0
0.437575 -0.62824 2.26925 1
0.672117 0.829485 18152 0
0.415468 -0.842109 2.05988 1
0.680031 0.986539 16472 0
0.42055 -0.887534 1.99617 1
0.688051 1.02915 15968 0
40
0.316904 -0.467926 2.68913 1
0.605189 0.707089 21512 0
0.311426 -0.452708 2.75114 1
0.60104 0.695839 22008 0
0.301408 -0.205469 2.90669 1
0.592557 0.584128 23248 0
0.297666 -0.0199308 2.91834 1
0.591043 0.508128 23344 0
0.174394 -0.29909 2.82816 1
0.55504 0.625861 22624 0
0.131204 -0.501305 2.67839 1
0.543725 0.722751 21424 0
0.224173 -0.524397 2.51274 1
0.579632 0.748374 20096 0
0.27856 -0.539572 2.4741 1
0.600497 0.759552 19792 0
0.442717 -0.320073 2.82992 1
0.639639 0.634607 22632 0
0.431064 -0.487182 2.66019 1
0.644638 0.717957 21280 0
0.308348 -0.514101 2.49248 1
0.610424 0.745476 19936 0
0.2475 -0.467117 2.48948 1
0.58874 0.72331 19912 0
0.261662 -0.509689 2.62615 1
0.588935 0.730982 21008 0
0.190351 -0.647909 2.2494 1
0.575534 0.8428 17992 0
0.169634 -0.835917 2.13844 1
0.570806 0.96522 17104 0
0.182231 -0.799084 2.09045 1
0.57781 0.95493 16720 0
0.381199 -0.511296 2.6708 1
0.627399 0.727837 21360 0
0.435238 -0.623407 2.27717 1
0.670602 0.825813 18216 0
0.415737 -0.839179 2.06072 1
0.680075 0.98465 16480 0
0.420404 -0.88539 1.99724 1
0.687884 1.02759 15976 0
40
0.317728 -0.461869 2.69404 1
0.60527 0.704036 21552 0
0.312118 -0.448478 2.7528 1
0.601204 0.693892 22016 0
0.300967 -0.206266 2.90726 1
0.592404 0.584438 23256 0
0.294674 -0.0202178 2.9173 1
0.59016 0.508248 23336 0
0.174262 -0.299079 2.82831 1
0.554996 0.62585 22624 0
0.13481 -0.497025 2.67869 1
0.544921 0.720825 21424 0
0.237487 -0.512279 2.51817 1
0.58418 0.74211 20144 0
0.289861 -0.528981 2.48087 1
0.604289 0.753763 19840 0
0.442562 -0.320519 2.82984 1
0.639594 0.634798 22632 0
0.4376 -0.486485 2.66272 1
0.646692 0.717439 21296 0
0.314733 -0.510991 2.49667 1
0.612521 0.743581 19968 0
0.253703 -0.463361 2.49432 1
0.590788 0.721086 19952 0
0.261956 -0.505664 2.62794 1
0.588975 0.729002 21016 0
0.189073 -0.651705 2.24418 1
0.575201 0.84561 17952 0
0.168895 -0.842131 2.14223 1
0.570373 0.96785 17136 0
0.176791 -0.809985 2.08584 1
0.575654 0.962155 16680 0
0.384786 -0.503833 2.68338 1
0.627995 0.723459 21464 0
0.433189 -0.619442 2.28818 1
0.668982 0.822183 18304 0
0.41598 -0.836764 2.06161 1
0.680103 0.983047 16488 0
0.42036 -0.883651 1.99834 1
0.687761 1.02627 15984 0
40
0.317353 -0.45725 2.69913 1
0.604948 0.701615 21592 0
0.311583 -0.444417 2.75599 1
0.600914 0.691914 22040 0
0.30048 -0.207056 2.90785 1
0.592236 0.584744 23256 0
0.292238 -0.0204595 2.91665 1
0.589435 0.508348 23328 0
0.174168 -0.299069 2.82845 1
0.554964 0.625839 22624 0
0.136258 -0.495179 2.67883 1
0.545401 0.719993 21424 0
0.247117 -0.50373 2.52126 1
0.587486 0.737779 20168 0
0.297981 -0.521423 2.48538 1
0.607016 0.749684 19880 0
0.4428 -0.319985 2.83188 1
0.639568 0.634477 22648 0
0.44231 -0.484936 2.66512 1
0.648137 0.716551 21320 0
0.318885 -0.509494 2.49895 1
0.613902 0.742647 19984 0
0.257684 -0.461508 2.49696 1
0.592115 0.719969 19968 0
0.26032 -0.502233 2.63112 1
0.588312 0.727173 21048 0
0.189028 -0.646693 2.25333 1
0.574878 0.841559 18024 0
0.169735 -0.822634 2.13964 1
0.570808 0.957571 17112 0
0.177007 -0.824187 2.07873 1
0.576005 0.971867 16624 0
0.38616 -0.499626 2.69145 1
0.628066 0.720928 21528 0
0.43181 -0.616968 2.29618 1
0.667858 0.819779 18368 0
0.416149 -0.835395 2.06208 1
0.680134 0.982145 16496 0
0.420399 -0.882689 1.99905 1
0.687712 1.0255 15992 0
40
0.316543 -0.454489 2.70295 1
0.604532 0.700114 21616 0
0.3107 -0.441609 2.75886 1
0.600523 0.690502 22064 0
0.299831 -0.207831 2.90828 1
0.592023 0.585049 23264 0
0.290361 -0.0206895 2.91598 1
0.588881 0.508444 23320 0
0.174077 -0.299126 2.82863 1
0.554931 0.625855 22624 0
0.141891 -0.491636 2.67821 1
0.547289 0.71847 21424 0
0.253693 -0.498309 2.52314 1
0.589747 0.735045 20184 0
0.30353 -0.51658 2.48844 1
0.608875 0.747061 19904 0
0.442788 -0.319895 2.83289 1
0.639514 0.634391 22656 0
0.445021 -0.484559 2.66611 1
0.64899 0.716302 21328 0
0.321431 -0.512589 2.49689 1
0.614906 0.744322 19968 0
0.259998 -0.464264 2.49528 1
0.593005 0.72143 19960 0
0.25775 -0.500196 2.6341 1
0.587342 0.725996 21072 0
0.1885 -0.648059 2.25316 1
0.574675 0.842306 18024 0
0.169573 -0.822928 2.14041 1
0.570715 0.95757 17120 0
0.173899 -0.829162 2.07445 1
0.574825 0.975695 16592 0
0.386642 -0.497533 2.69668 1
0.627977 0.719576 21568 0
0.430967 -0.615607 2.30131 1
0.667156 0.818361 18408 0
0.416164 -0.834241 2.06269 1
0.680088 0.981339 16496 0
0.420328 -0.881917 1.99985 1
0.687605 1.02483 15992 0
40
0.306993 -0.454585 2.67926 1
0.602274 0.701926 21432 0
0.305784 -0.44094 2.74824 1
0.599315 0.690949 21984 0
0.299289 -0.208466 2.90863 1
0.591845 0.585298 23264 0
0.288628 -0.0215768 2.91364 1
0.588421 0.508813 23304 0
0.173924 -0.299195 2.82905 1
0.554875 0.625865 22632 0
0.146229 -0.489911 2.67665 1
0.548764 0.71783 21408 0
0.25097 -0.508541 2.51683 1
0.589007 0.740472 20128 0
0.302558 -0.520744 2.48754 1
0.608565 0.749142 19896 0
0.44277 -0.319887 2.83371 1
0.639468 0.634349 22664 0
0.446886 -0.4844 2.66664 1
0.649585 0.716189 21328 0
0.323033 -0.515675 2.49468 1
0.615581 0.746011 19952 0
0.261414 -0.467183 2.49332 1
0.593585 0.722999 19944 0
0.250505 -0.496195 2.62375 1
0.585221 0.725073 20984 0
0.188102 -0.655536 2.24675 1
0.57473 0.847244 17968 0
0.167979 -0.83571 2.13577 1
0.570203 0.965687 17080 0
0.171545 -0.820503 2.07723 1
0.573714 0.970097 16616 0
0.371512 -0.501891 2.6558 1
0.624862 0.724909 21240 0
0.434829 -0.626042 2.27239 1
0.670801 0.827879 18176 0
0.416135 -0.833269 2.0633 1
0.680022 0.980635 16504 0
0.420153 -0.882777 2.00303 1
0.687229 1.02451 16024 0
40
0.351855 -0.49499 2.74018 1
0.614614 0.714986 21920 0
0.336678 -0.463836 2.79384 1
0.607564 0.697586 22344 0
0.298718 -0.209055 2.90898 1
0.591659 0.585529 23264 0
0.287443 -0.0222608 2.91156 1
0.588121 0.509099 23288 0
0.173698 -0.299334 2.82952 1
0.554794 0.625903 22632 0
0.149256 -0.489038 2.67534 1
0.549797 0.717548 21400 0
0.25015 -0.512483 2.51439 1
0.588802 0.742572 20112 0
0.30077 -0.525546 2.48603 1
0.60799 0.751592 19888 0
0.442684 -0.319952 2.83418 1
0.639418 0.634354 22672 0
0.448157 -0.484496 2.66674 1
0.650004 0.716223 21328 0
0.324499 -0.518129 2.49323 1
0.616173 0.747326 19944 0
0.262742 -0.469571 2.49201 1
0.59411 0.724256 19936 0
0.306267 -0.554948 2.70102 1
0.601211 0.744522 21608 0
0.201972 -0.641905 2.29981 1
0.578389 0.832179 18392 0
0.180122 -0.811945 2.16801 1
0.574158 0.945716 17344 0
0.168596 -0.823129 2.08836 1
0.57206 0.969088 16704 0
0.42598 -0.541618 2.72534 1
0.639515 0.736518 21800 0
0.438898 -0.628175 2.31457 1
0.669257 0.823 18512 0
0.416083 -0.832522 2.06384 1
0.679952 0.980077 16504 0
0.41983 -0.879918 2.00299 1
0.68709 1.02283 16016 0
40
0.341969 -0.477009 2.73326 1
0.611676 0.7077 21864 0
0.334607 -0.456228 2.79481 1
0.606865 0.694277 22352 0
0.298278 -0.209568 2.90922 1
0.591516 0.585731 23272 0
0.286601 -0.0226525 2.90976 1
0.587917 0.509265 23272 0
0.173465 -0.299458 2.82997 1
0.554712 0.625935 22632 0
0.151691 -0.488514 2.67419 1
0.550631 0.717409 21392 0
0.247894 -0.518062 2.51047 1
0.588138 0.745595 20080 0
0.298931 -0.529714 2.48433 1
0.607403 0.753761 19872 0
0.442604 -0.320042 2.83455 1
0.639375 0.634374 22672 0
0.448866 -0.484684 2.6666 1
0.65025 0.716318 21328 0
0.325523 -0.520031 2.49214 1
0.61659 0.748341 19936 0
0.263663 -0.471466 2.49102 1
0.594477 0.725251 19928 0
0.277747 -0.519044 2.6723 1
0.592772 0.73116 21376 0
0.202073 -0.639052 2.30269 1
0.57833 0.830288 18416 0
0.177239 -0.801199 2.15404 1
0.573444 0.942669 17232 0
0.169611 -0.835841 2.08023 1
0.572777 0.978195 16640 0
0.415451 -0.525436 2.71466 1
0.636602 0.730354 21712 0
0.439116 -0.628681 2.31918 1
0.669005 0.822618 18552 0
0.416064 -0.831878 2.06437 1
0.679898 0.979584 16512 0
0.419765 -0.879392 2.00368 1
0.686995 1.02233 16024 0
40
0.36544 -0.496078 2.76445 1
0.617994 0.713567 22112 0
0.351744 -0.46699 2.81813 1
0.611409 0.697214 22544 0
0.297871 -0.21001 2.90928 1
0.591389 0.58591 23272 0
0.286128 -0.0228326 2.90811 1
0.587822 0.509344 23264 0
0.173239 -0.299594 2.83038 1
0.554633 0.625974 22640 0
0.153754 -0.488625 2.67295 1
0.551344 0.717559 21376 0
0.247195 -0.521076 2.50779 1
0.587984 0.747287 20056 0
0.297476 -0.53382 2.48168 1
0.606994 0.756001 19848 0
0.442527 -0.320129 2.83484 1
0.639336 0.634397 22672 0
0.449716 -0.48472 2.66683 1
0.650521 0.716316 21328 0
0.326787 -0.521378 2.49182 1
0.617058 0.749017 19928 0
0.26486 -0.472815 2.49077 1
0.594916 0.725918 19920 0
0.312463 -0.553716 2.71791 1
0.602616 0.742462 21736 0
0.209075 -0.629305 2.33059 1
0.580074 0.821357 18640 0
0.183349 -0.788903 2.17398 1
0.57528 0.931877 17384 0
0.167761 -0.835789 2.09062 1
0.571626 0.975788 16720 0
0.442466 -0.543488 2.75093 1
0.643567 0.735127 22000 0
0.441231 -0.630169 2.34398 1
0.668022 0.81996 18744 0
0.416045 -0.831365 2.06486 1
0.679847 0.979175 16512 0
0.419641 -0.876779 2.00333 1
0.686973 1.02087 16024 0
40
0.374373 -0.503862 2.77642 1
0.620358 0.715983 22208 0
0.358252 -0.471198 2.82701 1
0.613114 0.698367 22616 0
0.297546 -0.210436 2.90924 1
0.591291 0.586086 23272 0
0.285889 -0.022941 2.90654 1
0.587796 0.509394 23248 0
0.172813 -0.29985 2.83094 1
0.554488 0.626056 22640 0
0.183611 -0.472875 2.67572 1
0.561251 0.710328 21400 0
0.255052 -0.517214 2.50717 1
0.590803 0.745516 20056 0
0.303465 -0.531738 2.48116 1
0.609171 0.755056 19848 0
0.44245 -0.320207 2.83507 1
0.639301 0.634419 22680 0
0.450565 -0.484856 2.66706 1
0.650792 0.716357 21336 0
0.367689 -0.532505 2.49427 1
0.631581 0.754082 19952 0
0.292171 -0.480667 2.4923 1
0.604638 0.729528 19936 0
0.32662 -0.569043 2.73714 1
0.606512 0.747423 21896 0
0.211517 -0.625385 2.34128 1
0.580639 0.817898 18728 0
0.185914 -0.783323 2.18294 1
0.576019 0.927063 17456 0
0.177392 -0.829909 2.10523 1
0.575212 0.969163 16840 0
0.452375 -0.550905 2.76423 1
0.646076 0.737189 22112 0
0.441938 -0.630218 2.35292 1
0.667651 0.818769 18816 0
0.416001 -0.830782 2.06553 1
0.67977 0.978683 16520 0
0.419441 -0.873993 2.00307 1
0.686908 1.01928 16024 0
40
0.313207 -0.474774 2.72324 1
0.60266 0.707489 21784 0
0.313258 -0.454744 2.78434 1
0.600423 0.694374 22272 0
0.297288 -0.210842 2.90906 1
0.591217 0.586257 23272 0
0.285581 -0.0228654 2.905 1
0.587748 0.509368 23232 0
0.17237 -0.300132 2.83148 1
0.554338 0.626151 22648 0
0.195498 -0.467405 2.67532 1
0.565226 0.707927 21400 0
0.272218 -0.523568 2.50168 1
0.597127 0.749077 20008 0
0.312039 -0.536271 2.47791 1
0.612403 0.757568 19816 0
0.442336 -0.320277 2.8352 1
0.639259 0.634442 22680 0
0.451224 -0.485084 2.66724 1
0.651003 0.716445 21336 0
0.378151 -0.535476 2.49494 1
0.635288 0.75543 19952 0
0.304722 -0.484271 2.49321 1
0.609093 0.731165 19944 0
0.241108 -0.51909 2.66177 1
0.580853 0.732094 21288 0
0.201373 -0.626972 2.31043 1
0.577797 0.82296 18480 0
0.175822 -0.785711 2.1545 1
0.572842 0.934019 17232 0
0.175798 -0.838852 2.09182 1
0.575014 0.977259 16728 0
0.380934 -0.524671 2.70315 1
0.625787 0.730999 21624 0
0.434515 -0.634755 2.32241 1
0.667001 0.825282 18576 0
0.415969 -0.830625 2.06571 1
0.679741 0.978552 16520 0
0.419328 -0.874212 2.00318 1
0.686848 1.01939 16024 0
40
0.306013 -0.463772 2.71378 1
0.600651 0.703387 21704 0
0.303525 -0.446881 2.77197 1
0.597737 0.691865 22168 0
0.297243 -0.211337 2.90873 1
0.591214 0.58647 23264 0
0.28519 -0.0227331 2.90373 1
0.587666 0.509317 23224 0
0.172021 -0.300446 2.83166 1
0.554224 0.626275 22648 0
0.2017 -0.464836 2.67426 1
0.567322 0.706866 21392 0
0.278066 -0.525734 2.49959 1
0.599296 0.750316 19992 0
0.3184 -0.539729 2.47532 1
0.614814 0.759499 19800 0
0.44223 -0.320345 2.83524 1
0.639223 0.634468 22680 0
0.451598 -0.485257 2.66732 1
0.651123 0.716515 21336 0
0.3841 -0.537207 2.49526 1
0.637399 0.756224 19960 0
0.311514 -0.486216 2.49367 1
0.611504 0.73205 19944 0
0.238715 -0.511906 2.65345 1
0.580301 0.7296 21224 0
0.195126 -0.628865 2.29095 1
0.576025 0.82669 18320 0
0.169276 -0.787782 2.13936 1
0.570626 0.938243 17112 0
0.173533 -0.843848 2.08232 1
0.574386 0.982291 16656 0
0.379312 -0.512725 2.70003 1
0.625395 0.726 21600 0
0.432368 -0.634946 2.3156 1
0.666665 0.826336 18520 0
0.415927 -0.830454 2.0659 1
0.679705 0.978408 16520 0
0.419211 -0.874241 2.00344 1
0.686772 1.01934 16024 0
40
0.296955 -0.457416 2.70336 1
0.598048 0.701372 21624 0
0.296378 -0.442936 2.76306 1
0.595743 0.690784 22104 0
0.297398 -0.212022 2.9081 1
0.591281 0.586769 23264 0
0.284177 -0.0226114 2.90179 1
0.587413 0.509274 23208 0
0.171575 -0.300878 2.83175 1
0.554082 0.626453 22648 0
0.205562 -0.463109 2.6738 1
0.568623 0.706133 21384 0
0.281885 -0.52708 2.49822 1
0.600715 0.751095 19984 0
0.322786 -0.542014 2.47351 1
0.616481 0.760789 19784 0
0.442075 -0.320417 2.83522 1
0.639176 0.6345 22680 0
0.451783 -0.485361 2.66735 1
0.651183 0.71656 21336 0
0.388303 -0.538458 2.49544 1
0.638892 0.756801 19960 0
0.316064 -0.487543 2.49391 1
0.613122 0.732661 19944 0
0.223187 -0.50071 2.63218 1
0.575685 0.726393 21056 0
0.196662 -0.581872 2.30839 1
0.576044 0.799993 18464 0
0.164597 -0.762716 2.11399 1
0.569498 0.929391 16904 0
0.171189 -0.819948 2.05843 1
0.574232 0.97407 16464 0
0.36943 -0.507266 2.68966 1
0.622599 0.724456 21512 0
0.430745 -0.635528 2.30805 1
0.666583 0.827705 18464 0
0.415797 -0.830427 2.06611 1
0.679631 0.978343 16528 0
0.418932 -0.874826 2.00383 1
0.686611 1.01958 16024 0
