57 20
40
0.0855429 -0.420784 2.61062 1
0.529248 0.691827 20880 0
0.0687023 -0.391999 2.65685 1
0.523081 0.675594 21248 0
0.0268178 -0.160956 2.69142 1
0.508894 0.571174 21528 0
0.0173613 0.0392654 2.68102 1
0.50578 0.48257 21448 0
-0.147853 -0.265706 2.65046 1
0.450208 0.619309 21200 0
-0.210137 -0.47172 2.58748 1
0.42751 0.71697 20696 0
-0.117851 -0.267042 2.60682 1
0.459647 0.621916 20848 0
-0.0798372 -0.236405 2.56052 1
0.472169 0.609881 20480 0
0.208301 -0.223534 2.70114 1
0.568833 0.598489 21608 0
0.382484 -0.0910915 2.62267 1
0.630174 0.541336 20976 0
0.218486 0.0302386 2.7 1
0.572229 0.486671 21600 0
0.184262 0.0762812 2.72597 1
0.560335 0.466697 21800 0
0.0173209 -0.502843 2.56642 1
0.506024 0.733183 20528 0
-0.0709395 -0.606349 2.17746 1
0.47092 0.831409 17416 0
-0.0696347 -0.801966 2.03453 1
0.46945 0.969119 16272 0
-0.0275697 -0.829014 2.01433 1
0.487783 0.989806 16112 0
0.209433 -0.485182 2.6129 1
0.571544 0.720991 20896 0
0.216926 -0.60989 2.17532 1
0.589011 0.833674 17400 0
0.244983 -0.801353 2.02548 1
0.607959 0.970855 16200 0
0.212239 -0.78097 1.98162 1
0.5956 0.969037 15848 0
40
0.0852716 -0.414765 2.60377 1
0.529232 0.68958 20824 0
0.0716147 -0.388764 2.65438 1
0.524082 0.674307 21232 0
0.0272272 -0.160509 2.69066 1
0.509032 0.570996 21520 0
0.0174127 0.0410728 2.68079 1
0.505798 0.481766 21440 0
-0.147384 -0.265297 2.65018 1
0.45036 0.619138 21200 0
-0.208576 -0.471277 2.58773 1
0.428055 0.716745 20696 0
-0.114229 -0.262201 2.60376 1
0.460841 0.619847 20824 0
-0.0783837 -0.22588 2.56755 1
0.47275 0.604701 20536 0
0.209059 -0.221815 2.69751 1
0.569177 0.597863 21576 0
0.381783 -0.0911552 2.6257 1
0.629785 0.541317 21000 0
0.219329 0.0222642 2.70344 1
0.572416 0.490199 21624 0
0.184741 0.0697364 2.72985 1
0.560406 0.469597 21832 0
-0.000296987 -0.48798 2.54412 1
0.499896 0.728274 20352 0
-0.0709485 -0.606081 2.17765 1
0.470919 0.831234 17416 0
-0.101635 -0.816682 2.01782 1
0.455041 0.981686 16136 0
-0.0842154 -0.851782 1.9708 1
0.461858 1.01437 15760 0
0.193177 -0.477768 2.58786 1
0.56663 0.71972 20696 0
0.217179 -0.611023 2.17449 1
0.589149 0.834421 17392 0
0.242588 -0.802453 2.02472 1
0.606945 0.971681 16192 0
0.224947 -0.756825 2.00353 1
0.600216 0.949564 16024 0
40
0.0832056 -0.410191 2.59653 1
0.528603 0.688012 20768 0
0.0724537 -0.385643 2.64963 1
0.524408 0.673218 21192 0
0.0278887 -0.159847 2.68947 1
0.509256 0.570734 21512 0
0.0171479 0.0449827 2.67888 1
0.505714 0.480016 21424 0
-0.14657 -0.264655 2.64961 1
0.450624 0.618875 21192 0
-0.207145 -0.470697 2.58801 1
0.428557 0.716455 20704 0
-0.108515 -0.274094 2.58254 1
0.462494 0.626312 20656 0
-0.0706078 -0.229112 2.55145 1
0.475299 0.606869 20408 0
0.209626 -0.220577 2.69376 1
0.569461 0.597453 21544 0
0.381517 -0.0926994 2.62759 1
0.629601 0.541987 21016 0
0.231254 0.00124965 2.69043 1
0.576722 0.499447 21520 0
0.191563 0.0546605 2.72441 1
0.562761 0.476122 21792 0
-0.00886376 -0.481292 2.53365 1
0.496877 0.726076 20264 0
-0.0709556 -0.605892 2.17778 1
0.470918 0.831111 17416 0
-0.100362 -0.829874 2.01493 1
0.455541 0.990168 16112 0
-0.0883394 -0.866815 1.95886 1
0.459746 1.02664 15664 0
0.183991 -0.474779 2.57422 1
0.563797 0.719502 20592 0
0.217363 -0.612131 2.17344 1
0.589267 0.835189 17384 0
0.240605 -0.803605 2.02356 1
0.606131 0.972629 16184 0
0.230026 -0.745684 2.01334 1
0.60198 0.940789 16104 0
40
0.0846658 -0.411573 2.59149 1
0.529162 0.689012 20728 0
0.0741528 -0.385526 2.64549 1
0.525019 0.673436 21160 0
0.0288584 -0.15898 2.68752 1
0.509585 0.570402 21496 0
0.016874 0.0484169 2.6769 1
0.505626 0.478474 21408 0
-0.144985 -0.26367 2.64819 1
0.451132 0.618496 21184 0
-0.205989 -0.470133 2.58827 1
0.428962 0.716174 20704 0
-0.140044 -0.475567 2.43205 1
0.448602 0.732718 19456 0
-0.165872 -0.521052 2.4234 1
0.438906 0.755887 19384 0
0.210049 -0.219747 2.69023 1
0.569692 0.597213 21520 0
0.381527 -0.0949447 2.62849 1
0.629561 0.542989 21024 0
0.235944 -0.0072564 2.68777 1
0.578356 0.503213 21496 0
0.196252 0.04495 2.72223 1
0.564349 0.480348 21776 0
0.00136717 -0.491513 2.52983 1
0.500482 0.731226 20232 0
-0.070973 -0.605761 2.17786 1
0.470912 0.831028 17416 0
-0.0975735 -0.838007 2.01405 1
0.456757 0.995187 16112 0
-0.0896017 -0.874579 1.95206 1
0.459029 1.03321 15616 0
0.18379 -0.477657 2.56958 1
0.563843 0.721231 20552 0
0.217562 -0.614074 2.17132 1
0.589436 0.836582 17368 0
0.238246 -0.805531 2.0203 1
0.60526 0.974524 16160 0
0.23591 -0.741243 2.03002 1
0.603729 0.934563 16240 0
40
0.0873267 -0.413634 2.58785 1
0.53012 0.690226 20696 0
0.0765404 -0.386084 2.64208 1
0.525858 0.673911 21136 0
0.030335 -0.157985 2.68473 1
0.510085 0.570034 21472 0
0.0162813 0.0521218 2.67372 1
0.505435 0.4768 21384 0
-0.143279 -0.262619 2.64653 1
0.451676 0.618098 21168 0
-0.205011 -0.46958 2.58843 1
0.429304 0.715907 20704 0
-0.14379 -0.511313 2.40166 1
0.446559 0.753377 19208 0
-0.145451 -0.544571 2.36073 1
0.445005 0.774537 18880 0
0.210062 -0.219054 2.68697 1
0.569781 0.597024 21488 0
0.381704 -0.0972901 2.62869 1
0.629611 0.544048 21024 0
0.237006 -0.0171095 2.68018 1
0.578931 0.507597 21440 0
0.198448 0.0337734 2.71583 1
0.565223 0.4852 21720 0
0.0107155 -0.498512 2.52877 1
0.503782 0.734616 20224 0
-0.0709889 -0.60567 2.1779 1
0.470906 0.830972 17416 0
-0.0941505 -0.843636 2.014 1
0.458273 0.998525 16112 0
-0.0892479 -0.879637 1.94733 1
0.459092 1.0376 15576 0
0.186819 -0.481487 2.56832 1
0.564927 0.723115 20544 0
0.217752 -0.616034 2.16937 1
0.589594 0.837958 17352 0
0.235158 -0.807795 2.01724 1
0.604053 0.976581 16136 0
0.243386 -0.739516 2.03678 1
0.606661 0.932112 16288 0
40
0.0878627 -0.416291 2.58344 1
0.530357 0.691775 20664 0
0.0772978 -0.387478 2.63768 1
0.526158 0.674831 21096 0
0.0317448 -0.156836 2.68169 1
0.510566 0.569603 21448 0
0.0158333 0.0548703 2.67094 1
0.505291 0.475551 21360 0
-0.140465 -0.260695 2.64268 1
0.452556 0.617403 21136 0
-0.204263 -0.46913 2.5885 1
0.429564 0.715694 20704 0
-0.261713 -0.626583 2.50869 1
0.406882 0.797252 20064 0
-0.295981 -0.682954 2.50896 1
0.394701 0.823959 20064 0
0.209837 -0.218626 2.68362 1
0.569794 0.596956 21464 0
0.381972 -0.0995138 2.62842 1
0.629715 0.545059 21024 0
0.237451 -0.0226919 2.6758 1
0.579209 0.510093 21400 0
0.199826 0.0261962 2.71116 1
0.565789 0.488501 21688 0
0.0122018 -0.500305 2.52626 1
0.504311 0.735694 20208 0
-0.0710311 -0.60566 2.17778 1
0.470887 0.830984 17416 0
-0.0894176 -0.849867 2.01408 1
0.460372 1.00219 16112 0
-0.0862015 -0.885218 1.94322 1
0.460404 1.04215 15544 0
0.186475 -0.48529 2.56602 1
0.564866 0.725078 20528 0
0.217906 -0.617586 2.1678 1
0.589723 0.839055 17336 0
0.233089 -0.80949 2.01516 1
0.603245 0.978074 16120 0
0.247093 -0.738097 2.04019 1
0.608105 0.930562 16320 0
40
0.0887923 -0.418411 2.58105 1
0.530707 0.69293 20648 0
0.0780715 -0.388599 2.63499 1
0.526446 0.675515 21072 0
0.0329741 -0.155877 2.67899 1
0.510986 0.569247 21424 0
0.0155051 0.0568029 2.66868 1
0.505186 0.474668 21344 0
-0.13769 -0.258897 2.63896 1
0.453428 0.616758 21104 0
-0.203698 -0.468674 2.58854 1
0.42976 0.715481 20704 0
-0.287894 -0.692122 2.51598 1
0.397864 0.827392 20120 0
-0.317107 -0.758462 2.5095 1
0.387209 0.8597 20072 0
0.209622 -0.218273 2.681 1
0.56979 0.596894 21448 0
0.382373 -0.101949 2.62744 1
0.6299 0.546179 21016 0
0.237817 -0.0261824 2.67279 1
0.57942 0.511658 21376 0
0.200899 0.0209551 2.70753 1
0.56623 0.490789 21656 0
0.0142717 -0.502171 2.5253 1
0.505045 0.736664 20200 0
-0.0711195 -0.605825 2.17748 1
0.470847 0.83112 17416 0
-0.0842318 -0.852878 2.01326 1
0.462655 1.00417 16104 0
-0.0809889 -0.887625 1.93897 1
0.462717 1.04482 15504 0
0.187944 -0.488828 2.567 1
0.565352 0.726633 20528 0
0.218001 -0.618794 2.16657 1
0.589813 0.839911 17328 0
0.231536 -0.810741 2.01357 1
0.602637 0.97919 16104 0
0.249634 -0.737591 2.04203 1
0.609118 0.929879 16336 0
40
0.0879873 -0.419592 2.57846 1
0.530459 0.693669 20624 0
0.0775463 -0.389445 2.63197 1
0.526299 0.676099 21048 0
0.0340691 -0.155038 2.67651 1
0.511362 0.568939 21408 0
0.0154015 0.058196 2.66662 1
0.505155 0.474027 21328 0
-0.135725 -0.257488 2.63629 1
0.454046 0.61624 21088 0
-0.203353 -0.468265 2.5886 1
0.42988 0.715288 20704 0
-0.297349 -0.705229 2.53233 1
0.395191 0.831438 20256 0
-0.318996 -0.761572 2.52748 1
0.387345 0.858605 20216 0
0.209441 -0.218107 2.67891 1
0.569784 0.596896 21424 0
0.382944 -0.104912 2.62528 1
0.630201 0.54756 21000 0
0.238153 -0.0285973 2.67031 1
0.579606 0.512745 21360 0
0.201828 0.0170348 2.70442 1
0.566613 0.492504 21632 0
0.00992789 -0.500971 2.52108 1
0.503515 0.736493 20168 0
-0.0712169 -0.606026 2.17713 1
0.470802 0.831283 17416 0
-0.0799745 -0.856942 2.01308 1
0.46454 1.00662 16104 0
-0.0768326 -0.89125 1.93647 1
0.464585 1.04775 15488 0
0.187268 -0.490746 2.56686 1
0.56512 0.727535 20528 0
0.218011 -0.619785 2.16559 1
0.589858 0.84061 17320 0
0.230359 -0.811719 2.01236 1
0.602177 0.980056 16096 0
0.251615 -0.738385 2.04212 1
0.609979 0.930322 16336 0
40
0.0871025 -0.420494 2.57638 1
0.530177 0.694241 20608 0
0.0768457 -0.390142 2.62945 1
0.526086 0.676584 21032 0
0.0349135 -0.154353 2.67434 1
0.511653 0.56869 21392 0
0.0153842 0.0591598 2.66493 1
0.505153 0.47358 21312 0
-0.134302 -0.256467 2.63435 1
0.454495 0.615865 21072 0
-0.203141 -0.467798 2.5887 1
0.429956 0.715065 20704 0
-0.198137 -0.581681 2.43561 1
0.427388 0.784229 19480 0
-0.189158 -0.610261 2.38401 1
0.429177 0.80465 19072 0
0.209232 -0.218002 2.67728 1
0.569757 0.596908 21416 0
0.383519 -0.107648 2.6229 1
0.630515 0.548845 20976 0
0.238234 -0.0304111 2.66815 1
0.579698 0.513565 21344 0
0.202424 0.013917 2.70167 1
0.566878 0.493869 21608 0
0.00691683 -0.500024 2.51817 1
0.502452 0.736319 20144 0
-0.0712749 -0.606222 2.1768 1
0.470774 0.831441 17408 0
-0.0768415 -0.85986 2.01305 1
0.465928 1.00835 16104 0
-0.0735975 -0.893831 1.93489 1
0.466048 1.04978 15472 0
0.186611 -0.492139 2.56678 1
0.564894 0.728188 20528 0
0.218012 -0.620517 2.16489 1
0.589887 0.841123 17312 0
0.229542 -0.812428 2.01158 1
0.601854 0.980662 16088 0
0.252142 -0.739728 2.03944 1
0.610354 0.931672 16312 0
40
0.0862204 -0.421161 2.57478 1
0.52989 0.69467 20592 0
0.076114 -0.390683 2.62746 1
0.525857 0.676962 21016 0
0.0356311 -0.153825 2.67247 1
0.511901 0.568503 21376 0
0.0155513 0.0596608 2.66319 1
0.505212 0.473339 21304 0
-0.13328 -0.255727 2.63294 1
0.454817 0.615592 21056 0
-0.203043 -0.467357 2.58879 1
0.429992 0.714854 20704 0
-0.181953 -0.574097 2.42526 1
0.433034 0.78172 19400 0
-0.167173 -0.599853 2.37247 1
0.437104 0.80091 18976 0
0.209091 -0.217921 2.67602 1
0.569743 0.596917 21408 0
0.38394 -0.109912 2.62065 1
0.63077 0.549915 20960 0
0.23823 -0.031749 2.66667 1
0.579741 0.514169 21328 0
0.202805 0.0115606 2.69961 1
0.567055 0.494904 21592 0
0.00456346 -0.499245 2.51619 1
0.501619 0.736136 20128 0
-0.0713409 -0.606464 2.17634 1
0.470741 0.831643 17408 0
-0.0747877 -0.861999 2.0133 1
0.466843 1.00956 16104 0
-0.0714322 -0.895708 1.93412 1
0.467034 1.05116 15472 0
0.185972 -0.493166 2.56671 1
0.564673 0.72867 20528 0
0.218014 -0.621053 2.16437 1
0.589909 0.841499 17312 0
0.229027 -0.81294 2.01107 1
0.601651 0.981087 16088 0
0.251211 -0.741077 2.0352 1
0.610176 0.933361 16280 0
40
0.0851151 -0.421726 2.57325 1
0.529524 0.695048 20584 0
0.0751838 -0.391204 2.62559 1
0.525559 0.677325 21000 0
0.0361926 -0.153442 2.67095 1
0.512095 0.568371 21360 0
0.0157919 0.0598596 2.66134 1
0.505296 0.473231 21288 0
-0.132547 -0.255192 2.63193 1
0.455048 0.615394 21048 0
-0.203025 -0.466922 2.58889 1
0.430001 0.714646 20704 0
-0.150129 -0.531796 2.40073 1
0.444182 0.76363 19200 0
-0.129034 -0.552074 2.33945 1
0.450768 0.780851 18712 0
0.209039 -0.217896 2.67503 1
0.569751 0.596942 21400 0
0.384175 -0.111668 2.6188 1
0.630943 0.550748 20944 0
0.238205 -0.0323901 2.66539 1
0.579771 0.514463 21320 0
0.203115 0.0100288 2.69799 1
0.567198 0.495576 21576 0
0.00255572 -0.498615 2.51479 1
0.500907 0.73597 20112 0
-0.0714566 -0.606767 2.17567 1
0.470684 0.83191 17400 0
-0.0225751 -0.869658 2.05132 1
0.490177 1.00455 16408 0
-0.0175621 -0.902102 1.97177 1
0.49205 1.04449 15768 0
0.18519 -0.494046 2.56619 1
0.564414 0.729124 20528 0
0.218006 -0.621473 2.16397 1
0.589923 0.841794 17304 0
0.22867 -0.813335 2.0107 1
0.601512 0.98141 16080 0
0.249643 -0.742237 2.03063 1
0.609734 0.935015 16240 0
40
0.0841661 -0.42193 2.57212 1
0.529208 0.695228 20576 0
0.0743899 -0.391474 2.62419 1
0.525303 0.677542 20992 0
0.0366158 -0.153176 2.66979 1
0.512242 0.568282 21352 0
0.0161204 0.0597528 2.65966 1
0.50541 0.473262 21272 0
-0.132023 -0.254813 2.6312 1
0.455213 0.615255 21048 0
-0.203291 -0.466437 2.58889 1
0.42991 0.714424 20704 0
-0.127786 -0.508437 2.39289 1
0.452334 0.752876 19136 0
-0.1463 -0.55437 2.37998 1
0.445131 0.777216 19032 0
0.209045 -0.217868 2.67427 1
0.569773 0.596957 21392 0
0.384326 -0.1131 2.61714 1
0.631077 0.551431 20936 0
0.24336 -0.020587 2.65835 1
0.581713 0.509217 21264 0
0.206157 0.0140535 2.69309 1
0.568328 0.49379 21544 0
0.00102299 -0.49804 2.51386 1
0.500363 0.735785 20104 0
-0.0715698 -0.607061 2.17499 1
0.470628 0.832176 17392 0
0.0236042 -0.840445 2.10504 1
0.510009 0.975161 16840 0
-0.0199348 -0.842362 2.03391 1
0.491251 0.992901 16264 0
0.184597 -0.494488 2.56578 1
0.564218 0.729366 20520 0
0.21797 -0.621883 2.1636 1
0.589923 0.842077 17304 0
0.228397 -0.813702 2.0104 1
0.601406 0.9817 16080 0
0.248896 -0.743341 2.02802 1
0.609547 0.936224 16224 0
40
0.0842243 -0.422294 2.57224 1
0.529227 0.695387 20576 0
0.0741928 -0.391682 2.62359 1
0.525242 0.677676 20984 0
0.0369491 -0.15301 2.66888 1
0.512357 0.568231 21344 0
0.0166109 0.059445 2.65817 1
0.505578 0.473385 21264 0
-0.131644 -0.254538 2.63067 1
0.455333 0.615154 21040 0
-0.203736 -0.465969 2.58882 1
0.429755 0.714214 20704 0
-0.120274 -0.50266 2.39498 1
0.455175 0.749784 19152 0
-0.145589 -0.55113 2.39103 1
0.445651 0.774322 19128 0
0.209093 -0.217853 2.67366 1
0.569805 0.596973 21384 0
0.384513 -0.114399 2.61557 1
0.63122 0.552053 20920 0
0.241527 -0.0240525 2.65805 1
0.581106 0.510769 21264 0
0.205989 0.0121669 2.69166 1
0.568309 0.49462 21528 0
0.00504319 -0.500413 2.51812 1
0.501788 0.736507 20144 0
-0.0716643 -0.607357 2.17427 1
0.47058 0.832447 17392 0
0.0222511 -0.84165 2.09369 1
0.509486 0.978422 16744 0
-0.0084636 -0.853545 2.01851 1
0.496257 1.00326 16144 0
0.187525 -0.49472 2.57132 1
0.565096 0.728979 20568 0
0.217961 -0.622268 2.16325 1
0.589935 0.842345 17304 0
0.228358 -0.814143 2.01019 1
0.601399 0.98201 16080 0
0.247015 -0.744366 2.02541 1
0.608859 0.937388 16200 0
40
0.0840556 -0.422457 2.57205 1
0.52917 0.695477 20576 0
0.0740088 -0.391818 2.6231 1
0.525184 0.677771 20984 0
0.0372353 -0.152916 2.66805 1
0.512457 0.568211 21344 0
0.0170333 0.0591227 2.65698 1
0.505722 0.473517 21248 0
-0.131361 -0.254331 2.63028 1
0.455422 0.615078 21040 0
-0.203938 -0.465422 2.58866 1
0.42968 0.713975 20704 0
-0.116582 -0.496259 2.39411 1
0.456535 0.746694 19152 0
-0.120844 -0.526426 2.37275 1
0.45454 0.764045 18976 0
0.209151 -0.217843 2.67318 1
0.569837 0.596986 21384 0
0.384681 -0.115549 2.61409 1
0.631351 0.552607 20912 0
0.238206 -0.0240206 2.6585 1
0.579978 0.510753 21264 0
0.203538 0.0117936 2.69117 1
0.567508 0.494785 21528 0
0.00536979 -0.500699 2.5186 1
0.501903 0.736598 20144 0
-0.0717746 -0.607711 2.17343 1
0.470523 0.83277 17384 0
-0.00873659 -0.8495 2.06039 1
0.496215 0.99069 16480 0
-0.0201357 -0.867401 1.98893 1
0.490963 1.01903 15904 0
0.18776 -0.494824 2.57235 1
0.565152 0.728936 20576 0
0.217953 -0.622626 2.16291 1
0.589945 0.842596 17296 0
0.228406 -0.814589 2.01004 1
0.601427 0.982309 16080 0
0.245572 -0.745222 2.02378 1
0.60831 0.938243 16184 0
40
0.0837261 -0.422628 2.57186 1
0.529058 0.695571 20568 0
0.073751 -0.391958 2.62271 1
0.5251 0.677862 20976 0
0.0374686 -0.152857 2.66736 1
0.512538 0.568202 21336 0
0.0174609 0.0588038 2.656 1
0.505868 0.473651 21248 0
-0.131153 -0.254179 2.62998 1
0.455488 0.615022 21032 0
-0.204245 -0.464971 2.58848 1
0.429569 0.713784 20704 0
-0.112131 -0.490751 2.39271 1
0.45817 0.744097 19136 0
-0.114136 -0.520737 2.36912 1
0.456998 0.761591 18952 0
0.209234 -0.217829 2.67276 1
0.569876 0.596995 21376 0
0.384858 -0.116499 2.61269 1
0.631482 0.553067 20896 0
0.236203 -0.0279833 2.65803 1
0.57932 0.512529 21264 0
0.202752 0.00985552 2.69003 1
0.567276 0.49564 21520 0
0.0050963 -0.500974 2.51909 1
0.501806 0.736681 20152 0
-0.0718886 -0.608034 2.17266 1
0.470466 0.833064 17376 0
-0.0758121 -0.847138 2.01545 1
0.466425 1.00024 16120 0
-0.0737885 -0.873397 1.94127 1
0.466072 1.03545 15528 0
0.187043 -0.494989 2.57228 1
0.564905 0.729018 20576 0
0.217947 -0.622898 2.16263 1
0.589954 0.842789 17296 0
0.228884 -0.814926 2.00982 1
0.601651 0.982563 16072 0
0.241995 -0.746044 2.02342 1
0.606752 0.938805 16184 0
40
0.0833153 -0.422774 2.57169 1
0.528917 0.695651 20568 0
0.0734659 -0.392089 2.62239 1
0.525006 0.677942 20976 0
0.0376582 -0.152837 2.66679 1
0.512604 0.568207 21328 0
0.0179021 0.0584382 2.65496 1
0.506019 0.473804 21232 0
-0.131042 -0.25408 2.62977 1
0.455522 0.614986 21032 0
-0.204456 -0.464684 2.58834 1
0.429493 0.713663 20704 0
-0.113937 -0.490816 2.39531 1
0.457542 0.743865 19160 0
-0.11006 -0.516847 2.36606 1
0.45848 0.759974 18928 0
0.209315 -0.217833 2.67236 1
0.569913 0.597011 21376 0
0.385043 -0.117262 2.61109 1
0.631626 0.553448 20888 0
0.235067 -0.0301407 2.65703 1
0.578968 0.513501 21256 0
0.202202 0.00852679 2.68877 1
0.567125 0.496226 21504 0
0.00434075 -0.501212 2.5196 1
0.501538 0.736746 20152 0
-0.0719901 -0.608327 2.17195 1
0.470415 0.833334 17368 0
-0.108783 -0.845824 1.99461 1
0.451319 1.00468 15952 0
-0.0996628 -0.875973 1.91991 1
0.453665 1.043 15352 0
0.185914 -0.495065 2.57126 1
0.564539 0.729144 20568 0
0.217934 -0.623145 2.1624 1
0.589958 0.842961 17296 0
0.229233 -0.815262 2.00971 1
0.601812 0.982788 16072 0
0.240863 -0.746508 2.02295 1
0.606277 0.93918 16176 0
40
0.0824588 -0.422463 2.57164 1
0.528621 0.695511 20568 0
0.0728464 -0.391934 2.62218 1
0.524797 0.677886 20976 0
0.037631 -0.152813 2.66623 1
0.512598 0.568211 21328 0
0.0183644 0.0581987 2.65387 1
0.506177 0.473901 21224 0
-0.130979 -0.25402 2.6296 1
0.45554 0.614966 21032 0
-0.204631 -0.464491 2.58821 1
0.429429 0.713585 20704 0
-0.117113 -0.492617 2.39846 1
0.456416 0.744439 19184 0
-0.107549 -0.514831 2.36346 1
0.459383 0.759244 18904 0
0.214006 -0.217587 2.67139 1
0.571506 0.596937 21368 0
0.386134 -0.11732 2.60709 1
0.632202 0.553556 20856 0
0.232753 -0.0160941 2.65174 1
0.578346 0.507223 21208 0
0.200931 0.0156065 2.68485 1
0.566801 0.493082 21472 0
0.00304026 -0.501123 2.52014 1
0.501077 0.736653 20160 0
-0.072047 -0.608439 2.17153 1
0.470386 0.833459 17368 0
-0.120005 -0.84571 1.98674 1
0.446085 1.00661 15888 0
-0.108188 -0.877508 1.91173 1
0.449486 1.04628 15288 0
0.184887 -0.494902 2.57021 1
0.564208 0.729162 20560 0
0.217923 -0.623329 2.16222 1
0.589961 0.843091 17296 0
0.229741 -0.815523 2.00962 1
0.602042 0.982964 16072 0
0.239806 -0.74683 2.02272 1
0.605823 0.939418 16176 0
40
0.080958 -0.421782 2.57156 1
0.528101 0.695202 20568 0
0.0715495 -0.391513 2.62195 1
0.524358 0.677711 20968 0
0.0368561 -0.152994 2.66538 1
0.512343 0.568314 21320 0
0.0209094 0.0538675 2.65089 1
0.507041 0.475816 21200 0
-0.13167 -0.254589 2.62927 1
0.4553 0.615238 21032 0
-0.204636 -0.464331 2.58777 1
0.429415 0.713548 20696 0
-0.122381 -0.497804 2.40121 1
0.454508 0.74673 19208 0
-0.109334 -0.519792 2.35895 1
0.45863 0.762242 18864 0
0.216527 -0.217674 2.67071 1
0.572367 0.597 21360 0
0.387506 -0.116004 2.60103 1
0.63298 0.553079 20808 0
0.23846 0.0311972 2.63298 1
0.580839 0.485899 21056 0
0.20603 0.0659251 2.66229 1
0.569076 0.470529 21296 0
0.000715715 -0.500701 2.5207 1
0.500253 0.736401 20160 0
-0.0721018 -0.608438 2.17132 1
0.47036 0.833492 17368 0
-0.109021 -0.848033 1.98556 1
0.45099 1.0083 15880 0
-0.0977037 -0.881102 1.90916 1
0.45432 1.04926 15272 0
0.183693 -0.494471 2.56885 1
0.563828 0.729084 20544 0
0.217913 -0.623447 2.1621 1
0.589963 0.843176 17296 0
0.230911 -0.815668 2.00961 1
0.602562 0.983052 16072 0
0.235544 -0.747205 2.02296 1
0.60393 0.939587 16176 0
40
0.0801086 -0.421482 2.57159 1
0.527806 0.695061 20568 0
0.0706814 -0.391286 2.62186 1
0.524063 0.677615 20968 0
0.0360871 -0.153184 2.66463 1
0.512088 0.568418 21312 0
0.0210678 0.0504677 2.64908 1
0.507099 0.477327 21192 0
-0.132597 -0.255292 2.62896 1
0.45498 0.61557 21024 0
-0.204718 -0.464269 2.58742 1
0.429377 0.713548 20696 0
-0.130734 -0.508838 2.40547 1
0.451489 0.751751 19240 0
-0.113242 -0.52884 2.35743 1
0.457123 0.76698 18856 0
0.21852 -0.217576 2.67025 1
0.573045 0.596973 21360 0
0.398829 -0.111471 2.57249 1
0.638385 0.55157 20576 0
0.324998 0.0643983 2.53487 1
0.61444 0.469765 20272 0
0.278307 0.102856 2.5748 1
0.596479 0.452458 20592 0
-0.000703715 -0.501379 2.52208 1
0.499751 0.736592 20176 0
-0.0721585 -0.608422 2.17116 1
0.470335 0.833508 17368 0
-0.11285 -0.847806 1.98231 1
0.449186 1.009 15856 0
-0.100843 -0.881553 1.9056 1
0.452765 1.05057 15240 0
0.183313 -0.494281 2.56774 1
0.563723 0.729095 20536 0
0.215731 -0.619131 2.16604 1
0.5889 0.84018 17328 0
0.236182 -0.808515 2.01408 1
0.604671 0.977754 16112 0
0.205728 -0.788074 1.99523 1
0.592035 0.970075 15960 0
40
0.0794995 -0.421333 2.57158 1
0.527594 0.694992 20568 0
0.0700244 -0.391172 2.62177 1
0.52384 0.677568 20968 0
0.0354062 -0.153358 2.66403 1
0.511863 0.568511 21312 0
0.0208459 0.0481544 2.64793 1
0.507027 0.478357 21176 0
-0.133617 -0.25602 2.62878 1
0.454631 0.615908 21024 0
-0.204819 -0.464686 2.58692 1
0.429329 0.713781 20688 0
-0.136245 -0.516871 2.40809 1
0.449499 0.755447 19264 0
-0.119055 -0.542061 2.35619 1
0.454898 0.773798 18848 0
0.219555 -0.217394 2.67002 1
0.573398 0.596901 21360 0
0.406344 -0.109042 2.55071 1
0.642195 0.550877 20400 0
0.377903 0.114169 2.47847 1
0.636098 0.445178 19824 0
0.344364 0.153382 2.50394 1
0.622758 0.427097 20024 0
-0.0017463 -0.502063 2.52315 1
0.499382 0.736814 20184 0
-0.0721912 -0.608417 2.17104 1
0.47032 0.833524 17368 0
-0.11508 -0.846148 1.97889 1
0.448093 1.00888 15824 0
-0.102913 -0.880163 1.90174 1
0.451697 1.05081 15208 0
0.183065 -0.494154 2.5666 1
0.563665 0.729138 20528 0
0.214072 -0.615635 2.16902 1
0.588094 0.837794 17352 0
0.241235 -0.802809 2.01752 1
0.606727 0.973572 16136 0
0.189499 -0.812566 1.98242 1
0.585323 0.987815 15856 0
40
0.0790532 -0.421441 2.57142 1
0.527441 0.695054 20568 0
0.0695638 -0.391231 2.62162 1
0.523685 0.677605 20968 0
0.0347962 -0.153504 2.66355 1
0.511661 0.568588 21304 0
0.0202102 0.046614 2.64715 1
0.506815 0.479043 21176 0
-0.134672 -0.256772 2.62874 1
0.454272 0.61625 21024 0
-0.204921 -0.465181 2.58645 1
0.429281 0.714048 20688 0
-0.139291 -0.520765 2.40949 1
0.4484 0.757223 19272 0
-0.120079 -0.544831 2.35526 1
0.454492 0.775306 18840 0
0.220253 -0.216902 2.6698 1
0.573637 0.596689 21352 0
0.411275 -0.106035 2.53639 1
0.644734 0.549754 20288 0
0.455334 0.13017 2.4198 1
0.667959 0.435979 19352 0
0.421508 0.170323 2.44493 1
0.653884 0.417091 19552 0
-0.0024674 -0.503132 2.52397 1
0.499127 0.737241 20184 0
-0.0722101 -0.608416 2.17093 1
0.47031 0.833539 17360 0
-0.120541 -0.845377 1.98054 1
0.445674 1.00799 15840 0
-0.109896 -0.879315 1.90361 1
0.44847 1.04974 15224 0
0.183301 -0.494396 2.56372 1
0.563819 0.729508 20504 0
0.213105 -0.613154 2.17102 1
0.587616 0.836123 17368 0
0.245841 -0.798202 2.01938 1
0.608665 0.970421 16152 0
0.182567 -0.822863 1.9798 1
0.58231 0.994651 15832 0
40
0.0787245 -0.421616 2.57129 1
0.527328 0.695145 20568 0
0.0692271 -0.391302 2.62151 1
0.523571 0.677645 20968 0
0.0342312 -0.153533 2.66316 1
0.511473 0.568611 21304 0
0.019072 0.0456351 2.64671 1
0.506432 0.47948 21168 0
-0.135767 -0.257487 2.62886 1
0.453902 0.616568 21024 0
-0.204975 -0.465592 2.58606 1
0.429252 0.714269 20688 0
-0.140941 -0.522796 2.41029 1
0.447806 0.758139 19280 0
-0.120824 -0.546581 2.35454 1
0.454196 0.776275 18832 0
0.220708 -0.216251 2.66959 1
0.573795 0.596407 21352 0
0.416121 -0.137813 2.53141 1
0.646727 0.564792 20248 0
0.464475 0.0688411 2.4189 1
0.671395 0.466129 19344 0
0.478707 0.145426 2.39496 1
0.678413 0.427734 19152 0
-0.00294341 -0.504779 2.5252 1
0.49896 0.737902 20200 0
-0.0722246 -0.60841 2.17085 1
0.470303 0.833548 17360 0
-0.0224405 -0.824237 2.0694 1
0.490321 0.974025 16552 0
-0.078185 -0.822635 1.99975 1
0.465102 0.989581 15992 0
0.183663 -0.494583 2.56142 1
0.564002 0.7298 20488 0
0.212694 -0.612077 2.17185 1
0.587414 0.835405 17368 0
0.250149 -0.795644 2.01986 1
0.610543 0.968803 16152 0
0.178304 -0.826452 1.98358 1
0.580235 0.995862 15864 0
40
0.0784573 -0.421827 2.57117 1
0.527237 0.695252 20568 0
0.0689658 -0.391379 2.62142 1
0.523483 0.677686 20968 0
0.033617 -0.153487 2.66276 1
0.511269 0.568601 21296 0
0.0175271 0.0450371 2.64659 1
0.505911 0.479748 21168 0
-0.13701 -0.25825 2.62913 1
0.453485 0.616901 21032 0
-0.2047 -0.466012 2.58554 1
0.429333 0.714505 20680 0
-0.142239 -0.524383 2.41073 1
0.447335 0.758877 19280 0
-0.12141 -0.547898 2.35394 1
0.453962 0.777011 18824 0
0.220888 -0.215456 2.66924 1
0.573865 0.596065 21352 0
0.41794 -0.152285 2.52979 1
0.647463 0.571642 20232 0
0.468002 0.0581099 2.41697 1
0.672834 0.471387 19328 0
0.461195 0.135139 2.40491 1
0.671174 0.433123 19232 0
-0.0034505 -0.5065 2.52647 1
0.498781 0.738593 20208 0
-0.0721989 -0.608566 2.17057 1
0.47031 0.833677 17360 0
-0.0325942 -0.83152 2.05822 1
0.485865 0.98081 16464 0
-0.0653283 -0.847189 1.98549 1
0.470631 1.00781 15880 0
0.184051 -0.494665 2.55939 1
0.564188 0.730021 20472 0
0.212406 -0.611391 2.17237 1
0.587274 0.834948 17376 0
0.253611 -0.794415 2.0197 1
0.612082 0.968115 16152 0
0.177468 -0.823875 1.9912 1
0.579554 0.992425 15928 0
40
0.0780596 -0.42238 2.57093 1
0.527101 0.695527 20560 0
0.0686378 -0.391625 2.62126 1
0.523373 0.677808 20968 0
0.0329435 -0.153392 2.66223 1
0.511045 0.568572 21296 0
0.0157008 0.0447333 2.64655 1
0.505295 0.479884 21168 0
-0.13827 -0.259 2.62947 1
0.453063 0.617226 21032 0
-0.204271 -0.466264 2.58504 1
0.429467 0.714663 20680 0
-0.143171 -0.525593 2.41106 1
0.446997 0.759438 19288 0
-0.121924 -0.548928 2.35349 1
0.453759 0.777585 18824 0
0.22084 -0.214922 2.66874 1
0.573863 0.595844 21344 0
0.419662 -0.163744 2.52962 1
0.64808 0.577038 20232 0
0.434307 0.0330274 2.44624 1
0.658472 0.483932 19568 0
0.417544 0.113011 2.43446 1
0.653092 0.444753 19472 0
-0.00429304 -0.508497 2.52784 1
0.498484 0.739404 20216 0
-0.0721569 -0.608751 2.17028 1
0.470323 0.833823 17360 0
-0.0261652 -0.836921 2.06048 1
0.488665 0.983402 16480 0
-0.0519554 -0.860534 1.9833 1
0.476617 1.01638 15864 0
0.184222 -0.495041 2.55744 1
0.564297 0.730371 20456 0
0.212219 -0.611061 2.17246 1
0.587194 0.834754 17376 0
0.257918 -0.794103 2.01918 1
0.614014 0.968052 16152 0
0.18088 -0.81947 1.99803 1
0.580806 0.988115 15984 0
40
0.0774458 -0.42334 2.57053 1
0.526892 0.696002 20560 0
0.0682129 -0.392089 2.62099 1
0.52323 0.678037 20960 0
0.0323627 -0.153279 2.66162 1
0.510853 0.568538 21288 0
0.0139825 0.0445071 2.64647 1
0.504716 0.479985 21168 0
-0.139341 -0.259654 2.62975 1
0.452705 0.61751 21032 0
-0.203794 -0.466404 2.58451 1
0.429617 0.714772 20672 0
-0.143133 -0.526243 2.41112 1
0.447012 0.759752 19288 0
-0.121725 -0.549279 2.35322 1
0.453829 0.777794 18824 0
0.220346 -0.215222 2.66745 1
0.573733 0.596025 21336 0
0.420854 -0.171658 2.52885 1
0.648547 0.580786 20224 0
0.412069 0.000363264 2.45664 1
0.649721 0.499824 19648 0
0.390055 0.0842742 2.45287 1
0.64194 0.45911 19616 0
-0.00543691 -0.510412 2.52894 1
0.498081 0.740201 20224 0
-0.0720843 -0.608904 2.17008 1
0.47035 0.833939 17360 0
-0.0156146 -0.84261 2.06166 1
0.49324 0.986409 16488 0
-0.0284382 -0.874143 1.98078 1
0.487185 1.02522 15840 0
0.184097 -0.495726 2.55562 1
0.564299 0.730854 20440 0
0.212107 -0.611053 2.17218 1
0.587159 0.834792 17376 0
0.263537 -0.794203 2.01841 1
0.616543 0.968291 16144 0
0.187509 -0.814874 2.00359 1
0.583535 0.984031 16024 0
40
0.0759282 -0.42527 2.5696 1
0.526375 0.696966 20552 0
0.0672504 -0.39314 2.62031 1
0.522909 0.678561 20960 0
0.0318179 -0.153144 2.66077 1
0.510674 0.568499 21280 0
0.0125921 0.0445397 2.64617 1
0.504247 0.479968 21168 0
-0.140149 -0.260201 2.62984 1
0.452432 0.617753 21032 0
-0.203756 -0.466608 2.58425 1
0.429623 0.714887 20672 0
-0.142279 -0.525865 2.41146 1
0.447336 0.75953 19288 0
-0.119314 -0.547114 2.35385 1
0.454756 0.776625 18824 0
0.218217 -0.219125 2.6634 1
0.573132 0.597915 21304 0
0.420741 -0.17856 2.52804 1
0.648554 0.584061 20224 0
0.358055 -0.0219679 2.50047 1
0.627815 0.510456 20000 0
0.345812 0.0591027 2.50402 1
0.62327 0.471909 20032 0
-0.00737436 -0.512188 2.52951 1
0.497398 0.740982 20232 0
-0.0720385 -0.609174 2.1697 1
0.470364 0.834145 17352 0
-0.0265601 -0.851615 2.0502 1
0.488437 0.994355 16400 0
-0.0297482 -0.883882 1.97144 1
0.486531 1.03358 15768 0
0.182286 -0.497945 2.55342 1
0.563721 0.732087 20424 0
0.212058 -0.611213 2.17177 1
0.587156 0.834943 17368 0
0.266991 -0.794354 2.01775 1
0.618109 0.968531 16136 0
0.191626 -0.811833 2.00701 1
0.585224 0.981405 16056 0
40
0.0745452 -0.427313 2.56868 1
0.525904 0.697984 20544 0
0.0662872 -0.394347 2.61955 1
0.522587 0.679162 20952 0
0.0312222 -0.152988 2.65943 1
0.510479 0.568464 21272 0
0.0114713 0.0446913 2.64587 1
0.50387 0.479898 21160 0
-0.140778 -0.260648 2.62985 1
0.452219 0.617955 21032 0
-0.204102 -0.467038 2.58396 1
0.429496 0.71511 20664 0
-0.140123 -0.523731 2.41188 1
0.448143 0.758432 19288 0
-0.110321 -0.536177 2.35641 1
0.458211 0.770801 18848 0
0.216461 -0.222541 2.66015 1
0.572632 0.599563 21280 0
0.416479 -0.18976 2.52972 1
0.646952 0.589274 20232 0
0.307329 -0.0284872 2.54179 1
0.607924 0.513338 20328 0
0.283594 0.0324549 2.55898 1
0.59892 0.484906 20464 0
-0.00898723 -0.513672 2.52988 1
0.496829 0.741646 20232 0
-0.0720378 -0.609372 2.16938 1
0.47036 0.834303 17352 0
-0.0958668 -0.852694 2.02467 1
0.457736 1.00122 16192 0
-0.0910101 -0.886238 1.94585 1
0.458252 1.04204 15560 0
0.180786 -0.499995 2.55181 1
0.563237 0.73319 20408 0
0.212092 -0.611565 2.17119 1
0.587193 0.835226 17368 0
0.267704 -0.803481 2.01155 1
0.618789 0.975375 16088 0
0.239058 -0.84143 1.9533 1
0.609242 1.01268 15624 0
40
0.0734784 -0.429004 2.56778 1
0.525542 0.698836 20536 0
0.065472 -0.395463 2.61876 1
0.522316 0.679723 20944 0
0.0307692 -0.152855 2.65826 1
0.510332 0.568434 21264 0
0.0107914 0.0447791 2.64555 1
0.503641 0.479856 21160 0
-0.141351 -0.2611 2.62976 1
0.452023 0.618163 21032 0
-0.204483 -0.467448 2.5837 1
0.429357 0.71532 20664 0
-0.136215 -0.518633 2.41234 1
0.449599 0.755867 19296 0
-0.0999647 -0.520709 2.35877 1
0.462172 0.762725 18864 0
0.215043 -0.225116 2.65787 1
0.572218 0.600801 21256 0
0.409742 -0.208597 2.53319 1
0.644376 0.598002 20264 0
0.286302 -0.0587856 2.57024 1
0.599427 0.52722 20560 0
0.252508 0.00171328 2.59508 1
0.586852 0.499214 20760 0
-0.010272 -0.514796 2.52991 1
0.496376 0.742172 20232 0
-0.0720469 -0.609565 2.16906 1
0.470352 0.834458 17352 0
-0.123112 -0.853557 2.01268 1
0.445402 1.00472 16096 0
-0.114495 -0.887537 1.93414 1
0.447161 1.04612 15472 0
0.179755 -0.501488 2.55052 1
0.562908 0.734005 20400 0
0.212221 -0.612053 2.1705 1
0.587274 0.8356 17360 0
0.266298 -0.811992 2.00646 1
0.618466 0.98163 16048 0
0.258387 -0.856317 1.92855 1
0.61959 1.02844 15424 0
40
0.0726556 -0.430293 2.5671 1
0.525263 0.699487 20536 0
0.0648072 -0.396378 2.61811 1
0.522095 0.680183 20944 0
0.0304966 -0.152767 2.65723 1
0.510244 0.568422 21256 0
0.010555 0.0449391 2.64516 1
0.503562 0.479781 21160 0
-0.141816 -0.261492 2.62963 1
0.451863 0.618347 21032 0
-0.204842 -0.467691 2.58363 1
0.429231 0.715437 20664 0
-0.166921 -0.562898 2.42993 1
0.438685 0.775694 19432 0
-0.157477 -0.601161 2.38703 1
0.441114 0.799727 19096 0
0.21399 -0.226977 2.65628 1
0.571908 0.601695 21248 0
0.405364 -0.218291 2.53581 1
0.642686 0.60245 20280 0
0.277974 -0.0698496 2.58154 1
0.596112 0.532202 20648 0
0.234563 -0.0203357 2.6204 1
0.5799 0.509236 20960 0
-0.0113526 -0.515572 2.52994 1
0.495995 0.742534 20232 0
-0.0720691 -0.60973 2.16877 1
0.470339 0.834592 17344 0
-0.130169 -0.855103 2.00722 1
0.442115 1.00701 16056 0
-0.120072 -0.889322 1.92883 1
0.444435 1.04873 15424 0
0.178966 -0.502583 2.5496 1
0.562654 0.7346 20392 0
0.212428 -0.612652 2.16976 1
0.587388 0.836042 17352 0
0.266308 -0.817609 2.00297 1
0.618676 0.985807 16016 0
0.269476 -0.863445 1.91618 1
0.625527 1.03628 15328 0
40
0.0721525 -0.431118 2.5667 1
0.525092 0.699901 20528 0
0.0643569 -0.397011 2.61767 1
0.521945 0.680502 20936 0
0.0304553 -0.152733 2.65619 1
0.510234 0.568433 21248 0
0.0106283 0.0451662 2.64468 1
0.503587 0.479675 21152 0
-0.142054 -0.261729 2.62952 1
0.45178 0.618459 21032 0
-0.205043 -0.467799 2.58355 1
0.429159 0.715494 20664 0
-0.179991 -0.581188 2.43745 1
0.434087 0.783774 19496 0
-0.17932 -0.630399 2.39927 1
0.433288 0.8127 19192 0
0.21422 -0.225236 2.65639 1
0.571981 0.600911 21248 0
0.400016 -0.223959 2.54045 1
0.640547 0.604918 20320 0
0.269666 -0.0766752 2.59062 1
0.592913 0.535224 20720 0
0.223689 -0.0295404 2.63286 1
0.575835 0.513353 21056 0
-0.0120964 -0.516111 2.53002 1
0.495732 0.742779 20240 0
-0.0720907 -0.609911 2.16848 1
0.470326 0.834737 17344 0
-0.136908 -0.85547 2.00315 1
0.438994 1.00826 16024 0
-0.125657 -0.889824 1.92472 1
0.441726 1.05021 15392 0
0.178553 -0.503171 2.54909 1
0.562523 0.734922 20392 0
0.212912 -0.613647 2.16871 1
0.58763 0.836752 17344 0
0.267393 -0.821237 2.0007 1
0.619295 0.988517 16000 0
0.277407 -0.867503 1.90877 1
0.629723 1.04089 15264 0
40
0.0717793 -0.431723 2.56638 1
0.524965 0.700206 20528 0
0.0640119 -0.397507 2.6173 1
0.52183 0.680752 20936 0
0.0304974 -0.152725 2.6553 1
0.510252 0.568453 21240 0
0.0109938 0.0453901 2.64411 1
0.503711 0.47957 21152 0
-0.14219 -0.261882 2.62943 1
0.451732 0.618532 21032 0
-0.205183 -0.46785 2.5835 1
0.42911 0.715522 20664 0
-0.192496 -0.593354 2.44151 1
0.429625 0.789232 19528 0
-0.19677 -0.6471 2.4039 1
0.426937 0.820367 19224 0
0.214446 -0.223363 2.65671 1
0.572049 0.60006 21248 0
0.394184 -0.226691 2.54628 1
0.638181 0.605955 20368 0
0.253626 -0.0717653 2.6254 1
0.586229 0.532532 21000 0
0.21 -0.0296506 2.65542 1
0.570589 0.513289 21240 0
-0.0126809 -0.51647 2.53003 1
0.495526 0.742947 20240 0
-0.0721192 -0.610078 2.16822 1
0.470311 0.834869 17344 0
-0.14153 -0.855515 2.00015 1
0.436841 1.00905 16000 0
-0.129664 -0.889943 1.92176 1
0.439775 1.05113 15368 0
0.178246 -0.503584 2.54871 1
0.562424 0.73515 20384 0
0.213486 -0.614669 2.16765 1
0.587909 0.837477 17336 0
0.26501 -0.825268 1.99852 1
0.618361 0.99145 15984 0
0.280269 -0.870581 1.90385 1
0.6314 1.04421 15224 0
40
0.0715064 -0.432151 2.56616 1
0.524872 0.700421 20528 0
0.06374 -0.397881 2.61702 1
0.52174 0.680942 20936 0
0.0305959 -0.152744 2.65452 1
0.510288 0.568481 21232 0
0.0118565 0.0455615 2.64333 1
0.504004 0.479487 21144 0
-0.14207 -0.261786 2.62922 1
0.451769 0.618498 21032 0
-0.205279 -0.467826 2.58344 1
0.429075 0.715515 20664 0
-0.197478 -0.59881 2.44332 1
0.427857 0.791677 19544 0
-0.204155 -0.653753 2.40484 1
0.424225 0.823534 19232 0
0.214793 -0.221524 2.65715 1
0.572154 0.599219 21256 0
0.389411 -0.22735 2.5516 1
0.636223 0.606041 20408 0
0.244009 -0.0875797 2.62905 1
0.582844 0.539646 21032 0
0.201452 -0.0368242 2.66329 1
0.567516 0.516455 21304 0
-0.0131357 -0.516706 2.53004 1
0.495366 0.743057 20240 0
-0.0721505 -0.610226 2.16798 1
0.470294 0.834988 17336 0
-0.144289 -0.855123 1.99797 1
0.435539 1.00937 15976 0
-0.13236 -0.889579 1.91962 1
0.438455 1.05152 15352 0
0.177997 -0.503884 2.54846 1
0.562343 0.735313 20384 0
0.21406 -0.615657 2.16665 1
0.588186 0.838176 17328 0
0.261879 -0.82852 1.99692 1
0.617056 0.993783 15968 0
0.278931 -0.872342 1.9016 1
0.630928 1.04596 15208 0
40
0.0712898 -0.432477 2.56602 1
0.524798 0.700584 20528 0
0.0635192 -0.398174 2.61682 1
0.521666 0.681089 20928 0
0.0307287 -0.152788 2.65384 1
0.510335 0.568518 21224 0
0.0128111 0.0456797 2.64254 1
0.504327 0.479427 21136 0
-0.141851 -0.26163 2.62901 1
0.451839 0.618437 21032 0
-0.205319 -0.467801 2.58338 1
0.429059 0.715509 20664 0
-0.178983 -0.553203 2.41851 1
0.433943 0.772226 19344 0
-0.165789 -0.57129 2.36141 1
0.437333 0.787924 18888 0
0.215004 -0.220019 2.65759 1
0.572213 0.598529 21256 0
0.385827 -0.226573 2.55647 1
0.634712 0.605477 20448 0
0.239128 -0.093792 2.63215 1
0.581091 0.542408 21056 0
0.195857 -0.0418024 2.66769 1
0.565533 0.518649 21336 0
-0.0135086 -0.516856 2.53006 1
0.495234 0.743126 20240 0
-0.0721815 -0.610407 2.1677 1
0.470278 0.83513 17336 0
-0.145483 -0.854487 1.99669 1
0.434964 1.00932 15968 0
-0.133995 -0.888932 1.91831 1
0.437652 1.05149 15344 0
0.177664 -0.504112 2.54847 1
0.562226 0.735418 20384 0
0.214544 -0.616504 2.16582 1
0.588419 0.83877 17320 0
0.261378 -0.830027 1.99595 1
0.616889 0.994921 15960 0
0.279942 -0.872608 1.90017 1
0.631501 1.04654 15200 0
40
0.0711391 -0.432708 2.56593 1
0.524747 0.700698 20520 0
0.0633715 -0.398375 2.61668 1
0.521617 0.68119 20928 0
0.0310281 -0.15282 2.65325 1
0.510438 0.568548 21224 0
0.0138291 0.0457896 2.64182 1
0.504672 0.479372 21128 0
-0.14143 -0.261328 2.62872 1
0.451977 0.618314 21024 0
-0.205112 -0.467504 2.58321 1
0.429126 0.715386 20664 0
-0.155713 -0.527365 2.40808 1
0.442282 0.760636 19264 0
-0.142076 -0.550338 2.35394 1
0.446126 0.778245 18824 0
0.215223 -0.218673 2.65809 1
0.572272 0.597908 21264 0
0.383552 -0.225597 2.56092 1
0.633685 0.60484 20480 0
0.236782 -0.0984856 2.63219 1
0.580294 0.544529 21056 0
0.192927 -0.0454823 2.66851 1
0.564532 0.520285 21344 0
-0.0137845 -0.516939 2.53007 1
0.495137 0.743163 20240 0
-0.0722063 -0.610596 2.16743 1
0.470264 0.835276 17336 0
-0.145146 -0.853711 1.99621 1
0.435099 1.00898 15968 0
-0.134541 -0.888056 1.91774 1
0.437379 1.05112 15336 0
0.177324 -0.504244 2.54886 1
0.562098 0.735444 20384 0
0.21491 -0.61732 2.16512 1
0.588599 0.839329 17320 0
0.261336 -0.830946 1.99518 1
0.616915 0.99566 15960 0
0.280556 -0.871539 1.90026 1
0.631783 1.04584 15200 0
40
0.0707114 -0.432743 2.566 1
0.524597 0.700709 20520 0
0.0631219 -0.398488 2.61662 1
0.521532 0.681245 20928 0
0.0313994 -0.15286 2.65277 1
0.510565 0.568578 21216 0
0.0150136 0.0459287 2.64126 1
0.505074 0.479305 21128 0
-0.140879 -0.260947 2.6284 1
0.452158 0.618155 21024 0
-0.204809 -0.467011 2.58302 1
0.429226 0.715175 20664 0
-0.148441 -0.517966 2.40397 1
0.444884 0.756428 19224 0
-0.122851 -0.529528 2.34585 1
0.453255 0.768647 18760 0
0.215391 -0.217638 2.65859 1
0.572315 0.597426 21264 0
0.382281 -0.224326 2.56477 1
0.633042 0.604094 20512 0
0.24255 -0.071977 2.64077 1
0.581983 0.532438 21120 0
0.194404 -0.0312883 2.67437 1
0.564884 0.513924 21392 0
-0.0156416 -0.515914 2.52973 1
0.494481 0.742715 20232 0
-0.0722242 -0.610753 2.16722 1
0.470254 0.835394 17336 0
-0.122245 -0.855756 2.00097 1
0.445469 1.00898 16000 0
-0.115963 -0.888779 1.92209 1
0.446149 1.05032 15376 0
0.175749 -0.503931 2.5505 1
0.561507 0.735147 20400 0
0.215221 -0.61797 2.16461 1
0.588748 0.839767 17312 0
0.238146 -0.829809 1.99357 1
0.606626 0.99538 15944 0
0.246442 -0.864789 1.90547 1
0.615443 1.04013 15240 0
40
0.0702528 -0.432705 2.56595 1
0.524438 0.700695 20520 0
0.0628136 -0.398566 2.61651 1
0.521428 0.681288 20928 0
0.031902 -0.152906 2.65237 1
0.510736 0.568609 21216 0
0.0162853 0.0460797 2.64083 1
0.505504 0.479234 21120 0
-0.140177 -0.260508 2.62802 1
0.45239 0.617974 21024 0
-0.204555 -0.466576 2.58299 1
0.429313 0.714977 20656 0
-0.143722 -0.512 2.40161 1
0.446584 0.753723 19208 0
-0.114526 -0.520221 2.34252 1
0.456361 0.764299 18736 0
0.215385 -0.217433 2.6592 1
0.572297 0.597312 21272 0
0.381924 -0.223189 2.56781 1
0.632761 0.603443 20536 0
0.286313 -0.0550643 2.62288 1
0.597435 0.524985 20976 0
0.234393 -0.0104332 2.65921 1
0.578677 0.504669 21272 0
-0.0176953 -0.514353 2.52866 1
0.493754 0.742082 20224 0
-0.0722541 -0.610858 2.1671 1
0.47024 0.83547 17336 0
-0.11903 -0.855957 2.00148 1
0.446916 1.00897 16008 0
-0.113483 -0.888687 1.92257 1
0.447313 1.05012 15376 0
0.174352 -0.50373 2.55126 1
0.560999 0.734983 20408 0
0.215508 -0.618573 2.16416 1
0.588885 0.840168 17312 0
0.248156 -0.818487 2.00096 1
0.610698 0.986816 16000 0
0.207236 -0.820485 1.97584 1
0.59362 0.994211 15800 0
40
0.0698276 -0.432628 2.56591 1
0.524291 0.700662 20520 0
0.0625044 -0.398615 2.61642 1
0.521323 0.681317 20928 0
0.0324841 -0.152999 2.65206 1
0.510933 0.568659 21216 0
0.0174295 0.0461923 2.6405 1
0.505892 0.47918 21120 0
-0.13953 -0.260113 2.6277 1
0.452604 0.617809 21016 0
-0.204379 -0.466277 2.58298 1
0.429373 0.714841 20656 0
-0.140384 -0.507946 2.40006 1
0.44779 0.751876 19200 0
-0.108985 -0.514977 2.34115 1
0.458448 0.761788 18728 0
0.2155 -0.217615 2.66016 1
0.572309 0.597359 21280 0
0.382177 -0.222306 2.57042 1
0.632713 0.602929 20560 0
0.310118 -0.0480924 2.59188 1
0.606799 0.522083 20728 0
0.253213 -0.000824806 2.63941 1
0.585631 0.500372 21112 0
-0.0193379 -0.513045 2.52774 1
0.493171 0.741554 20216 0
-0.0722867 -0.610992 2.16697 1
0.470225 0.835563 17328 0
-0.116801 -0.856112 2.00184 1
0.44792 1.00897 16008 0
-0.111739 -0.888621 1.92294 1
0.448133 1.04998 15376 0
0.17319 -0.503582 2.55186 1
0.560579 0.734858 20408 0
0.215743 -0.619067 2.16381 1
0.588996 0.840495 17304 0
0.223713 -0.82293 2.00283 1
0.599701 0.989003 16016 0
0.191497 -0.828426 1.96965 1
0.586781 1.00056 15752 0
40
0.0695229 -0.43269 2.56597 1
0.524184 0.700686 20520 0
0.0622354 -0.398748 2.61641 1
0.521232 0.681378 20928 0
0.0331294 -0.153165 2.6519 1
0.511151 0.568738 21208 0
0.0184304 0.0463121 2.6403 1
0.506231 0.479125 21120 0
-0.138926 -0.259772 2.62742 1
0.452804 0.617667 21016 0
-0.204249 -0.466047 2.58296 1
0.429418 0.714736 20656 0
-0.139235 -0.509138 2.40069 1
0.448231 0.752402 19200 0
-0.115156 -0.533222 2.34884 1
0.456239 0.770176 18784 0
0.215457 -0.218571 2.66134 1
0.572263 0.597743 21288 0
0.382853 -0.221617 2.5726 1
0.632835 0.602524 20576 0
0.319265 -0.0459981 2.5787 1
0.610511 0.521229 20624 0
0.268409 0.00543458 2.61899 1
0.591478 0.49753 20944 0
-0.0202094 -0.512453 2.52734 1
0.492863 0.741314 20216 0
-0.0723027 -0.611121 2.16687 1
0.470217 0.83565 17328 0
-0.115488 -0.856074 2.00219 1
0.448514 1.00886 16016 0
-0.110751 -0.888373 1.92332 1
0.448601 1.04971 15384 0
0.172235 -0.50382 2.5527 1
0.560225 0.734892 20416 0
0.216017 -0.619739 2.16331 1
0.58913 0.840944 17304 0
0.247073 -0.812179 2.00688 1
0.60989 0.98164 16048 0
0.1847 -0.805387 2.00636 1
0.58217 0.977737 16048 0
40
0.0691959 -0.43277 2.56613 1
0.524069 0.700711 20528 0
0.061924 -0.398913 2.61651 1
0.521125 0.681447 20928 0
0.0341178 -0.153427 2.65207 1
0.511483 0.568851 21216 0
0.0193023 0.0464244 2.64017 1
0.506526 0.479073 21120 0
-0.138317 -0.259504 2.62715 1
0.453006 0.617558 21016 0
-0.20417 -0.465876 2.58297 1
0.429445 0.714656 20656 0
-0.13852 -0.511079 2.40196 1
0.448525 0.75323 19208 0
-0.117191 -0.541367 2.35308 1
0.455546 0.773809 18824 0
0.215777 -0.219871 2.66298 1
0.572325 0.598263 21296 0
0.383703 -0.221082 2.57451 1
0.633032 0.6022 20592 0
0.323856 -0.0453313 2.57066 1
0.612451 0.520987 20560 0
0.274966 0.00803562 2.60928 1
0.594062 0.496335 20872 0
-0.0209016 -0.512036 2.52712 1
0.492617 0.741139 20216 0
-0.0723047 -0.611206 2.16686 1
0.470215 0.835699 17328 0
-0.114886 -0.855874 2.00256 1
0.448792 1.00865 16016 0
-0.110245 -0.888015 1.92372 1
0.448847 1.04938 15384 0
0.171358 -0.504131 2.55354 1
0.559898 0.73496 20424 0
0.216243 -0.620351 2.16289 1
0.58924 0.841346 17296 0
0.248654 -0.811778 2.00675 1
0.6106 0.981434 16048 0
0.220131 -0.828539 1.9667 1
0.599907 1.00138 15728 0
40
0.068908 -0.432799 2.56633 1
0.523967 0.700709 20528 0
0.0616267 -0.399042 2.61665 1
0.521022 0.681495 20928 0
0.0350176 -0.153699 2.65237 1
0.511784 0.568965 21216 0
0.0201313 0.0465025 2.64016 1
0.506806 0.479038 21120 0
-0.137779 -0.259275 2.627 1
0.453186 0.617461 21008 0
-0.204108 -0.465732 2.58299 1
0.429467 0.714589 20656 0
-0.138064 -0.513061 2.40333 1
0.448723 0.754067 19224 0
-0.117897 -0.545411 2.35549 1
0.455324 0.775572 18840 0
0.216287 -0.220975 2.66501 1
0.572441 0.598682 21320 0
0.384685 -0.220811 2.57608 1
0.633291 0.602013 20608 0
0.325573 -0.0462043 2.56515 1
0.61329 0.521437 20520 0
0.278522 0.00914195 2.60266 1
0.59552 0.49582 20816 0
-0.0213998 -0.511702 2.52696 1
0.492441 0.740997 20208 0
-0.0723035 -0.61128 2.16686 1
0.470216 0.835739 17328 0
-0.114776 -0.855585 2.0029 1
0.44885 1.00839 16016 0
-0.110054 -0.887619 1.9241 1
0.448946 1.04903 15392 0
0.170683 -0.504377 2.55428 1
0.559645 0.735006 20432 0
0.21643 -0.620874 2.16255 1
0.589332 0.841688 17296 0
0.248914 -0.812332 2.00592 1
0.610761 0.981961 16040 0
0.235887 -0.841615 1.9443 1
0.608292 1.01516 15552 0
40
0.0686621 -0.432816 2.56654 1
0.523879 0.7007 20528 0
0.0613538 -0.399156 2.6168 1
0.520928 0.681537 20928 0
0.0358105 -0.153962 2.6527 1
0.51205 0.569074 21216 0
0.0208855 0.0466493 2.64036 1
0.50706 0.478973 21120 0
-0.137242 -0.259046 2.62688 1
0.453366 0.617363 21008 0
-0.204063 -0.465625 2.583 1
0.429483 0.714538 20656 0
-0.137962 -0.515186 2.40469 1
0.44879 0.754975 19232 0
-0.118431 -0.548065 2.35707 1
0.455151 0.776727 18856 0
0.216784 -0.221957 2.66686 1
0.572557 0.599051 21328 0
0.385581 -0.220637 2.57729 1
0.633538 0.601885 20616 0
0.32481 -0.0481208 2.56185 1
0.61317 0.522355 20488 0
0.279894 0.00911884 2.59815 1
0.596157 0.495823 20784 0
-0.0217588 -0.511441 2.52684 1
0.492314 0.740885 20208 0
-0.0723027 -0.611338 2.16688 1
0.470217 0.835768 17328 0
-0.105335 -0.856923 2.00567 1
0.453122 1.00848 16040 0
-0.099221 -0.888775 1.92733 1
0.454048 1.04882 15416 0
0.170174 -0.504597 2.55492 1
0.559452 0.73505 20432 0
0.216582 -0.62131 2.16226 1
0.589406 0.841973 17296 0
0.255473 -0.810748 2.00746 1
0.613593 0.980653 16056 0
0.218287 -0.817222 1.97939 1
0.598435 0.991362 15832 0
40
0.0724127 -0.43474 2.57393 1
0.525111 0.701014 20584 0
0.0626869 -0.399878 2.621 1
0.521348 0.681574 20968 0
0.0364242 -0.154177 2.65312 1
0.512254 0.56916 21224 0
0.0217143 0.0468953 2.6408 1
0.507339 0.478866 21120 0
-0.136696 -0.258823 2.62679 1
0.45355 0.617265 21008 0
-0.204031 -0.465541 2.58301 1
0.429494 0.714498 20664 0
-0.138085 -0.517144 2.40595 1
0.448771 0.75581 19240 0
-0.118836 -0.549765 2.35814 1
0.455019 0.777459 18864 0
0.217203 -0.222781 2.66843 1
0.572655 0.599361 21344 0
0.386384 -0.220527 2.57823 1
0.633768 0.601797 20624 0
0.322424 -0.0505242 2.5604 1
0.612402 0.523485 20480 0
0.278929 0.00776577 2.59543 1
0.595926 0.496439 20760 0
-0.00906914 -0.516393 2.53885 1
0.496812 0.742067 20304 0
-0.0723061 -0.6114 2.16691 1
0.470216 0.835798 17328 0
-0.104889 -0.853193 2.00631 1
0.453336 1.00611 16048 0
-0.09823 -0.884753 1.92814 1
0.454526 1.0461 15424 0
0.180624 -0.508411 2.57789 1
0.562541 0.734717 20616 0
0.216694 -0.621627 2.16209 1
0.589459 0.842175 17296 0
0.253352 -0.81053 2.0081 1
0.612614 0.98037 16064 0
0.203526 -0.775116 2.00622 1
0.590552 0.959814 16048 0
40
0.0729345 -0.434877 2.57542 1
0.525278 0.700961 20600 0
0.0628897 -0.400049 2.62247 1
0.521405 0.68155 20976 0
0.0368617 -0.154373 2.65361 1
0.512399 0.569235 21224 0
0.0224 0.0471275 2.64124 1
0.50757 0.478765 21128 0
-0.1362 -0.258615 2.6268 1
0.453719 0.617171 21008 0
-0.204007 -0.465469 2.58303 1
0.429503 0.714464 20664 0
-0.139766 -0.520928 2.40766 1
0.448184 0.757499 19256 0
-0.122204 -0.553977 2.35963 1
0.453773 0.779409 18872 0
0.217397 -0.223463 2.66962 1
0.572687 0.59962 21352 0
0.387101 -0.220431 2.57897 1
0.633977 0.601723 20624 0
0.319384 -0.0528073 2.56019 1
0.611351 0.524548 20480 0
0.276439 0.00573592 2.5943 1
0.595111 0.497369 20752 0
-0.00892774 -0.514229 2.53766 1
0.49686 0.741166 20296 0
-0.0723046 -0.611495 2.16696 1
0.470217 0.835842 17328 0
-0.0980788 -0.854375 2.00788 1
0.4564 1.00641 16056 0
-0.0906939 -0.885808 1.92991 1
0.458054 1.04625 15432 0
0.180784 -0.507697 2.57975 1
0.562551 0.734218 20632 0
0.216799 -0.62186 2.16197 1
0.589508 0.842323 17288 0
0.254439 -0.809972 2.00848 1
0.613076 0.979949 16064 0
0.195749 -0.770033 2.01609 1
0.586665 0.95456 16128 0
40
0.073282 -0.434966 2.57643 1
0.525388 0.700923 20608 0
0.0630206 -0.400178 2.62348 1
0.521442 0.681538 20984 0
0.0371867 -0.154578 2.65415 1
0.512506 0.569313 21232 0
0.0229261 0.0472579 2.64169 1
0.507746 0.47871 21128 0
-0.135862 -0.258542 2.62697 1
0.453836 0.61713 21008 0
-0.203988 -0.465409 2.58305 1
0.42951 0.714435 20664 0
-0.140565 -0.523157 2.4088 1
0.447913 0.758478 19264 0
-0.123215 -0.555534 2.36035 1
0.453405 0.78011 18880 0
0.217342 -0.224162 2.67068 1
0.57264 0.599893 21360 0
0.38772 -0.220374 2.57967 1
0.634155 0.601669 20632 0
0.316721 -0.0545854 2.56028 1
0.610419 0.525374 20480 0
0.27388 0.00384876 2.59388 1
0.594246 0.498234 20744 0
-0.00951336 -0.512122 2.53574 1
0.496651 0.74036 20280 0
-0.0723042 -0.611583 2.16701 1
0.470218 0.835883 17336 0
-0.0925503 -0.855606 2.00922 1
0.458885 1.0068 16072 0
-0.0848786 -0.886921 1.93135 1
0.460772 1.04653 15448 0
0.180026 -0.506556 2.57938 1
0.562298 0.733725 20632 0
0.216887 -0.622044 2.16187 1
0.589548 0.842439 17288 0
0.240562 -0.810016 2.00733 1
0.60697 0.980249 16056 0
0.237081 -0.758173 2.0348 1
0.603999 0.943444 16272 0
40
0.0734373 -0.434952 2.57714 1
0.525435 0.700861 20616 0
0.0630448 -0.400254 2.62417 1
0.521444 0.681525 20992 0
0.0374138 -0.154762 2.65466 1
0.51258 0.569382 21232 0
0.023366 0.0472789 2.64222 1
0.507894 0.478704 21136 0
-0.135602 -0.2585 2.6272 1
0.453929 0.617101 21016 0
-0.204001 -0.465338 2.5831 1
0.429507 0.714398 20664 0
-0.141042 -0.524593 2.40969 1
0.447755 0.759092 19272 0
-0.123737 -0.55644 2.36084 1
0.453217 0.780507 18880 0
0.217181 -0.224824 2.67165 1
0.57256 0.600151 21368 0
0.38827 -0.220378 2.58028 1
0.634314 0.601647 20640 0
0.31455 -0.0560183 2.56065 1
0.609646 0.526036 20480 0
0.271716 0.00217341 2.59408 1
0.593494 0.499003 20752 0
-0.010594 -0.510317 2.53385 1
0.496268 0.739691 20264 0
-0.07234 -0.611604 2.1672 1
0.470206 0.835864 17336 0
-0.0978818 -0.855136 2.00946 1
0.456521 1.00646 16072 0
-0.0900236 -0.886351 1.93166 1
0.458401 1.04609 15448 0
0.178639 -0.50535 2.57757 1
0.561861 0.733332 20616 0
0.216962 -0.622182 2.1618 1
0.589582 0.842528 17288 0
0.233114 -0.810637 2.00747 1
0.603651 0.980584 16056 0
0.256144 -0.750051 2.03889 1
0.612136 0.937814 16304 0
40
0.0729607 -0.43457 2.57706 1
0.525271 0.700691 20616 0
0.062889 -0.40028 2.62453 1
0.521388 0.681512 20992 0
0.0375344 -0.154923 2.65519 1
0.512618 0.569441 21240 0
0.0236791 0.0472938 2.64279 1
0.507998 0.478702 21136 0
-0.135364 -0.258494 2.62751 1
0.454015 0.617085 21016 0
-0.20373 -0.465141 2.58298 1
0.429598 0.714317 20656 0
-0.182612 -0.585927 2.45309 1
0.433554 0.784265 19624 0
-0.177916 -0.630736 2.41544 1
0.434253 0.810773 19320 0
0.216862 -0.225404 2.67249 1
0.57243 0.600378 21376 0
0.388773 -0.220385 2.5809 1
0.634455 0.601625 20640 0
0.312907 -0.0570169 2.56105 1
0.609057 0.526496 20488 0
0.26982 0.000808146 2.59445 1
0.592829 0.499629 20752 0
-0.0121489 -0.508522 2.53163 1
0.495717 0.739057 20248 0
-0.0723824 -0.611612 2.16739 1
0.470191 0.835839 17336 0
-0.0908322 -0.857601 2.01271 1
0.459718 1.0071 16096 0
-0.0829718 -0.888777 1.93495 1
0.461725 1.04666 15472 0
0.175513 -0.503855 2.57234 1
0.560902 0.733115 20576 0
0.21703 -0.622289 2.16174 1
0.589613 0.842595 17288 0
0.228748 -0.813394 2.00526 1
0.601822 0.982751 16040 0
0.250054 -0.810526 1.96954 1
0.613324 0.989773 15752 0
40
0.0723514 -0.433972 2.5768 1
0.525062 0.700435 20608 0
0.0626099 -0.400215 2.62474 1
0.521292 0.681467 20992 0
0.0375715 -0.155066 2.65579 1
0.512628 0.569489 21240 0
0.0238326 0.0473053 2.64342 1
0.508047 0.478702 21144 0
-0.135186 -0.258527 2.62788 1
0.454082 0.617083 21016 0
-0.203277 -0.464756 2.58283 1
0.42975 0.714152 20656 0
-0.200079 -0.604727 2.46045 1
0.427416 0.792507 19680 0
-0.195106 -0.648517 2.42374 1
0.428148 0.81844 19384 0
0.216766 -0.225388 2.67461 1
0.572341 0.600291 21392 0
0.389174 -0.220453 2.58157 1
0.634559 0.601631 20648 0
0.311827 -0.0576968 2.56127 1
0.608671 0.52681 20488 0
0.268828 3.45372e-005 2.59445 1
0.592488 0.499984 20752 0
-0.0134474 -0.507179 2.53 1
0.495256 0.73858 20232 0
-0.0724278 -0.611613 2.16756 1
0.470174 0.835814 17336 0
-0.0857684 -0.859146 2.01464 1
0.462 1.00753 16112 0
-0.0776298 -0.890358 1.93696 1
0.464227 1.04706 15488 0
0.173322 -0.502641 2.5684 1
0.560234 0.73291 20544 0
0.217088 -0.622362 2.16172 1
0.589638 0.842639 17288 0
0.226214 -0.815584 2.00366 1
0.600774 0.984438 16024 0
0.246206 -0.847958 1.92786 1
0.613993 1.02347 15416 0
40
0.0710469 -0.432969 2.57576 1
0.52462 0.700053 20600 0
0.0619496 -0.400001 2.62458 1
0.521068 0.681382 20992 0
0.0375548 -0.155183 2.65638 1
0.512619 0.569526 21248 0
0.0238768 0.0473045 2.64409 1
0.50806 0.478708 21152 0
-0.135068 -0.258591 2.62833 1
0.45413 0.617092 21024 0
-0.202888 -0.464414 2.58276 1
0.429882 0.714 20656 0
-0.206948 -0.613042 2.46458 1
0.42505 0.796032 19712 0
-0.223076 -0.656372 2.44522 1
0.418569 0.819466 19560 0
0.216499 -0.225387 2.67634 1
0.572205 0.600226 21408 0
0.389521 -0.220526 2.58222 1
0.634645 0.601639 20656 0
0.310948 -0.0582193 2.56148 1
0.608355 0.52705 20488 0
0.267891 -0.000661336 2.59451 1
0.592163 0.500303 20752 0
-0.0159632 -0.505324 2.52724 1
0.494362 0.737967 20216 0
-0.0724718 -0.611561 2.16776 1
0.470159 0.835753 17336 0
-0.0949941 -0.859017 2.01412 1
0.457902 1.00758 16112 0
-0.0866943 -0.890321 1.93651 1
0.46004 1.04717 15488 0
0.171075 -0.501779 2.56467 1
0.55954 0.732848 20512 0
0.217141 -0.622417 2.1617 1
0.58966 0.842671 17288 0
0.224532 -0.817707 2.0022 1
0.600098 0.986052 16016 0
0.244848 -0.863461 1.91093 1
0.614369 1.03776 15280 0
40
0.0603119 -0.432321 2.57316 1
0.520921 0.699955 20584 0
0.0557759 -0.399939 2.62357 1
0.518976 0.681423 20984 0
0.0374762 -0.155284 2.65698 1
0.51259 0.569556 21248 0
0.0238375 0.0472908 2.64475 1
0.508045 0.478719 21152 0
-0.134967 -0.258702 2.62878 1
0.454173 0.617122 21024 0
-0.202633 -0.464176 2.58276 1
0.429971 0.71389 20656 0
-0.208953 -0.613044 2.46095 1
0.424212 0.796471 19680 0
-0.235774 -0.659624 2.45495 1
0.414275 0.819776 19632 0
0.216196 -0.22545 2.67738 1
0.572076 0.600215 21416 0
0.389787 -0.220587 2.58283 1
0.634705 0.601643 20656 0
0.310181 -0.0586151 2.56174 1
0.608077 0.527231 20488 0
0.266974 -0.00128866 2.59466 1
0.591842 0.500591 20752 0
-0.0350634 -0.503529 2.52375 1
0.487599 0.737449 20184 0
-0.0725138 -0.611501 2.16793 1
0.470144 0.835694 17336 0
-0.093754 -0.859994 2.01463 1
0.458462 1.00803 16112 0
-0.0854515 -0.891309 1.93703 1
0.460623 1.04763 15496 0
0.149157 -0.50591 2.55883 1
0.55203 0.735301 20464 0
0.217193 -0.622453 2.1617 1
0.589682 0.842692 17288 0
0.242839 -0.813358 2.00501 1
0.608107 0.982789 16040 0
0.204853 -0.82294 1.98093 1
0.592306 0.994415 15840 0
40
0.055858 -0.431431 2.57101 1
0.519393 0.69971 20568 0
0.0522084 -0.399742 2.62241 1
0.51777 0.681414 20976 0
0.0372906 -0.155364 2.65761 1
0.512525 0.569575 21256 0
0.0236579 0.0473258 2.64585 1
0.507981 0.478712 21160 0
-0.134917 -0.258897 2.62932 1
0.454199 0.617186 21032 0
-0.202476 -0.464042 2.58277 1
0.430025 0.713828 20656 0
-0.194708 -0.596488 2.44485 1
0.428914 0.790363 19552 0
-0.240775 -0.654788 2.45935 1
0.412613 0.816864 19672 0
0.215731 -0.225497 2.67823 1
0.571898 0.600204 21424 0
0.39 -0.220612 2.58336 1
0.634752 0.601634 20664 0
0.309514 -0.0588942 2.56202 1
0.607833 0.527358 20496 0
0.265694 -0.00202026 2.59508 1
0.591387 0.500926 20760 0
-0.0392051 -0.502278 2.5211 1
0.486119 0.737108 20168 0
-0.0725335 -0.61149 2.16802 1
0.470137 0.835675 17344 0
-0.094838 -0.860717 2.01411 1
0.457971 1.00859 16112 0
-0.0866301 -0.89211 1.93648 1
0.460069 1.04827 15488 0
0.144947 -0.505826 2.55577 1
0.550622 0.735543 20440 0
0.217248 -0.622479 2.16169 1
0.589705 0.842707 17288 0
0.253104 -0.810423 2.00593 1
0.612625 0.980826 16040 0
0.19289 -0.817702 1.99538 1
0.586286 0.987711 15960 0
40
0.0537388 -0.431159 2.56948 1
0.518668 0.699703 20552 0
0.0502466 -0.399795 2.62143 1
0.517109 0.681507 20968 0
0.0370576 -0.155416 2.6582 1
0.512444 0.569583 21264 0
0.0234155 0.0474012 2.64684 1
0.507896 0.478687 21168 0
-0.134886 -0.259086 2.6298 1
0.454218 0.61725 21032 0
-0.202382 -0.46396 2.58277 1
0.430058 0.71379 20656 0
-0.19285 -0.593914 2.44141 1
0.429493 0.789518 19528 0
-0.244865 -0.651662 2.46295 1
0.411259 0.81489 19696 0
0.215194 -0.225647 2.67885 1
0.571703 0.600248 21424 0
0.390161 -0.220681 2.58387 1
0.63478 0.601645 20664 0
0.309042 -0.0591127 2.56222 1
0.60766 0.527457 20496 0
0.264655 -0.00266763 2.59541 1
0.591018 0.501223 20760 0
-0.0412388 -0.501678 2.51961 1
0.485391 0.736965 20152 0
-0.0725451 -0.611482 2.16807 1
0.470133 0.835662 17344 0
-0.0975885 -0.860802 2.01243 1
0.456716 1.00907 16096 0
-0.089569 -0.892281 1.93476 1
0.458678 1.04887 15472 0
0.143636 -0.506082 2.55236 1
0.550232 0.735979 20416 0
0.217298 -0.622495 2.1617 1
0.589725 0.842716 17288 0
0.260421 -0.812867 2.00261 1
0.616074 0.983076 16016 0
0.236307 -0.838395 1.95438 1
0.607925 1.01054 15632 0
40
0.0524839 -0.431071 2.56835 1
0.51824 0.69975 20544 0
0.0490084 -0.399903 2.62069 1
0.516692 0.681607 20960 0
0.0368051 -0.155458 2.65874 1
0.512356 0.569587 21264 0
0.0231398 0.0473766 2.64774 1
0.507801 0.478705 21176 0
-0.134885 -0.259266 2.63026 1
0.454226 0.617311 21040 0
-0.20275 -0.463986 2.5833 1
0.429945 0.713758 20664 0
-0.184087 -0.584916 2.43652 1
0.432562 0.785704 19488 0
-0.240583 -0.640684 2.46239 1
0.412791 0.809656 19696 0
0.214699 -0.22585 2.6793 1
0.571526 0.600321 21432 0
0.390284 -0.220744 2.58431 1
0.6348 0.601657 20672 0
0.308638 -0.059286 2.56241 1
0.607511 0.527536 20496 0
0.263957 -0.00309809 2.59559 1
0.590772 0.501421 20760 0
-0.0416261 -0.501517 2.5187 1
0.485248 0.736974 20144 0
-0.0725549 -0.611476 2.16812 1
0.47013 0.835652 17344 0
-0.104606 -0.860282 2.01133 1
0.453578 1.00904 16088 0
-0.0969047 -0.891861 1.93364 1
0.455267 1.04893 15464 0
0.14464 -0.506644 2.54923 1
0.550645 0.73653 20392 0
0.21734 -0.622481 2.16176 1
0.58974 0.842697 17288 0
0.262902 -0.816187 2.00051 1
0.617303 0.985559 16000 0
0.250717 -0.8514 1.93581 1
0.615605 1.02344 15480 0
40
0.0523323 -0.431151 2.56724 1
0.518195 0.699874 20536 0
0.048392 -0.40004 2.62005 1
0.516486 0.681713 20960 0
0.0365714 -0.155491 2.6592 1
0.512276 0.56959 21272 0
0.0228775 0.0473944 2.64846 1
0.50771 0.478703 21184 0
-0.134912 -0.259437 2.63068 1
0.454224 0.61737 21040 0
-0.202803 -0.463937 2.58347 1
0.429931 0.713722 20664 0
-0.182144 -0.581677 2.43407 1
0.433206 0.784408 19472 0
-0.238159 -0.634397 2.45781 1
0.413509 0.807189 19656 0
0.214246 -0.226023 2.67962 1
0.571366 0.600386 21432 0
0.390363 -0.220803 2.58467 1
0.634808 0.60167 20672 0
0.308306 -0.0594172 2.56257 1
0.607389 0.527595 20496 0
0.263343 -0.00346309 2.59573 1
0.590556 0.501588 20760 0
-0.0387578 -0.502122 2.51866 1
0.486265 0.737264 20144 0
-0.0725622 -0.611472 2.16815 1
0.470127 0.835644 17344 0
-0.101154 -0.860949 2.01147 1
0.455113 1.0094 16088 0
-0.0937065 -0.892607 1.93378 1
0.456747 1.04935 15464 0
0.148212 -0.507128 2.54654 1
0.55195 0.737006 20368 0
0.217382 -0.622418 2.16186 1
0.589753 0.842647 17288 0
0.262042 -0.820582 1.9985 1
0.617036 0.988665 15984 0
0.255946 -0.85899 1.92612 1
0.61861 1.03076 15408 0
40
0.0524368 -0.431125 2.5663 1
0.518238 0.699935 20528 0
0.0480179 -0.400128 2.61945 1
0.516362 0.681795 20952 0
0.0363635 -0.155522 2.65958 1
0.512204 0.569594 21272 0
0.0226283 0.0474095 2.64906 1
0.507625 0.478701 21192 0
-0.134958 -0.259602 2.63107 1
0.454215 0.617427 21048 0
-0.202882 -0.463893 2.58365 1
0.429909 0.713686 20664 0
-0.180408 -0.578666 2.43197 1
0.433786 0.78318 19448 0
-0.2341 -0.626633 2.45234 1
0.414793 0.804107 19616 0
0.213815 -0.226203 2.67985 1
0.571217 0.600457 21432 0
0.390417 -0.220856 2.58497 1
0.634812 0.601683 20672 0
0.308026 -0.0595185 2.56271 1
0.607286 0.52764 20496 0
0.262596 -0.00386986 2.59588 1
0.590294 0.501774 20760 0
-0.0368276 -0.502355 2.51856 1
0.486948 0.737384 20144 0
-0.0725676 -0.611468 2.16818 1
0.470125 0.835639 17344 0
-0.0970669 -0.861677 2.01162 1
0.45693 1.00979 16088 0
-0.0898245 -0.893413 1.93393 1
0.458542 1.0498 15464 0
0.15079 -0.507038 2.54485 1
0.552889 0.737121 20352 0
0.217415 -0.622368 2.16196 1
0.589762 0.842603 17288 0
0.259934 -0.824506 1.99682 1
0.616192 0.991413 15968 0
0.258713 -0.863714 1.92008 1
0.620269 1.03536 15360 0
40
0.0531774 -0.431158 2.56557 1
0.518501 0.700007 20520 0
0.0479632 -0.40022 2.61893 1
0.516347 0.681873 20944 0
0.0361393 -0.155551 2.65992 1
0.512127 0.569598 21272 0
0.0223445 0.0474081 2.64961 1
0.507527 0.478706 21192 0
-0.135037 -0.259798 2.63146 1
0.454195 0.617498 21048 0
-0.203001 -0.463872 2.58392 1
0.429875 0.713655 20664 0
-0.179134 -0.576356 2.43049 1
0.434213 0.782221 19440 0
-0.193247 -0.60821 2.40569 1
0.428299 0.800889 19240 0
0.213391 -0.22641 2.67998 1
0.571072 0.600544 21432 0
0.390458 -0.220907 2.58522 1
0.634813 0.601696 20680 0
0.307744 -0.0596236 2.56283 1
0.607182 0.527688 20496 0
0.261905 -0.00423469 2.59598 1
0.590052 0.501941 20760 0
-0.0337474 -0.502921 2.51893 1
0.488041 0.737617 20144 0
-0.0725705 -0.611467 2.16819 1
0.470124 0.835635 17344 0
-0.105449 -0.859437 2.00961 1
0.453163 1.00897 16072 0
-0.0984383 -0.891238 1.93192 1
0.454519 1.04903 15448 0
0.154171 -0.506775 2.5442 1
0.554089 0.737059 20352 0
0.217443 -0.622313 2.16206 1
0.58977 0.842557 17296 0
0.257548 -0.827502 1.99564 1
0.615194 0.993492 15960 0
0.260353 -0.866755 1.91612 1
0.621281 1.03835 15328 0
40
0.054447 -0.431358 2.56501 1
0.518947 0.700143 20520 0
0.0482744 -0.400389 2.61844 1
0.516456 0.681984 20944 0
0.0359402 -0.155579 2.66021 1
0.512059 0.569603 21280 0
0.0219921 0.0473744 2.6501 1
0.507407 0.478725 21200 0
-0.135115 -0.259976 2.63181 1
0.454175 0.617563 21048 0
-0.203134 -0.463838 2.58415 1
0.429835 0.713619 20672 0
-0.178072 -0.574463 2.42939 1
0.434574 0.781422 19432 0
-0.165187 -0.597004 2.37567 1
0.437936 0.799077 19000 0
0.212958 -0.226655 2.68003 1
0.570927 0.600651 21440 0
0.390491 -0.220952 2.58541 1
0.634814 0.601709 20680 0
0.307457 -0.0597378 2.56291 1
0.607079 0.52774 20496 0
0.261253 -0.00453363 2.59592 1
0.589831 0.502078 20760 0
-0.0305778 -0.503709 2.51941 1
0.489167 0.737944 20152 0
-0.0725725 -0.611466 2.16821 1
0.470124 0.835633 17344 0
-0.107541 -0.858786 2.00866 1
0.452212 1.00883 16064 0
-0.100631 -0.890623 1.93096 1
0.453483 1.04893 15440 0
0.157415 -0.506624 2.54415 1
0.555228 0.736993 20352 0
0.217468 -0.622259 2.16216 1
0.589776 0.842512 17296 0
0.254524 -0.83006 1.99478 1
0.613891 0.99523 15952 0
0.260751 -0.869002 1.9133 1
0.621646 1.04054 15304 0
40
0.0541334 -0.431505 2.56474 1
0.51884 0.700232 20512 0
0.0479908 -0.400501 2.61814 1
0.516361 0.682055 20944 0
0.0357629 -0.155607 2.66045 1
0.511999 0.569609 21280 0
0.0216497 0.047352 2.65051 1
0.507291 0.478738 21200 0
-0.135198 -0.260158 2.63216 1
0.454153 0.61763 21056 0
-0.203135 -0.463752 2.58433 1
0.42984 0.713565 20672 0
-0.177175 -0.571592 2.42796 1
0.434865 0.780181 19416 0
-0.156584 -0.592473 2.36568 1
0.440919 0.79806 18920 0
0.212533 -0.226908 2.67999 1
0.570786 0.600765 21432 0
0.390518 -0.220993 2.58556 1
0.634816 0.601722 20680 0
0.307197 -0.0598462 2.56295 1
0.606987 0.52779 20496 0
0.26069 -0.00479026 2.59582 1
0.58964 0.502196 20760 0
-0.032629 -0.503904 2.51997 1
0.488443 0.737983 20152 0
-0.0725737 -0.611467 2.16822 1
0.470123 0.835631 17344 0
-0.109674 -0.858121 2.00748 1
0.451235 1.00873 16056 0
-0.102863 -0.889966 1.92977 1
0.452422 1.04886 15432 0
0.154076 -0.507649 2.54561 1
0.554025 0.737336 20360 0
0.217482 -0.622243 2.16221 1
0.58978 0.842495 17296 0
0.254212 -0.830981 1.99422 1
0.613783 0.995919 15952 0
0.262458 -0.869661 1.9113 1
0.62257 1.04152 15288 0
