51 20
40
0.28616 -0.0539773 2.02415 1
0.626189 0.531737 16192 0
0.323862 0.00873967 2.07698 1
0.639181 0.494992 16608 0
0.31435 0.394677 2.13336 1
0.631523 0.279824 17064 0
0.294285 0.571676 2.1509 1
0.622124 0.183683 17200 0
0.16667 0.261228 2.22713 1
0.566799 0.360406 17816 0
0.135999 0.0169612 2.2414 1
0.554159 0.490994 17928 0
0.106617 -0.193457 2.20061 1
0.543245 0.604625 17600 0
0.0838209 -0.274869 2.18405 1
0.534257 0.64978 17472 0
0.425882 0.263163 1.99021 1
0.691005 0.342631 15920 0
0.518519 0.317883 1.79556 1
0.757762 0.289302 14360 0
0.465023 0.492101 1.80989 1
0.729338 0.176411 14472 0
0.476229 0.567176 1.85213 1
0.729508 0.135549 14816 0
0.217281 -0.134622 2.05039 1
0.594589 0.57814 16400 0
0.261592 -0.542023 2.08013 1
0.61225 0.810113 16640 0
0.300652 -0.787389 2.07648 1
0.629238 0.951289 16608 0
0.263522 -0.854429 2.05808 1
0.61429 0.994091 16464 0
0.346646 -0.112494 1.95953 1
0.657902 0.568324 15672 0
0.391906 -0.442582 1.9033 1
0.683793 0.776745 15224 0
0.481641 -0.696234 1.85801 1
0.731382 0.945965 14864 0
0.459493 -0.756276 1.81872 1
0.72551 0.994887 14544 0
40
0.278202 -0.0507957 2.03042 1
0.622301 0.529774 16240 0
0.315852 0.0110537 2.08334 1
0.635325 0.493685 16664 0
0.308009 0.394572 2.13846 1
0.628563 0.280408 17104 0
0.289329 0.57199 2.15506 1
0.619836 0.184121 17240 0
0.158683 0.25899 2.22972 1
0.563523 0.361763 17832 0
0.129993 0.0145414 2.24276 1
0.551736 0.492284 17936 0
0.103125 -0.193444 2.19691 1
0.541899 0.604794 17568 0
0.0810498 -0.27471 2.17686 1
0.533233 0.650188 17408 0
0.421718 0.266515 1.99684 1
0.688509 0.341156 15968 0
0.515303 0.320735 1.80446 1
0.754899 0.288461 14432 0
0.459251 0.495311 1.82247 1
0.724927 0.176548 14576 0
0.468181 0.569746 1.86692 1
0.723842 0.136798 14928 0
0.207726 -0.133519 2.05706 1
0.590136 0.577248 16456 0
0.256975 -0.541035 2.08138 1
0.610203 0.809361 16648 0
0.30013 -0.787587 2.0772 1
0.628969 0.951244 16616 0
0.262996 -0.85483 2.05902 1
0.61401 0.994097 16472 0
0.340169 -0.109473 1.96456 1
0.654555 0.566319 15712 0
0.382288 -0.438679 1.9022 1
0.679386 0.774463 15216 0
0.467176 -0.698889 1.85421 1
0.724892 0.948581 14832 0
0.451353 -0.755279 1.81058 1
0.722511 0.996458 14480 0
40
0.271474 -0.0478006 2.03567 1
0.619035 0.527946 16280 0
0.309067 0.0133232 2.08868 1
0.632079 0.492408 16704 0
0.301845 0.394643 2.14346 1
0.625696 0.280881 17144 0
0.284914 0.572469 2.1589 1
0.617797 0.184419 17264 0
0.151242 0.257189 2.23313 1
0.560452 0.362933 17864 0
0.124693 0.0124406 2.24387 1
0.549602 0.493402 17944 0
0.0999144 -0.193195 2.19324 1
0.540663 0.604834 17544 0
0.0786955 -0.274141 2.16995 1
0.532371 0.650354 17352 0
0.41879 0.268955 2.00166 1
0.686749 0.340088 16008 0
0.512431 0.323626 1.81141 1
0.752507 0.287373 14488 0
0.454866 0.498342 1.83338 1
0.721454 0.176506 14664 0
0.462571 0.572218 1.87863 1
0.719781 0.137497 15024 0
0.200129 -0.132157 2.06225 1
0.586621 0.576268 16496 0
0.251236 -0.541466 2.08315 1
0.60765 0.809345 16664 0
0.299545 -0.787852 2.07789 1
0.628675 0.951247 16616 0
0.262779 -0.855466 2.05971 1
0.613878 0.9943 16472 0
0.334405 -0.106668 1.96898 1
0.651595 0.564474 15744 0
0.372759 -0.435436 1.90067 1
0.675056 0.772653 15200 0
0.449932 -0.702216 1.85059 1
0.717015 0.951598 14800 0
0.402703 -0.749248 1.81118 1
0.698462 0.992331 14488 0
40
0.265918 -0.0452441 2.03973 1
0.616366 0.526399 16312 0
0.303576 0.0152255 2.09275 1
0.62948 0.491341 16736 0
0.296882 0.394631 2.14741 1
0.623402 0.28129 17176 0
0.279892 0.572931 2.16291 1
0.615506 0.184749 17296 0
0.145075 0.255604 2.23629 1
0.557905 0.363971 17888 0
0.120247 0.010485 2.24462 1
0.547818 0.494441 17952 0
0.0963058 -0.192163 2.18926 1
0.539265 0.604463 17512 0
0.0764543 -0.272867 2.16382 1
0.531538 0.65008 17304 0
0.416607 0.270591 2.00513 1
0.685455 0.339393 16040 0
0.509424 0.327179 1.81746 1
0.750189 0.285754 14536 0
0.451306 0.50178 1.84341 1
0.718526 0.176046 14744 0
0.457866 0.5749 1.89017 1
0.716218 0.13802 15120 0
0.193409 -0.130601 2.06651 1
0.58354 0.575215 16528 0
0.245852 -0.542247 2.08444 1
0.605278 0.809599 16672 0
0.298887 -0.788155 2.07846 1
0.628357 0.951297 16624 0
0.263183 -0.856627 2.06032 1
0.614018 0.994822 16480 0
0.329724 -0.104447 1.97227 1
0.649224 0.563027 15776 0
0.365089 -0.434001 1.89925 1
0.671582 0.771957 15192 0
0.439065 -0.705014 1.84946 1
0.711904 0.953676 14792 0
0.371182 -0.74241 1.81191 1
0.682854 0.98764 14488 0
40
0.261669 -0.043494 2.04267 1
0.614343 0.525341 16336 0
0.299268 0.0165342 2.09581 1
0.627456 0.490611 16760 0
0.292288 0.394634 2.15133 1
0.621271 0.281687 17208 0
0.275625 0.5732 2.16631 1
0.613567 0.185096 17328 0
0.139979 0.254367 2.23919 1
0.555799 0.364804 17912 0
0.115818 0.00866357 2.2447 1
0.546055 0.495407 17952 0
0.0925378 -0.190552 2.18562 1
0.537792 0.60376 17480 0
0.0736151 -0.270812 2.15833 1
0.530444 0.649329 17264 0
0.413763 0.271791 2.00894 1
0.683839 0.338987 16064 0
0.506621 0.330325 1.82218 1
0.748168 0.284254 14576 0
0.453105 0.508344 1.86659 1
0.716673 0.175883 14928 0
0.456769 0.566952 1.91332 1
0.71309 0.147343 15304 0
0.188708 -0.12962 2.06936 1
0.581397 0.574547 16552 0
0.235096 -0.548026 2.08848 1
0.600477 0.812294 16704 0
0.297014 -0.788798 2.07912 1
0.627512 0.951522 16632 0
0.264462 -0.858154 2.06067 1
0.614554 0.995621 16480 0
0.325609 -0.102654 1.97487 1
0.647167 0.561863 15792 0
0.355648 -0.433943 1.89688 1
0.667353 0.77226 15168 0
0.417726 -0.706825 1.84881 1
0.701675 0.955 14784 0
0.340377 -0.738501 1.81481 1
0.66741 0.984297 14512 0
40
0.257534 -0.0415679 2.04531 1
0.61239 0.524188 16360 0
0.295171 0.0179203 2.09856 1
0.625547 0.489837 16784 0
0.288225 0.394543 2.15493 1
0.619386 0.282101 17232 0
0.271266 0.573239 2.16961 1
0.611601 0.185553 17352 0
0.136454 0.253743 2.24122 1
0.554344 0.365258 17928 0
0.112012 0.00752735 2.2447 1
0.544541 0.496009 17952 0
0.0890071 -0.189235 2.18267 1
0.536399 0.603183 17456 0
0.0706791 -0.269013 2.15397 1
0.529289 0.648637 17224 0
0.411681 0.272647 2.01178 1
0.682656 0.338708 16088 0
0.503872 0.333177 1.82617 1
0.746283 0.282866 14608 0
0.453836 0.511183 1.87673 1
0.715849 0.175835 15008 0
0.451259 0.558566 1.92769 1
0.70895 0.155151 15416 0
0.184244 -0.128498 2.07205 1
0.579368 0.573805 16576 0
0.226461 -0.550958 2.09177 1
0.596635 0.813471 16728 0
0.290632 -0.790197 2.08066 1
0.62468 0.951988 16640 0
0.237162 -0.840253 2.03329 1
0.604112 0.991818 16264 0
0.321641 -0.100859 1.97682 1
0.645231 0.560721 15808 0
0.345069 -0.433153 1.89548 1
0.662496 0.771967 15160 0
0.399138 -0.706538 1.84837 1
0.692747 0.954924 14784 0
0.326593 -0.738911 1.81481 1
0.660631 0.984566 14512 0
40
0.254061 -0.0398736 2.0473 1
0.610767 0.523179 16376 0
0.29187 0.0190671 2.10059 1
0.624023 0.489197 16800 0
0.285281 0.394356 2.15753 1
0.618024 0.282468 17256 0
0.266551 0.573295 2.1728 1
0.6095 0.185985 17376 0
0.133118 0.252839 2.24323 1
0.552968 0.365859 17944 0
0.108158 0.00605546 2.2446 1
0.54301 0.496789 17952 0
0.0850245 -0.187488 2.18033 1
0.534808 0.60234 17440 0
0.0676072 -0.266968 2.15076 1
0.528058 0.647727 17200 0
0.409306 0.272998 2.01443 1
0.681364 0.338713 16112 0
0.501269 0.335581 1.82939 1
0.744578 0.281686 14632 0
0.453979 0.51304 1.88326 1
0.715169 0.175785 15064 0
0.448111 0.555007 1.93532 1
0.706674 0.158699 15480 0
0.180539 -0.127624 2.07431 1
0.577688 0.573224 16592 0
0.21903 -0.553996 2.09489 1
0.593325 0.814729 16752 0
0.282955 -0.79208 2.08283 1
0.62126 0.952593 16656 0
0.220256 -0.831856 2.02042 1
0.597306 0.990004 16160 0
0.317754 -0.0991566 1.9779 1
0.643397 0.559664 15816 0
0.3336 -0.432599 1.89481 1
0.65715 0.771714 15152 0
0.384164 -0.705704 1.84785 1
0.685568 0.954514 14776 0
0.316445 -0.739553 1.81448 1
0.655668 0.985075 14512 0
40
0.251137 -0.0385874 2.04874 1
0.609415 0.522416 16384 0
0.28905 0.0199257 2.10212 1
0.622735 0.488719 16816 0
0.282374 0.394073 2.1602 1
0.616677 0.282892 17280 0
0.263 0.573299 2.17527 1
0.607919 0.18634 17400 0
0.130682 0.252228 2.24475 1
0.551964 0.366273 17952 0
0.104479 0.00495865 2.24443 1
0.54155 0.497371 17952 0
0.0809203 -0.186116 2.17873 1
0.533152 0.601665 17424 0
0.0639911 -0.26519 2.14852 1
0.526585 0.646896 17184 0
0.406056 0.272939 2.01712 1
0.679683 0.338963 16136 0
0.498452 0.337728 1.83199 1
0.742859 0.2806 14648 0
0.453906 0.514233 1.88752 1
0.714649 0.175764 15096 0
0.445401 0.552606 1.94001 1
0.704928 0.160996 15520 0
0.177697 -0.126947 2.07593 1
0.576405 0.572778 16600 0
0.2129 -0.556556 2.09779 1
0.590588 0.815748 16776 0
0.272864 -0.795625 2.08588 1
0.616765 0.953954 16680 0
0.268632 -0.851926 2.04565 1
0.617214 0.995635 16360 0
0.314041 -0.0976838 1.9785 1
0.641679 0.55876 15824 0
0.323534 -0.432778 1.89404 1
0.65247 0.771937 15152 0
0.370688 -0.705335 1.84758 1
0.679085 0.954344 14776 0
0.308265 -0.743788 1.81516 1
0.651587 0.987672 14520 0
40
0.247611 -0.0361806 2.05025 1
0.6078 0.521002 16400 0
0.286097 0.0213657 2.10354 1
0.6214 0.487912 16824 0
0.280249 0.393864 2.16219 1
0.615692 0.283207 17296 0
0.258796 0.573145 2.17786 1
0.606067 0.186796 17416 0
0.128279 0.251389 2.24644 1
0.55097 0.366818 17968 0
0.10088 0.00387861 2.2447 1
0.540115 0.497944 17952 0
0.0772597 -0.18493 2.1781 1
0.531661 0.601046 17424 0
0.0601253 -0.263481 2.14757 1
0.52499 0.646014 17176 0
0.402681 0.272495 2.01925 1
0.678002 0.339394 16152 0
0.495731 0.339439 1.83393 1
0.741277 0.279722 14664 0
0.453826 0.515091 1.89058 1
0.714263 0.175749 15120 0
0.44354 0.550955 1.94306 1
0.703751 0.16254 15544 0
0.174527 -0.125362 2.07791 1
0.57497 0.571801 16616 0
0.205689 -0.556656 2.10166 1
0.587358 0.815222 16808 0
0.259878 -0.798167 2.0891 1
0.611036 0.954703 16712 0
0.223408 -0.84139 2.03177 1
0.598148 0.992852 16248 0
0.30943 -0.0953724 1.97846 1
0.639601 0.55737 15824 0
0.314061 -0.433011 1.89319 1
0.648073 0.772206 15144 0
0.3529 -0.704127 1.84677 1
0.670566 0.953764 14768 0
0.294627 -0.748434 1.81876 1
0.644594 0.989745 14544 0
40
0.244466 -0.0350432 2.05114 1
0.606384 0.520333 16408 0
0.283405 0.0220494 2.10446 1
0.620205 0.48753 16832 0
0.278343 0.393573 2.16388 1
0.614815 0.283537 17304 0
0.255551 0.572775 2.17976 1
0.604646 0.18727 17432 0
0.126558 0.250781 2.24757 1
0.550261 0.367207 17976 0
0.0976275 0.00295565 2.24538 1
0.538809 0.498433 17960 0
0.0735544 -0.184139 2.17831 1
0.53014 0.600605 17424 0
0.0552965 -0.262125 2.14809 1
0.522977 0.645228 17184 0
0.39835 0.271274 2.02085 1
0.675948 0.340241 16160 0
0.492547 0.340995 1.83539 1
0.739537 0.278889 14680 0
0.453685 0.51571 1.89281 1
0.713945 0.175741 15136 0
0.44132 0.549594 1.94482 1
0.702548 0.163677 15552 0
0.171934 -0.124882 2.0792 1
0.573811 0.571482 16632 0
0.197784 -0.553349 2.1054 1
0.583851 0.812793 16840 0
0.247094 -0.800307 2.09193 1
0.605431 0.955304 16728 0
0.190841 -0.837219 2.02706 1
0.584035 0.991546 16216 0
0.304923 -0.0938604 1.97806 1
0.637596 0.556472 15824 0
0.306979 -0.432907 1.89246 1
0.644789 0.772245 15136 0
0.339173 -0.703178 1.84618 1
0.663984 0.953298 14768 0
0.273387 -0.748321 1.83093 1
0.633278 0.986416 14640 0
40
0.241652 -0.0343258 2.05158 1
0.605137 0.519912 16408 0
0.281121 0.0224882 2.10494 1
0.619209 0.487285 16832 0
0.276769 0.393444 2.16529 1
0.614092 0.283748 17320 0
0.25307 0.572459 2.18136 1
0.603554 0.187673 17448 0
0.125218 0.2503 2.24843 1
0.54971 0.367513 17984 0
0.0946199 0.00227564 2.24663 1
0.537593 0.498794 17968 0
0.069658 -0.183906 2.17937 1
0.52853 0.600429 17432 0
0.0496065 -0.261597 2.15048 1
0.52059 0.644774 17200 0
0.392016 0.269174 2.02157 1
0.673089 0.341534 16168 0
0.488903 0.342367 1.83638 1
0.737637 0.278118 14688 0
0.453074 0.516151 1.89398 1
0.713525 0.175665 15144 0
0.440376 0.549064 1.94567 1
0.702026 0.164149 15560 0
0.169781 -0.124453 2.07994 1
0.57286 0.571211 16632 0
0.189492 -0.54573 2.109 1
0.580199 0.80796 16864 0
0.236146 -0.800921 2.09406 1
0.600657 0.955191 16752 0
0.228388 -0.790222 2.00323 1
0.601765 0.969474 16024 0
0.300446 -0.0928085 1.97752 1
0.635613 0.555855 15816 0
0.30162 -0.432559 1.89187 1
0.642306 0.77211 15128 0
0.331321 -0.702628 1.84592 1
0.66021 0.953007 14760 0
0.263475 -0.748342 1.83635 1
0.628068 0.984996 14688 0
40
0.239121 -0.0339864 2.05154 1
0.604038 0.519716 16408 0
0.279205 0.0227161 2.10501 1
0.618392 0.487157 16840 0
0.275579 0.393438 2.16637 1
0.613545 0.283859 17328 0
0.250749 0.572257 2.18293 1
0.60253 0.188008 17456 0
0.124253 0.249978 2.24904 1
0.549313 0.367719 17992 0
0.0919865 0.00196859 2.24838 1
0.536518 0.498958 17984 0
0.0655237 -0.18471 2.1817 1
0.526808 0.60076 17448 0
0.0440551 -0.262278 2.15411 1
0.518255 0.644906 17232 0
0.385432 0.266991 2.02105 1
0.670225 0.342779 16168 0
0.484816 0.343401 1.83684 1
0.735592 0.277503 14688 0
0.451374 0.516415 1.8937 1
0.712755 0.175451 15144 0
0.440742 0.549098 1.94492 1
0.702273 0.163998 15552 0
0.167932 -0.123987 2.08011 1
0.572061 0.570938 16640 0
0.182868 -0.538697 2.11189 1
0.577289 0.803575 16888 0
0.22334 -0.797229 2.09791 1
0.595024 0.95226 16776 0
0.242829 -0.76265 1.99534 1
0.608627 0.954883 15960 0
0.296368 -0.0922302 1.9768 1
0.63382 0.555527 15808 0
0.297357 -0.431905 1.89137 1
0.640331 0.771771 15128 0
0.323458 -0.701978 1.84589 1
0.656411 0.952596 14760 0
0.25423 -0.747684 1.84081 1
0.623274 0.983396 14720 0
40
0.235257 -0.0336343 2.05118 1
0.602375 0.519515 16408 0
0.27643 0.0229782 2.10472 1
0.617232 0.487007 16832 0
0.274552 0.393592 2.16727 1
0.613074 0.283865 17336 0
0.249059 0.572224 2.18435 1
0.601773 0.188228 17472 0
0.123566 0.249763 2.24946 1
0.549031 0.367858 17992 0
0.0895695 0.0020856 2.25098 1
0.535518 0.498897 18000 0
0.0614552 -0.186114 2.18634 1
0.52509 0.60131 17488 0
0.0388626 -0.263506 2.15994 1
0.51606 0.645192 17272 0
0.37961 0.265059 2.01972 1
0.667765 0.343813 16152 0
0.477787 0.34433 1.83596 1
0.732287 0.276795 14680 0
0.448953 0.516728 1.89222 1
0.711779 0.175001 15136 0
0.434514 0.551657 1.93896 1
0.700027 0.161396 15504 0
0.164495 -0.122456 2.08002 1
0.570589 0.570066 16640 0
0.179209 -0.535304 2.11344 1
0.575687 0.801442 16904 0
0.217199 -0.795791 2.09974 1
0.592331 0.951052 16792 0
0.248714 -0.751799 1.99192 1
0.61145 0.949182 15928 0
0.289585 -0.0917678 1.97589 1
0.630818 0.555274 15800 0
0.294305 -0.431361 1.89105 1
0.638915 0.771476 15128 0
0.318129 -0.701549 1.84597 1
0.653827 0.952299 14760 0
0.249007 -0.747506 1.84318 1
0.620587 0.982659 14744 0
40
0.230993 -0.0334102 2.0505 1
0.600552 0.519391 16400 0
0.273413 0.0231652 2.10402 1
0.615991 0.486897 16832 0
0.273727 0.393791 2.16796 1
0.612699 0.283824 17336 0
0.247678 0.572209 2.18554 1
0.601154 0.188407 17480 0
0.12306 0.249627 2.24977 1
0.548824 0.367948 17992 0
0.0875941 0.00251995 2.25402 1
0.534687 0.498669 18032 0
0.0581241 -0.187549 2.19146 1
0.523674 0.601853 17528 0
0.0343447 -0.265425 2.16821 1
0.514139 0.645691 17344 0
0.373206 0.26338 2.0176 1
0.665108 0.34464 16136 0
0.466154 0.345101 1.83259 1
0.727048 0.275884 14656 0
0.444418 0.516917 1.88925 1
0.70997 0.17437 15112 0
0.42906 0.553056 1.93496 1
0.697925 0.159835 15472 0
0.160758 -0.120551 2.07965 1
0.568998 0.568988 16632 0
0.165677 -0.481389 2.1091 1
0.570116 0.771639 16872 0
0.205421 -0.771472 2.10241 1
0.587213 0.936713 16816 0
0.243607 -0.734369 1.98969 1
0.609284 0.939259 15912 0
0.282771 -0.0914175 1.97499 1
0.627798 0.555088 15792 0
0.288166 -0.430538 1.89378 1
0.635821 0.770567 15144 0
0.314144 -0.701239 1.84615 1
0.651885 0.952055 14768 0
0.236993 -0.7433 1.84843 1
0.614442 0.978579 14784 0
40
0.226273 -0.032593 2.04968 1
0.598537 0.518925 16392 0
0.270224 0.0237399 2.10289 1
0.614699 0.486564 16816 0
0.273036 0.394032 2.16846 1
0.612389 0.283742 17344 0
0.246417 0.572239 2.18655 1
0.600592 0.188534 17488 0
0.122644 0.249731 2.25011 1
0.548652 0.367912 18000 0
0.0848697 0.00987465 2.26378 1
0.533464 0.494809 18104 0
0.0554676 -0.18903 2.20123 1
0.522492 0.602201 17608 0
0.031043 -0.267335 2.18123 1
0.512703 0.645864 17448 0
0.363886 0.260986 2.01194 1
0.661437 0.345619 16088 0
0.453515 0.345839 1.82852 1
0.721383 0.274905 14624 0
0.415908 0.520045 1.86495 1
0.69906 0.168132 14912 0
0.409811 0.557752 1.91766 1
0.690751 0.153851 15336 0
0.156898 -0.118239 2.07951 1
0.567346 0.56767 16632 0
0.158625 -0.449052 2.10616 1
0.567226 0.753746 16848 0
0.198094 -0.755581 2.10479 1
0.584007 0.927232 16832 0
0.241995 -0.724921 1.99017 1
0.608535 0.933503 15920 0
0.274827 -0.0902418 1.97323 1
0.624318 0.554428 15784 0
0.283671 -0.42983 1.89529 1
0.633596 0.769906 15160 0
0.311357 -0.701066 1.8463 1
0.650525 0.951906 14768 0
0.231352 -0.741611 1.85065 1
0.611584 0.97692 14800 0
40
0.221887 -0.0307368 2.04825 1
0.596695 0.517859 16384 0
0.267057 0.0252954 2.10091 1
0.613462 0.485671 16800 0
0.272227 0.394709 2.16872 1
0.612042 0.283396 17344 0
0.245281 0.572398 2.18743 1
0.600088 0.188572 17496 0
0.122304 0.25028 2.25039 1
0.54851 0.367639 18000 0
0.0833187 0.0161207 2.27152 1
0.53274 0.491554 18168 0
0.0543045 -0.190277 2.21084 1
0.521925 0.602429 17680 0
0.0292502 -0.268819 2.19317 1
0.511904 0.645875 17544 0
0.354073 0.260652 2.00529 1
0.657605 0.345305 16040 0
0.436276 0.346443 1.82218 1
0.71371 0.273727 14576 0
0.404247 0.521697 1.85502 1
0.694514 0.165295 14840 0
0.392608 0.561895 1.90256 1
0.684194 0.148512 15216 0
0.153359 -0.114817 2.07904 1
0.565842 0.565725 16632 0
0.155147 -0.43443 2.10545 1
0.565774 0.745566 16840 0
0.19383 -0.743305 2.10649 1
0.582132 0.919952 16848 0
0.240462 -0.718626 1.99149 1
0.607776 0.929456 15928 0
0.268212 -0.0876568 1.97049 1
0.621495 0.552942 15760 0
0.279847 -0.428826 1.89665 1
0.6317 0.769083 15168 0
0.309215 -0.700941 1.84644 1
0.649479 0.951793 14768 0
0.228113 -0.740838 1.85196 1
0.609945 0.976086 14808 0
40
0.221306 -0.0209468 2.03989 1
0.596837 0.512221 16312 0
0.266152 0.0333021 2.09366 1
0.613469 0.48107 16744 0
0.271335 0.398659 2.1683 1
0.611697 0.281186 17344 0
0.227815 0.576593 2.19136 1
0.592795 0.186853 17528 0
0.121027 0.244698 2.24061 1
0.548213 0.370026 17920 0
0.0826649 0.0168848 2.27669 1
0.532409 0.491174 18208 0
0.0539409 -0.193345 2.22012 1
0.521687 0.603645 17760 0
0.0280288 -0.271611 2.20274 1
0.511358 0.646749 17616 0
0.347436 0.260074 1.99988 1
0.655069 0.345231 15992 0
0.410379 0.346911 1.81262 1
0.702084 0.272226 14496 0
0.39861 0.523637 1.84596 1
0.692744 0.162401 14760 0
0.384755 0.565305 1.89041 1
0.681669 0.144107 15120 0
0.154419 -0.0971774 2.07062 1
0.566566 0.555854 16560 0
0.152649 -0.416772 2.10345 1
0.564776 0.735808 16824 0
0.191228 -0.724194 2.10714 1
0.581005 0.90903 16856 0
0.238349 -0.711739 1.99335 1
0.606729 0.924941 15944 0
0.271482 -0.0731759 1.95512 1
0.623943 0.544544 15640 0
0.275996 -0.426338 1.89799 1
0.629796 0.767333 15176 0
0.307645 -0.70084 1.84654 1
0.648712 0.951704 14768 0
0.225932 -0.740272 1.85281 1
0.608843 0.975502 14816 0
40
0.221672 -0.0132208 2.03345 1
0.597304 0.507738 16264 0
0.266412 0.0418158 2.08678 1
0.613955 0.476152 16688 0
0.269689 0.412498 2.16462 1
0.611208 0.273206 17312 0
0.212969 0.578265 2.19414 1
0.586637 0.186344 17552 0
0.120224 0.243012 2.23573 1
0.547998 0.37064 17880 0
0.0828075 0.0166741 2.27991 1
0.53242 0.491296 18232 0
0.0542129 -0.197513 2.22808 1
0.521718 0.605501 17824 0
0.0274958 -0.275703 2.21152 1
0.511098 0.648369 17688 0
0.343189 0.260434 1.99584 1
0.653483 0.344703 15960 0
0.380999 0.350092 1.80035 1
0.688895 0.268571 14400 0
0.392777 0.526454 1.83603 1
0.690951 0.158749 14688 0
0.376782 0.569229 1.87808 1
0.679073 0.139284 15024 0
0.155296 -0.0874557 2.06599 1
0.567095 0.550379 16520 0
0.150926 -0.408465 2.10267 1
0.564069 0.731194 16816 0
0.19013 -0.71216 2.10728 1
0.580535 0.902205 16856 0
0.237018 -0.707418 1.99463 1
0.606065 0.922092 15952 0
0.273878 -0.0650595 1.94654 1
0.625588 0.539778 15568 0
0.273457 -0.427691 1.89762 1
0.628627 0.768234 15176 0
0.306459 -0.700768 1.8466 1
0.648133 0.951641 14768 0
0.224767 -0.739861 1.85317 1
0.60826 0.975146 14824 0
40
0.222165 -0.00813021 2.02902 1
0.597733 0.504769 16232 0
0.266857 0.0487953 2.08146 1
0.614436 0.4721 16648 0
0.263692 0.433777 2.15677 1
0.609131 0.260638 17248 0
0.20011 0.584298 2.1957 1
0.581348 0.183296 17560 0
0.117226 0.244486 2.22793 1
0.546965 0.369399 17816 0
0.0836673 0.0179029 2.28058 1
0.532746 0.490657 18240 0
0.0549824 -0.200729 2.23389 1
0.521969 0.60694 17864 0
0.027901 -0.279322 2.21906 1
0.511223 0.649806 17752 0
0.336844 0.264707 1.98846 1
0.651205 0.341569 15904 0
0.349686 0.359235 1.78373 1
0.674986 0.260314 14264 0
0.381418 0.531937 1.82558 1
0.686489 0.153222 14600 0
0.363199 0.575455 1.86612 1
0.673724 0.133001 14928 0
0.155896 -0.0819487 2.0633 1
0.567441 0.547269 16504 0
0.149685 -0.402656 2.10211 1
0.563559 0.727967 16816 0
0.189575 -0.704634 2.1073 1
0.580298 0.897951 16856 0
0.23618 -0.704613 1.99565 1
0.605636 0.920202 15960 0
0.27556 -0.0602664 1.94135 1
0.626697 0.536946 15528 0
0.271891 -0.427517 1.89727 1
0.627915 0.768174 15176 0
0.30549 -0.701014 1.84672 1
0.647655 0.95177 14768 0
0.223911 -0.739687 1.85313 1
0.607851 0.975044 14824 0
40
0.219125 -0.00187476 2.02659 1
0.596511 0.501101 16208 0
0.261917 0.0583808 2.0779 1
0.61251 0.466562 16616 0
0.247628 0.449611 2.14721 1
0.602939 0.250797 17176 0
0.165367 0.589412 2.20026 1
0.567086 0.181185 17600 0
0.105976 0.248099 2.21609 1
0.542685 0.366761 17728 0
0.0847214 0.0204068 2.28117 1
0.53315 0.489353 18248 0
0.0564099 -0.203705 2.23891 1
0.522489 0.608282 17904 0
0.0300501 -0.283204 2.22653 1
0.512047 0.651378 17808 0
0.323217 0.270987 1.97771 1
0.645876 0.336929 15816 0
0.334639 0.361185 1.77376 1
0.668398 0.257659 14184 0
0.371147 0.533722 1.81953 1
0.682071 0.150901 14552 0
0.351664 0.577405 1.85943 1
0.668811 0.130434 14872 0
0.148191 -0.0703279 2.06768 1
0.563972 0.54048 16536 0
0.12474 -0.390975 2.12311 1
0.552443 0.719163 16984 0
0.183094 -0.689567 2.11101 1
0.577417 0.888757 16888 0
0.223469 -0.694428 2.00859 1
0.599307 0.911461 16064 0
0.275643 -0.0574787 1.93845 1
0.626925 0.535289 15504 0
0.270803 -0.427283 1.89673 1
0.627439 0.768103 15168 0
0.304807 -0.70131 1.84683 1
0.647316 0.951934 14768 0
0.223253 -0.739526 1.85313 1
0.607534 0.974942 14824 0
40
0.210652 -0.0151339 2.01884 1
0.593136 0.508922 16144 0
0.248042 0.0326891 2.06557 1
0.607186 0.481165 16520 0
0.219592 0.362704 2.12534 1
0.592223 0.296897 17000 0
0.15096 0.538816 2.19184 1
0.561476 0.207434 17528 0
0.075367 0.175263 2.18643 1
0.530768 0.4046 17488 0
0.0903042 -0.00636135 2.29521 1
0.535119 0.503299 18360 0
0.0585455 -0.206834 2.24328 1
0.523295 0.609732 17944 0
0.0344611 -0.28784 2.23396 1
0.513769 0.653344 17864 0
0.292038 0.20102 1.9502 1
0.633664 0.377325 15600 0
0.29083 0.334885 1.78624 1
0.645329 0.276874 14288 0
0.331243 0.517322 1.81626 1
0.662788 0.161018 14528 0
0.310689 0.560279 1.85639 1
0.649386 0.140807 14848 0
0.140733 -0.0726907 2.06675 1
0.56078 0.541858 16528 0
0.148 -0.412281 2.07617 1
0.563629 0.736333 16608 0
0.184254 -0.687122 2.10888 1
0.577987 0.887771 16864 0
0.224636 -0.697643 2.0061 1
0.599949 0.913878 16048 0
0.27412 -0.0861936 1.92572 1
0.627058 0.553269 15400 0
0.270191 -0.433796 1.89376 1
0.627351 0.772618 15144 0
0.304467 -0.701726 1.84696 1
0.647142 0.952171 14768 0
0.222924 -0.739419 1.85297 1
0.607385 0.974914 14816 0
40
0.223425 -0.0184154 1.9894 1
0.600245 0.511017 15912 0
0.252311 0.0494057 2.02444 1
0.611246 0.470955 16192 0
0.260493 0.455386 1.95822 1
0.618738 0.223236 15664 0
0.278811 0.617435 1.96203 1
0.626841 0.125478 15696 0
0.21132 0.412508 1.82917 1
0.603119 0.231607 14632 0
0.173882 0.250527 1.99131 1
0.577942 0.35027 15928 0
0.125789 0.0327265 2.09714 1
0.553539 0.481428 16776 0
0.105664 -0.0483342 2.08944 1
0.545139 0.527531 16712 0
0.315626 0.259631 1.80451 1
0.656123 0.328766 14432 0
0.311995 0.422643 1.66631 1
0.667127 0.198137 13328 0
0.338699 0.603752 1.689 1
0.678994 0.0745754 13504 0
0.318226 0.64555 1.73038 1
0.664153 0.056002 13840 0
0.173872 -0.0567391 2.02859 1
0.576505 0.533287 16224 0
0.158813 -0.46418 2.09284 1
0.567734 0.763963 16736 0
0.193912 -0.687794 2.09884 1
0.582467 0.890006 16784 0
0.236611 -0.704463 1.98978 1
0.606141 0.921352 15912 0
0.271251 -0.0869307 1.9306 1
0.62541 0.553589 15440 0
0.270792 -0.439899 1.88954 1
0.627918 0.77707 15112 0
0.304669 -0.702691 1.84719 1
0.647222 0.952738 14776 0
0.222855 -0.739393 1.85272 1
0.607366 0.974962 14816 0
40
0.227799 -0.0147677 1.98831 1
0.602264 0.508839 15904 0
0.250273 0.0655858 2.04456 1
0.609262 0.461823 16352 0
0.280185 0.501792 2.11081 1
0.618481 0.217078 16880 0
0.244232 0.578039 1.9563 1
0.611435 0.148348 15648 0
0.228328 0.450867 1.94513 1
0.604777 0.224137 15560 0
0.176648 0.2516 2.02035 1
0.578043 0.35179 16160 0
0.136039 0.0367096 2.11696 1
0.557359 0.479362 16928 0
0.112974 -0.0291439 2.10989 1
0.547794 0.516439 16872 0
0.318699 0.281211 1.90495 1
0.649332 0.324312 15232 0
0.205119 0.353904 1.73976 1
0.605237 0.257904 13912 0
0.145898 0.55887 1.76859 1
0.573634 0.123923 14144 0
0.152814 0.6153 1.78379 1
0.576467 0.0894793 14264 0
0.192009 -0.0495143 2.03034 1
0.584413 0.529024 16240 0
0.161985 -0.493877 2.11324 1
0.568419 0.77814 16904 0
0.203441 -0.751867 2.09395 1
0.586721 0.927335 16744 0
0.24565 -0.745661 1.992 1
0.610073 0.945496 15936 0
0.267769 -0.0858135 1.93489 1
0.623526 0.552783 15472 0
0.271674 -0.444052 1.88635 1
0.628552 0.780159 15088 0
0.305104 -0.703773 1.84739 1
0.647416 0.953384 14776 0
0.222962 -0.739413 1.8524 1
0.607436 0.975057 14816 0
40
0.206939 0.00460252 2.01672 1
0.59159 0.497284 16128 0
0.225723 0.0886485 2.07623 1
0.597041 0.449185 16608 0
0.248651 0.538215 2.10309 1
0.605532 0.195427 16824 0
0.179541 0.593168 1.95069 1
0.582154 0.138105 15600 0
0.215687 0.521297 1.94287 1
0.599091 0.180675 15536 0
0.160958 0.346112 1.82759 1
0.578612 0.274612 14616 0
0.137698 0.14188 1.9829 1
0.561984 0.414845 15856 0
0.127502 0.0826763 1.98062 1
0.557461 0.450321 15840 0
0.305684 0.306899 1.88369 1
0.64485 0.306099 15064 0
0.122399 0.366868 1.72781 1
0.563232 0.247299 13816 0
0.0578484 0.587545 1.74232 1
0.529636 0.098666 13936 0
0.0383529 0.629142 1.78431 1
0.519186 0.0803656 14272 0
0.167498 -0.0189439 2.02845 1
0.573705 0.511115 16224 0
0.145099 -0.488655 2.14307 1
0.560434 0.771369 17144 0
0.203929 -0.72664 2.06703 1
0.588062 0.918375 16536 0
0.250646 -0.727017 1.9663 1
0.61378 0.940035 15728 0
0.246602 -0.0678826 1.99538 1
0.610313 0.540488 15960 0
0.272449 -0.445724 1.88464 1
0.629036 0.781469 15072 0
0.305929 -0.704795 1.84755 1
0.647801 0.954004 14776 0
0.2233 -0.739418 1.852 1
0.607622 0.975162 14808 0
40
0.201506 0.0137114 2.02676 1
0.588744 0.491949 16208 0
0.221231 0.09554 2.08494 1
0.594712 0.445464 16672 0
0.253976 0.526523 2.13254 1
0.606304 0.206159 17056 0
0.138021 0.608974 2.01364 1
0.561181 0.140077 16104 0
0.223966 0.508147 1.96595 1
0.601686 0.192384 15720 0
0.0940043 0.339979 1.7878 1
0.546933 0.273678 14296 0
0.104016 0.150533 1.94065 1
0.547842 0.407684 15520 0
0.090552 0.0905344 1.9371 1
0.541725 0.444377 15496 0
0.299921 0.327095 1.9047 1
0.640551 0.295619 15232 0
0.0569166 0.360537 1.7518 1
0.529001 0.255061 14008 0
-0.0169497 0.581728 1.76198 1
0.491414 0.107073 14088 0
-0.0420011 0.626742 1.7987 1
0.479157 0.0853106 14384 0
0.174074 -0.0172586 2.05936 1
0.575449 0.509974 16472 0
0.158705 -0.416139 2.0946 1
0.567631 0.736444 16752 0
0.203859 -0.709948 2.05361 1
0.588607 0.911434 16424 0
0.252425 -0.715666 1.95513 1
0.615242 0.93564 15640 0
0.230309 -0.0545072 1.9757 1
0.60405 0.532834 15800 0
0.288831 -0.409485 1.8736 1
0.6376 0.760107 14984 0
0.310579 -0.692718 1.8447 1
0.65028 0.946913 14752 0
0.223693 -0.73936 1.85156 1
0.607837 0.975238 14808 0
40
0.199493 0.0170873 2.03103 1
0.587673 0.489987 16248 0
0.220066 0.0977351 2.09052 1
0.593962 0.44436 16720 0
0.255504 0.522765 2.14906 1
0.606121 0.210499 17192 0
0.248164 0.645346 2.17409 1
0.601886 0.146729 17392 0
0.228703 0.514336 1.97585 1
0.603317 0.190196 15800 0
0.0794651 0.337667 1.78484 1
0.53974 0.274845 14272 0
0.0951961 0.143913 1.92876 1
0.544055 0.4112 15424 0
0.0826559 0.120391 1.91457 1
0.538535 0.425163 15312 0
0.298059 0.334961 1.91653 1
0.638817 0.291996 15328 0
0.0446852 0.355148 1.77184 1
0.522511 0.261451 14168 0
-0.117554 0.555403 1.73833 1
0.439639 0.119751 13904 0
-0.12573 0.6091 1.74099 1
0.435539 0.0836242 13920 0
0.178055 -0.0247835 2.07651 1
0.576537 0.514204 16608 0
0.16267 -0.395986 2.08094 1
0.569775 0.726471 16640 0
0.204612 -0.699113 2.05296 1
0.588962 0.905284 16416 0
0.252523 -0.706668 1.95808 1
0.615113 0.929514 15664 0
0.223426 -0.0522242 1.96497 1
0.601492 0.531631 15712 0
0.293023 -0.409567 1.8703 1
0.639844 0.760619 14960 0
0.311822 -0.693806 1.84476 1
0.650876 0.947601 14752 0
0.224079 -0.73932 1.85114 1
0.608048 0.97532 14808 0
40
0.199105 0.0154051 2.03393 1
0.587377 0.490986 16264 0
0.221105 0.0920139 2.09459 1
0.594222 0.447719 16752 0
0.256962 0.514727 2.15703 1
0.606333 0.216003 17256 0
0.244087 0.659446 2.20047 1
0.599011 0.143339 17600 0
0.226504 0.500223 1.9935 1
0.601418 0.201366 15944 0
0.0767125 0.318317 1.78568 1
0.538346 0.287847 14280 0
0.100724 0.12882 1.9303 1
0.546576 0.420576 15440 0
0.107854 0.0327559 2.00782 1
0.547947 0.480584 16056 0
0.296826 0.330437 1.93178 1
0.63715 0.296426 15448 0
0.0428553 0.347743 1.78944 1
0.521377 0.268723 14312 0
-0.156584 0.490063 1.70763 1
0.418152 0.158452 13656 0
-0.17602 0.550703 1.70795 1
0.40801 0.116261 13656 0
0.179704 -0.0399864 2.08365 1
0.576981 0.522839 16664 0
0.164571 -0.386852 2.07503 1
0.570791 0.721877 16600 0
0.205315 -0.694859 2.05315 1
0.58926 0.902781 16424 0
0.252562 -0.70368 1.96087 1
0.614967 0.927089 15680 0
0.219361 -0.0557768 1.9592 1
0.599938 0.533882 15672 0
0.295042 -0.412288 1.86872 1
0.640926 0.762572 14944 0
0.312999 -0.695415 1.84499 1
0.651427 0.948582 14752 0
0.228308 -0.740012 1.84942 1
0.610189 0.976206 14792 0
40
0.206087 0.0023488 2.02933 1
0.590647 0.498623 16232 0
0.226808 0.0780689 2.09226 1
0.59676 0.455593 16736 0
0.257391 0.509018 2.15981 1
0.606373 0.219515 17272 0
0.260256 0.667446 2.24082 1
0.603668 0.145512 17920 0
0.222625 0.4873 2.00525 1
0.599097 0.210785 16040 0
0.0311307 0.343911 1.80854 1
0.515364 0.273686 14464 0
-0.135099 0.384995 1.70203 1
0.42915 0.230797 13616 0
-0.182614 0.424778 1.69316 1
0.40373 0.201424 13544 0
0.297252 0.326607 1.94034 1
0.636741 0.299673 15520 0
0.0420342 0.335555 1.8016 1
0.520826 0.278334 14408 0
-0.178581 0.415399 1.68572 1
0.405441 0.206728 13480 0
-0.222467 0.462868 1.67187 1
0.381227 0.170506 13368 0
0.186536 -0.0636369 2.06923 1
0.580465 0.536601 16552 0
0.165965 -0.38406 2.07123 1
0.571522 0.72068 16568 0
0.205701 -0.693124 2.05526 1
0.589335 0.901362 16440 0
0.251914 -0.703286 1.96513 1
0.614423 0.925926 15720 0
0.221515 -0.0619736 1.95421 1
0.601178 0.537742 15632 0
0.29561 -0.415381 1.86818 1
0.641239 0.764618 14944 0
0.313849 -0.696264 1.84528 1
0.651814 0.949059 14760 0
0.233032 -0.740958 1.84778 1
0.612569 0.977239 14776 0
40
0.221763 -0.0243811 2.01132 1
0.598415 0.514427 16088 0
0.237492 0.050858 2.07761 1
0.602033 0.470867 16616 0
0.25544 0.502012 2.15776 1
0.605667 0.223112 17256 0
0.259771 0.663923 2.23805 1
0.603603 0.146947 17904 0
0.217301 0.476045 2.01202 1
0.596401 0.218416 16096 0
0.0138014 0.332295 1.82595 1
0.506747 0.283415 14600 0
-0.156192 0.389186 1.63973 1
0.414976 0.217527 13112 0
-0.220625 0.412063 1.63278 1
0.379391 0.19965 13056 0
0.298356 0.321973 1.94572 1
0.63687 0.303061 15560 0
0.0550308 0.309936 1.80761 1
0.527174 0.295939 14456 0
-0.179835 0.323263 1.66064 1
0.403339 0.268328 13280 0
-0.245913 0.37169 1.63705 1
0.365917 0.229784 13096 0
0.196549 -0.082759 2.02997 1
0.586424 0.54852 16232 0
0.166692 -0.384875 2.07111 1
0.57184 0.721161 16568 0
0.205738 -0.691863 2.0608 1
0.589111 0.899555 16480 0
0.250268 -0.703295 1.97266 1
0.613242 0.924304 15776 0
0.239438 -0.0773604 1.95278 1
0.609445 0.547148 15616 0
0.295377 -0.41883 1.86828 1
0.64112 0.766801 14944 0
0.314383 -0.696843 1.84556 1
0.652049 0.949366 14760 0
0.236713 -0.74174 1.84659 1
0.614421 0.97805 14768 0
40
0.237204 -0.0654621 1.99007 1
0.606392 0.539148 15920 0
0.222055 0.0144565 2.05393 1
0.5965 0.491623 16424 0
0.251115 0.492132 2.15209 1
0.604151 0.227847 17216 0
0.260595 0.655917 2.23491 1
0.604078 0.150714 17872 0
0.220553 0.367682 1.91178 1
0.602974 0.27111 15288 0
0.00145381 0.276685 1.77394 1
0.500732 0.314374 14184 0
-0.189671 0.290166 1.59846 1
0.394086 0.283958 12784 0
-0.284866 0.339849 1.56439 1
0.337464 0.241457 12512 0
0.300034 0.318102 1.9488 1
0.637423 0.305736 15584 0
0.0774852 0.275673 1.8017 1
0.538387 0.317902 14408 0
-0.162794 0.237506 1.64114 1
0.411459 0.327765 13128 0
-0.278079 0.251009 1.59301 1
0.344187 0.312474 12744 0
0.20374 -0.0940001 2.00698 1
0.590613 0.555741 16048 0
0.166764 -0.39101 2.07448 1
0.571754 0.724321 16592 0
0.205651 -0.692155 2.06724 1
0.588796 0.898478 16536 0
0.248661 -0.704394 1.97947 1
0.612128 0.923506 15832 0
0.255384 -0.09551 1.95211 1
0.616774 0.558229 15616 0
0.292588 -0.426791 1.86867 1
0.639758 0.771816 14944 0
0.314742 -0.697391 1.84584 1
0.6522 0.949651 14760 0
0.321593 -0.739731 1.80472 1
0.659056 0.987816 14432 0
40
0.243584 -0.085568 1.98024 1
0.609795 0.551426 15840 0
0.213859 -0.00525481 2.04208 1
0.593478 0.503062 16336 0
0.246436 0.479178 2.14527 1
0.602536 0.234168 17160 0
0.25602 0.643824 2.227 1
0.602614 0.155935 17808 0
0.220304 0.331579 1.88473 1
0.604334 0.290622 15072 0
0.00508143 0.232113 1.74603 1
0.502598 0.341787 13968 0
-0.216843 0.24096 1.54011 1
0.374325 0.313797 12320 0
-0.298947 0.25664 1.52213 1
0.324695 0.299339 12176 0
0.301663 0.314324 1.95013 1
0.638074 0.308174 15600 0
0.100728 0.238682 1.78867 1
0.550266 0.341189 14304 0
-0.134416 0.166804 1.63082 1
0.426431 0.378272 13040 0
-0.202214 0.173148 1.61221 1
0.388045 0.372183 12896 0
0.207692 -0.101872 1.99541 1
0.592905 0.56076 15960 0
0.166294 -0.402631 2.08082 1
0.571334 0.730285 16640 0
0.205251 -0.686667 2.0726 1
0.588394 0.894297 16576 0
0.247049 -0.701013 1.98394 1
0.61115 0.920524 15864 0
0.264234 -0.109162 1.95123 1
0.620874 0.566582 15608 0
0.288484 -0.441348 1.86924 1
0.637756 0.781002 14952 0
0.314933 -0.697908 1.84611 1
0.65227 0.949916 14768 0
0.375136 -0.738105 1.7776 1
0.688369 0.99417 14216 0
40
0.246728 -0.0973529 1.97441 1
0.611541 0.558682 15792 0
0.210084 -0.0169141 2.03547 1
0.592126 0.50989 16280 0
0.244619 0.465864 2.13981 1
0.60204 0.240895 17112 0
0.23183 0.623229 2.19884 1
0.594109 0.162676 17584 0
0.221112 0.309698 1.86711 1
0.605705 0.302594 14936 0
0.00816878 0.211424 1.73221 1
0.504209 0.35474 13856 0
-0.223025 0.202347 1.52194 1
0.369199 0.341769 12168 0
-0.306127 0.222728 1.50534 1
0.318482 0.323911 12040 0
0.30266 0.310181 1.94947 1
0.638577 0.310638 15592 0
0.123139 0.196007 1.77534 1
0.561911 0.368604 14200 0
-0.0950939 0.0732132 1.62134 1
0.447648 0.446259 12968 0
-0.179899 0.0707379 1.59823 1
0.399528 0.447325 12784 0
0.211498 -0.110085 1.98775 1
0.594973 0.565911 15896 0
0.164975 -0.44564 2.09809 1
0.570185 0.752786 16784 0
0.204742 -0.687155 2.07811 1
0.587941 0.893531 16624 0
0.2456 -0.701849 1.98836 1
0.610252 0.920088 15904 0
0.268501 -0.120222 1.94796 1
0.623033 0.573451 15576 0
0.287266 -0.456283 1.87059 1
0.637075 0.790301 14960 0
0.31641 -0.721426 1.84886 1
0.652757 0.964388 14784 0
0.400369 -0.769648 1.76811 1
0.702118 1.01805 14144 0
40
0.224263 -0.140586 1.97768 1
0.601217 0.584602 15816 0
0.189202 -0.0537606 2.03725 1
0.582896 0.531406 16296 0
0.244789 0.455771 2.13631 1
0.602278 0.246093 17088 0
0.210694 0.606046 2.17891 1
0.586311 0.168977 17424 0
0.221596 0.295972 1.85646 1
0.606544 0.310261 14848 0
0.0323952 0.178951 1.72131 1
0.516799 0.376272 13768 0
-0.198986 0.133028 1.52156 1
0.383268 0.395948 12168 0
-0.283042 0.153392 1.50222 1
0.331821 0.378476 12016 0
0.301986 0.304672 1.94606 1
0.638511 0.313676 15568 0
0.145376 0.150382 1.76503 1
0.573518 0.3986 14120 0
-0.0344921 -0.0213357 1.62093 1
0.481006 0.515665 12960 0
-0.125672 -0.0410422 1.59475 1
0.42966 0.530629 12752 0
0.19653 -0.152256 1.98586 1
0.588335 0.591247 15880 0
0.163503 -0.482827 2.11254 1
0.569083 0.772006 16896 0
0.204681 -0.687505 2.08128 1
0.587781 0.893131 16648 0
0.244989 -0.702305 1.99044 1
0.609863 0.919923 15920 0
0.244577 -0.151701 1.96183 1
0.611277 0.592028 15688 0
0.286652 -0.472884 1.87169 1
0.636702 0.800686 14968 0
0.317271 -0.745021 1.85248 1
0.652873 0.978638 14816 0
0.409756 -0.800671 1.7676 1
0.706917 1.03909 14136 0
40
0.21053 -0.112986 1.99192 1
0.59434 0.567506 15928 0
0.178144 -0.0454744 2.04169 1
0.577882 0.526508 16328 0
0.246817 0.39619 2.11777 1
0.604028 0.277353 16936 0
0.194083 0.563043 2.15961 1
0.580217 0.189717 17272 0
0.224009 0.260321 1.84496 1
0.608376 0.332075 14752 0
0.0635963 0.0952181 1.71275 1
0.533143 0.433836 13696 0
-0.127829 0.0221501 1.55286 1
0.426523 0.483024 12416 0
-0.21641 0.0393634 1.52613 1
0.373428 0.469303 12208 0
0.299611 0.299281 1.94243 1
0.637678 0.316631 15536 0
0.1727 0.104673 1.76408 1
0.587384 0.429383 14112 0
0.0171087 -0.0782356 1.63689 1
0.509329 0.556882 13088 0
-0.0491866 -0.0996633 1.6174 1
0.472855 0.573335 12936 0
0.188978 -0.170704 2.02426 1
0.583329 0.600362 16192 0
0.163708 -0.555506 2.13034 1
0.568592 0.810336 17040 0
0.207606 -0.754373 2.10025 1
0.588231 0.927472 16800 0
0.244457 -0.745012 2.00405 1
0.60888 0.942434 16032 0
0.222968 -0.154747 1.93228 1
0.602998 0.595312 15456 0
0.283755 -0.484157 1.87307 1
0.63522 0.807627 14984 0
0.319535 -0.760263 1.85283 1
0.653935 0.988339 14816 0
0.416901 -0.813828 1.76696 1
0.7106 1.04815 14128 0
40
0.234359 -0.130173 1.96026 1
0.606714 0.579031 15680 0
0.19555 -0.0646204 2.00817 1
0.586918 0.538297 16064 0
0.249123 0.336549 2.08982 1
0.606404 0.30834 16712 0
0.185536 0.526704 2.14165 1
0.577327 0.207308 17128 0
0.22646 0.218825 1.82853 1
0.610546 0.357575 14624 0
0.0978387 0.00370044 1.71505 1
0.55092 0.497432 13720 0
0.0613508 -0.161454 1.6419 1
0.533352 0.617029 13128 0
0.0717351 -0.217664 1.64575 1
0.538906 0.657404 13160 0
0.295579 0.294748 1.94004 1
0.635993 0.319186 15520 0
0.212347 0.0659496 1.76999 1
0.607085 0.455656 14152 0
0.110242 -0.163128 1.66449 1
0.559118 0.616637 13312 0
0.0750782 -0.214974 1.6473 1
0.540681 0.655312 13176 0
0.221189 -0.203884 1.99629 1
0.598899 0.621549 15968 0
0.206645 -0.63274 2.07575 1
0.58886 0.86278 16600 0
0.251301 -0.830404 2.04802 1
0.609525 0.982557 16384 0
0.306386 -0.842732 1.97664 1
0.638355 1.0074 15808 0
0.244882 -0.159039 1.89293 1
0.615472 0.599991 15136 0
0.282099 -0.490703 1.87351 1
0.6344 0.811712 14984 0
0.321139 -0.76995 1.85291 1
0.654701 0.994539 14816 0
0.42135 -0.827303 1.77085 1
0.71238 1.056 14160 0
40
0.222917 -0.121566 1.97487 1
0.600753 0.57326 15792 0
0.183583 -0.0456753 2.02099 1
0.581082 0.526897 16160 0
0.248595 0.39778 2.10346 1
0.60549 0.274939 16824 0
0.181547 0.551307 2.14175 1
0.575661 0.19365 17128 0
0.22694 0.241916 1.83519 1
0.610378 0.343117 14680 0
0.109664 0.0318568 1.74081 1
0.55623 0.478221 13920 0
0.113071 -0.146404 1.68918 1
0.559749 0.60315 13512 0
0.124642 -0.20736 1.68916 1
0.565864 0.646098 13512 0
0.291475 0.291099 1.93843 1
0.634216 0.321276 15504 0
0.258501 0.0358007 1.7914 1
0.628802 0.476216 14328 0
0.197857 -0.206111 1.70899 1
0.603339 0.643534 13664 0
0.174958 -0.287859 1.69208 1
0.592293 0.702466 13536 0
0.205915 -0.193005 2.02476 1
0.590775 0.613445 16192 0
0.171861 -0.578268 2.1099 1
0.572706 0.826181 16872 0
0.243036 -0.73497 1.88847 1
0.614872 0.963182 15104 0
0.310495 -0.765009 1.85477 1
0.649424 0.990873 14832 0
0.236002 -0.156219 1.89645 1
0.611078 0.598036 15168 0
0.280848 -0.493803 1.87335 1
0.633816 0.81371 14984 0
0.321711 -0.774966 1.85331 1
0.654943 0.997654 14824 0
0.420197 -0.833944 1.77778 1
0.710973 1.05828 14216 0
40
0.207898 -0.106642 1.98638 1
0.593421 0.563894 15888 0
0.171468 -0.0260271 2.03025 1
0.575386 0.515257 16240 0
0.248265 0.402528 2.10113 1
0.605467 0.272 16808 0
0.178635 0.558044 2.13929 1
0.574533 0.18955 17112 0
0.226652 0.262934 1.84192 1
0.609835 0.33011 14728 0
0.116918 0.0384278 1.75137 1
0.559588 0.473887 14008 0
0.133232 -0.136434 1.70786 1
0.569632 0.595074 13656 0
0.146581 -0.195907 1.7073 1
0.576634 0.636563 13656 0
0.287721 0.287898 1.93731 1
0.632564 0.32314 15496 0
0.302653 0.0192597 1.81821 1
0.648579 0.487393 14544 0
0.27297 -0.229101 1.7611 1
0.638352 0.654823 14088 0
0.284266 -0.313235 1.75282 1
0.644758 0.71268 14016 0
0.185895 -0.163962 2.03651 1
0.581477 0.595819 16288 0
0.162358 -0.504574 2.09612 1
0.569137 0.786484 16768 0
0.243343 -0.733186 1.8695 1
0.616184 0.966747 14952 0
0.314025 -0.761798 1.82787 1
0.653346 0.996006 14616 0
0.222091 -0.149384 1.90674 1
0.603966 0.59324 15248 0
0.279272 -0.495055 1.87254 1
0.633122 0.81464 14976 0
0.322152 -0.778623 1.85361 1
0.65513 0.99992 14824 0
0.417044 -0.836068 1.78532 1
0.708507 1.05734 14280 0
40
0.199839 -0.093349 1.99044 1
0.589616 0.555815 15920 0
0.164841 -0.0113447 2.03289 1
0.572378 0.506642 16256 0
0.247507 0.419569 2.10302 1
0.60505 0.262561 16824 0
0.17901 0.567872 2.13922 1
0.574692 0.184072 17112 0
0.226119 0.277061 1.8453 1
0.609376 0.32131 14760 0
0.11629 0.057717 1.7581 1
0.559041 0.460929 14064 0
0.142045 -0.127124 1.71443 1
0.573954 0.588247 13712 0
0.155132 -0.186985 1.71197 1
0.580883 0.629987 13688 0
0.284923 0.285597 1.93655 1
0.631326 0.324484 15488 0
0.349482 0.0180334 1.84397 1
0.669171 0.488361 14744 0
0.348782 -0.231949 1.79783 1
0.673165 0.653545 14376 0
0.388181 -0.345582 1.79532 1
0.692995 0.729087 14360 0
0.17456 -0.145153 2.04245 1
0.576286 0.58458 16336 0
0.159649 -0.557796 2.11951 1
0.567233 0.813208 16952 0
0.237181 -0.770201 1.87647 1
0.612822 0.988489 15008 0
0.294335 -0.754942 1.83239 1
0.643377 0.99033 14656 0
0.214051 -0.142902 1.90781 1
0.600147 0.589145 15256 0
0.27778 -0.49556 1.87171 1
0.632469 0.815101 14968 0
0.322522 -0.781296 1.85384 1
0.655289 1.00158 14824 0
0.413374 -0.834844 1.79204 1
0.705897 1.05444 14336 0
40
0.195965 -0.0873284 1.99218 1
0.587802 0.55217 15936 0
0.161593 -0.00450084 2.03388 1
0.570917 0.502634 16264 0
0.246659 0.426943 2.10224 1
0.604729 0.258298 16816 0
0.179489 0.573445 2.13775 1
0.574944 0.180753 17096 0
0.225268 0.285673 1.84608 1
0.608919 0.315833 14768 0
0.113362 0.071638 1.75914 1
0.55752 0.451534 14072 0
0.145535 -0.117418 1.71583 1
0.575709 0.581443 13720 0
0.158238 -0.179158 1.71133 1
0.582534 0.624594 13688 0
0.283227 0.283932 1.93589 1
0.630589 0.325448 15480 0
0.384505 0.0253205 1.86239 1
0.684282 0.483819 14896 0
0.422065 -0.215198 1.83075 1
0.705781 0.639895 14640 0
0.477149 -0.271632 1.85335 1
0.7298 0.674428 14824 0
0.169885 -0.138399 2.04469 1
0.574162 0.580556 16352 0
0.154562 -0.563136 2.12916 1
0.564796 0.814773 17032 0
0.231911 -0.788391 1.88352 1
0.609902 0.998153 15064 0
0.284743 -0.746624 1.82791 1
0.639044 0.986117 14616 0
0.209614 -0.138971 1.90878 1
0.598021 0.586648 15264 0
0.276043 -0.494917 1.87071 1
0.631712 0.814862 14960 0
0.322949 -0.782933 1.85407 1
0.655475 1.00256 14832 0
0.410348 -0.832987 1.79727 1
0.703795 1.05159 14376 0
40
0.193486 -0.0836135 1.99329 1
0.586643 0.549923 15944 0
0.159598 -0.000365066 2.03462 1
0.570016 0.500214 16272 0
0.245835 0.431322 2.1009 1
0.604446 0.255664 16800 0
0.180389 0.577216 2.13577 1
0.575389 0.178355 17080 0
0.22438 0.291381 1.84581 1
0.608505 0.312126 14760 0
0.109572 0.081913 1.75737 1
0.555653 0.444527 14056 0
0.128803 -0.09745 1.70415 1
0.567464 0.568056 13632 0
0.146647 -0.162506 1.70302 1
0.576861 0.613564 13624 0
0.282416 0.28256 1.93522 1
0.63026 0.326231 15480 0
0.411989 0.0350811 1.87982 1
0.695625 0.47779 15032 0
0.488429 -0.190422 1.86258 1
0.734067 0.621673 14896 0
0.535982 -0.231475 1.88719 1
0.753506 0.645976 15096 0
0.166772 -0.134263 2.04608 1
0.572754 0.578096 16368 0
0.152491 -0.571854 2.13682 1
0.563699 0.8185 17088 0
0.228751 -0.807595 1.89987 1
0.607472 1.0059 15192 0
0.269473 -0.744483 1.83688 1
0.630945 0.982356 14688 0
0.206774 -0.135916 1.91012 1
0.596625 0.584684 15280 0
0.274099 -0.492965 1.86959 1
0.630863 0.813807 14952 0
0.323382 -0.783394 1.85434 1
0.655661 1.00279 14832 0
0.407421 -0.830684 1.80093 1
0.701929 1.04895 14400 0
40
0.19178 -0.0811333 1.99407 1
0.585845 0.548423 15952 0
0.158375 0.00245608 2.03527 1
0.569457 0.498564 16280 0
0.244824 0.433982 2.09858 1
0.604132 0.253884 16784 0
0.180357 0.57924 2.13342 1
0.575459 0.176871 17064 0
0.223554 0.29533 1.84496 1
0.608156 0.309492 14752 0
0.105731 0.0892636 1.754 1
0.553806 0.439433 14024 0
0.11444 -0.0850712 1.69247 1
0.560354 0.559821 13536 0
0.128077 -0.147625 1.69002 1
0.567645 0.603959 13520 0
0.283951 0.280795 1.93401 1
0.63105 0.327209 15472 0
0.431948 0.0432226 1.89123 1
0.703864 0.472801 15128 0
0.560357 -0.169885 1.89867 1
0.763432 0.606487 15184 0
0.593667 -0.21195 1.92302 1
0.775558 0.631172 15384 0
0.164488 -0.131531 2.04678 1
0.571733 0.576481 16368 0
0.15136 -0.577658 2.14125 1
0.563095 0.821068 17128 0
0.226632 -0.819213 1.91253 1
0.605771 1.00978 15296 0
0.26251 -0.744974 1.84794 1
0.626798 0.979784 14776 0
0.205165 -0.133271 1.91195 1
0.595782 0.582957 15288 0
0.272155 -0.490513 1.86857 1
0.630005 0.812416 14944 0
0.323794 -0.78292 1.85468 1
0.655831 1.00239 14832 0
0.404474 -0.828114 1.80322 1
0.700214 1.04655 14424 0
40
0.190541 -0.0792191 1.99464 1
0.585266 0.547267 15952 0
0.157713 0.00454039 2.03586 1
0.569147 0.497346 16280 0
0.243556 0.434906 2.09462 1
0.603788 0.252894 16752 0
0.180219 0.580324 2.12987 1
0.575527 0.175728 17032 0
0.222693 0.298252 1.84343 1
0.607829 0.307447 14744 0
0.102036 0.0944945 1.74947 1
0.55206 0.435718 13992 0
0.103805 -0.0779415 1.68243 1
0.555072 0.555135 13456 0
0.115476 -0.1394 1.67978 1
0.561361 0.598765 13432 0
0.28879 0.279139 1.93281 1
0.633367 0.32812 15456 0
0.449257 0.0528214 1.90006 1
0.711048 0.466915 15200 0
0.584677 -0.153605 1.90871 1
0.773419 0.595776 15264 0
0.608537 -0.200855 1.93078 1
0.781324 0.623806 15440 0
0.162647 -0.129593 2.047 1
0.570923 0.575346 16368 0
0.15076 -0.581118 2.14383 1
0.56277 0.822602 17144 0
0.225374 -0.825752 1.92154 1
0.604691 1.01144 15368 0
0.257736 -0.745359 1.85442 1
0.624057 0.978355 14832 0
0.204627 -0.130502 1.91455 1
0.5954 0.581123 15312 0
0.270248 -0.48759 1.86762 1
0.62916 0.810712 14936 0
0.324028 -0.781571 1.85512 1
0.655907 1.00141 14840 0
0.40138 -0.82514 1.80467 1
0.698523 1.04415 14432 0
40
0.189746 -0.0777726 1.99496 1
0.584897 0.546396 15952 0
0.157666 0.00598241 2.03633 1
0.56911 0.496504 16288 0
0.24243 0.434655 2.09023 1
0.603525 0.252518 16720 0
0.179981 0.580793 2.12534 1
0.575588 0.174775 17000 0
0.221864 0.300382 1.84146 1
0.607542 0.305865 14728 0
0.0988851 0.0980734 1.74485 1
0.550586 0.433106 13952 0
0.0963972 -0.0738586 1.67474 1
0.551377 0.552486 13392 0
0.107117 -0.13472 1.67232 1
0.557173 0.595875 13376 0
0.296393 0.277739 1.93212 1
0.636927 0.328922 15456 0
0.461432 0.0596949 1.90558 1
0.71614 0.462718 15240 0
0.597084 -0.142974 1.91164 1
0.778794 0.589011 15288 0
0.627568 -0.185463 1.93502 1
0.789487 0.614068 15480 0
0.161429 -0.128507 2.04633 1
0.570414 0.574739 16368 0
0.150616 -0.583655 2.14518 1
0.56267 0.823806 17160 0
0.22465 -0.829626 1.92779 1
0.604016 1.01217 15416 0
0.255246 -0.745944 1.85877 1
0.622571 0.977609 14864 0
0.204871 -0.128228 1.91693 1
0.595396 0.579611 15328 0
0.268252 -0.483445 1.86676 1
0.628265 0.808213 14928 0
0.323978 -0.778891 1.85568 1
0.655835 0.999535 14840 0
0.398479 -0.822367 1.80549 1
0.697 1.04208 14440 0
40
0.189343 -0.0766212 1.99503 1
0.584714 0.545708 15960 0
0.158066 0.00696987 2.03666 1
0.569275 0.495927 16288 0
0.241624 0.433622 2.08574 1
0.603403 0.252575 16680 0
0.179574 0.580941 2.12007 1
0.575604 0.173882 16960 0
0.221131 0.301825 1.83904 1
0.607328 0.304676 14712 0
0.0962841 0.100292 1.74024 1
0.549386 0.431411 13920 0
0.0842026 -0.0326752 1.88875 1
0.539793 0.520589 15104 0
0.0741208 -0.111804 1.88634 1
0.535073 0.570539 15088 0
0.304774 0.276678 1.93185 1
0.640819 0.329551 15448 0
0.470832 0.0650854 1.90899 1
0.720149 0.459424 15264 0
0.610677 -0.136059 1.91348 1
0.784866 0.584624 15304 0
0.637458 -0.179024 1.93408 1
0.794192 0.610161 15472 0
0.160554 -0.127716 2.04504 1
0.570077 0.574325 16360 0
0.150842 -0.58528 2.14538 1
0.562758 0.824677 17160 0
0.224205 -0.831666 1.93208 1
0.603579 1.01229 15456 0
0.254192 -0.746336 1.86149 1
0.621886 0.977161 14888 0
0.205821 -0.1263 1.91914 1
0.595728 0.578323 15352 0
0.26685 -0.479989 1.86604 1
0.627644 0.806128 14928 0
0.323807 -0.776123 1.85626 1
0.655704 0.997604 14848 0
0.395997 -0.819998 1.80587 1
0.695731 1.0404 14440 0
40
0.189336 -0.0754404 1.99491 1
0.584716 0.545006 15952 0
0.158781 0.00777915 2.03688 1
0.56958 0.495455 16288 0
0.241275 0.432216 2.08183 1
0.603448 0.252914 16648 0
0.17976 0.580707 2.11395 1
0.575902 0.173071 16904 0
0.220613 0.302645 1.83651 1
0.607224 0.303875 14688 0
0.148484 0.168764 1.97021 1
0.56727 0.398056 15760 0
0.101889 -0.0243257 2.09021 1
0.54351 0.513851 16720 0
0.0845129 -0.106371 2.08819 1
0.536125 0.560624 16704 0
0.31225 0.27606 1.9319 1
0.644269 0.329936 15448 0
0.476747 0.068148 1.91101 1
0.722678 0.457559 15288 0
0.614407 -0.131314 1.90962 1
0.787185 0.581838 15272 0
0.639415 -0.175045 1.92736 1
0.796125 0.608089 15416 0
0.159943 -0.12676 2.0436 1
0.569859 0.573821 16344 0
0.151802 -0.585723 2.14355 1
0.563212 0.825201 17144 0
0.22405 -0.832345 1.93491 1
0.603356 1.01196 15472 0
0.257185 -0.747028 1.86398 1
0.623157 0.976966 14904 0
0.207361 -0.124406 1.92131 1
0.596335 0.577061 15368 0
0.266101 -0.475653 1.86529 1
0.627337 0.803484 14920 0
0.323323 -0.772515 1.85684 1
0.655423 0.995137 14848 0
0.393719 -0.81779 1.80594 1
0.694598 1.03893 14440 0
40
0.189558 -0.0744584 1.99467 1
0.584825 0.544426 15952 0
0.159643 0.00833199 2.03699 1
0.569955 0.495132 16288 0
0.24126 0.430431 2.07836 1
0.603614 0.253523 16624 0
0.180158 0.580184 2.10887 1
0.576253 0.172578 16864 0
0.220286 0.302858 1.83386 1
0.60722 0.303453 14664 0
0.157102 0.183622 2.01183 1
0.569702 0.391376 16088 0
0.0980854 -0.0183179 2.16404 1
0.540457 0.510074 17312 0
0.0672529 -0.100194 2.1608 1
0.527781 0.555185 17280 0
0.318255 0.275454 1.93206 1
0.647031 0.330324 15456 0
0.480499 0.0701321 1.91159 1
0.724363 0.456337 15288 0
0.60666 -0.131882 1.89676 1
0.785487 0.582749 15168 0
0.623664 -0.184454 1.90299 1
0.792528 0.615357 15216 0
0.15958 -0.126016 2.04217 1
0.569749 0.573439 16336 0
0.153236 -0.585599 2.14019 1
0.563909 0.825642 17120 0
0.224137 -0.832298 1.93667 1
0.603303 1.01147 15488 0
0.26173 -0.747752 1.8654 1
0.625238 0.977066 14920 0
0.208976 -0.122941 1.9231 1
0.596995 0.576083 15384 0
0.2657 -0.472047 1.86488 1
0.627172 0.80125 14912 0
0.322807 -0.769205 1.8573 1
0.655137 0.992894 14856 0
0.39192 -0.816114 1.80584 1
0.693719 1.03785 14440 0
40
0.189933 -0.0736168 1.99437 1
0.585006 0.54393 15952 0
0.160546 0.00870416 2.03703 1
0.570349 0.494915 16296 0
0.241484 0.428577 2.07562 1
0.603847 0.254262 16600 0
0.180888 0.579941 2.10486 1
0.576708 0.17209 16832 0
0.220144 0.302616 1.8314 1
0.607294 0.303347 14648 0
0.162734 0.186247 2.03697 1
0.57131 0.391183 16288 0
0.0906319 -0.0249819 2.15886 1
0.537472 0.513772 17264 0
0.0584613 -0.105553 2.15747 1
0.524187 0.558226 17256 0
0.322803 0.274819 1.93234 1
0.64911 0.33074 15456 0
0.480752 0.0702315 1.9084 1
0.724856 0.456202 15264 0
0.581201 -0.139826 1.8675 1
0.777791 0.589109 14936 0
0.598833 -0.203708 1.86807 1
0.786132 0.62978 14944 0
0.159391 -0.125431 2.04086 1
0.569711 0.573145 16320 0
0.155927 -0.585307 2.13292 1
0.565253 0.826589 17056 0
0.224746 -0.831602 1.93675 1
0.603579 1.01102 15488 0
0.266504 -0.747559 1.86506 1
0.627545 0.97703 14920 0
0.210427 -0.12186 1.92446 1
0.597599 0.57536 15392 0
0.265756 -0.469064 1.86453 1
0.627224 0.799403 14912 0
0.322256 -0.766354 1.85764 1
0.654844 0.990976 14856 0
0.390445 -0.814833 1.80566 1
0.69301 1.03706 14440 0
40
0.192219 -0.069468 1.99315 1
0.586082 0.54148 15944 0
0.212735 0.00938275 2.03453 1
0.593332 0.494511 16272 0
0.241863 0.426848 2.07361 1
0.604111 0.255016 16584 0
0.18204 0.579921 2.1014 1
0.577324 0.171563 16808 0
0.127912 0.264304 2.13746 1
0.553415 0.352837 17096 0
0.0937957 0.0614298 2.22947 1
0.537552 0.467208 17832 0
0.0270401 -0.155766 2.23578 1
0.510795 0.582916 17880 0
-0.00470818 -0.235154 2.23292 1
0.498118 0.625335 17856 0
0.326092 0.274325 1.93267 1
0.650604 0.331073 15456 0
0.471425 0.0647634 1.89679 1
0.721844 0.459365 15168 0
0.542441 -0.158635 1.83415 1
0.76398 0.602933 14672 0
0.558882 -0.227874 1.82939 1
0.77269 0.648245 14632 0
0.158203 -0.12503 2.03901 1
0.569255 0.572977 16312 0
0.159091 -0.586016 2.11665 1
0.567089 0.829498 16928 0
0.226008 -0.830167 1.93195 1
0.604419 1.0114 15448 0
0.272757 -0.746535 1.86207 1
0.630747 0.97714 14896 0
0.227817 -0.113808 1.92375 1
0.605704 0.570407 15384 0
0.266862 -0.466009 1.86403 1
0.627788 0.797533 14912 0
0.314285 -0.726031 1.85424 1
0.65129 0.965995 14832 0
0.275001 -0.760252 1.83734 1
0.633598 0.992448 14696 0
40
0.194238 -0.0660052 1.99214 1
0.58703 0.539432 15936 0
0.242516 0.00993133 2.03313 1
0.60647 0.494187 16264 0
0.242508 0.424866 2.07224 1
0.604458 0.255991 16576 0
0.183213 0.579925 2.09888 1
0.577915 0.171165 16784 0
0.113193 0.258501 2.18375 1
0.546267 0.359119 17464 0
0.0771118 0.0330053 2.27143 1
0.530302 0.482707 18168 0
0.00774468 -0.17908 2.23836 1
0.503088 0.595216 17904 0
-0.0291164 -0.256901 2.22789 1
0.488335 0.637235 17816 0
0.328521 0.273788 1.93301 1
0.651699 0.331433 15464 0
0.452846 0.0537414 1.87927 1
0.715088 0.465966 15032 0
0.493267 -0.172115 1.79867 1
0.744785 0.613883 14384 0
0.507872 -0.244322 1.79126 1
0.753075 0.662329 14328 0
0.156692 -0.124971 2.03717 1
0.568655 0.573009 16296 0
0.161215 -0.586768 2.10761 1
0.568276 0.831337 16856 0
0.227465 -0.829013 1.92711 1
0.605357 1.01197 15416 0
0.276288 -0.746291 1.86067 1
0.63254 0.977344 14880 0
0.237092 -0.109795 1.92323 1
0.610037 0.567943 15384 0
0.268099 -0.463816 1.86345 1
0.62842 0.796224 14904 0
0.313154 -0.72165 1.85413 1
0.650755 0.96321 14832 0
0.253603 -0.771436 1.82378 1
0.624118 1.00341 14584 0
40
0.196573 -0.063679 1.99089 1
0.588131 0.538066 15920 0
0.255334 0.00979342 2.03224 1
0.612147 0.494265 16256 0
0.243498 0.422616 2.07157 1
0.604918 0.257205 16568 0
0.184699 0.580011 2.09703 1
0.578616 0.170827 16776 0
0.105375 0.253951 2.21157 1
0.542529 0.36334 17688 0
0.0633719 0.0133111 2.26238 1
0.525003 0.492998 18096 0
-0.010656 -0.192676 2.21486 1
0.495706 0.603532 17712 0
-0.0473284 -0.269351 2.20461 1
0.480838 0.645405 17632 0
0.330255 0.273304 1.93338 1
0.652471 0.331763 15464 0
0.429896 0.0436667 1.85674 1
0.706665 0.472011 14848 0
0.436294 -0.187964 1.76522 1
0.720614 0.626726 14120 0
0.441672 -0.257112 1.75561 1
0.724557 0.674296 14040 0
0.15527 -0.126057 2.03414 1
0.568133 0.573753 16272 0
0.163448 -0.539283 2.07984 1
0.570146 0.808589 16632 0
0.229606 -0.791184 1.90768 1
0.607431 0.993589 15256 0
0.275909 -0.738998 1.84396 1
0.633557 0.976962 14744 0
0.244203 -0.108233 1.92246 1
0.613383 0.567003 15376 0
0.269369 -0.4624 1.86288 1
0.629068 0.79541 14896 0
0.312814 -0.722067 1.85442 1
0.650568 0.963407 14832 0
0.233741 -0.774545 1.81917 1
0.614688 1.00672 14552 0
40
0.198192 -0.0621843 1.98992 1
0.5889 0.537191 15912 0
0.262851 0.00981091 2.0318 1
0.615474 0.494253 16248 0
0.244953 0.42006 2.07165 1
0.605541 0.258683 16568 0
0.186435 0.580051 2.09577 1
0.579403 0.170605 16760 0
0.105499 0.252606 2.21176 1
0.542576 0.364075 17688 0
0.0561743 0.0035936 2.2526 1
0.522259 0.498101 18016 0
-0.0235541 -0.199548 2.18838 1
0.490393 0.608522 17504 0
-0.0614661 -0.273349 2.17233 1
0.474744 0.649756 17376 0
0.331571 0.272718 1.93393 1
0.653034 0.332172 15464 0
0.406939 0.0361762 1.83584 1
0.697856 0.476548 14680 0
0.373839 -0.206698 1.73564 1
0.692256 0.641733 13880 0
0.366545 -0.27204 1.72512 1
0.689653 0.687675 13800 0
0.15312 -0.127604 2.03085 1
0.567299 0.574779 16240 0
0.16947 -0.557563 2.08065 1
0.572702 0.818925 16640 0
0.241323 -0.763166 1.85991 1
0.615814 0.988337 14872 0
0.22019 -0.77224 1.79549 1
0.609464 1.01187 14360 0
0.248362 -0.107692 1.92193 1
0.615345 0.566687 15368 0
0.270608 -0.461495 1.86234 1
0.629698 0.794917 14896 0
0.313096 -0.725547 1.85486 1
0.650667 0.965529 14832 0
0.223096 -0.779528 1.8146 1
0.609739 1.01126 14512 0
